"player","player_id","position","team_name","player_game_count","allowed_pressure_dropbacks","ce_percent","declined_penalties","franchise_id","hits_allowed","hurries_allowed","lg_percent","lt_percent","ol_te_percent","other_percent","penalties","pressures_allowed","pressures_ce","pressures_lg","pressures_lt","pressures_off","pressures_ol_te","pressures_other","pressures_rg","pressures_rt","pressures_self","pressures_te","rg_percent","rt_percent","sacks_allowed","self_percent","te_percent","week","year"
"Jared Goff",10635,"QB","DET",1,20,10,0,11,0,1,45,30,95,0,0,2,2,9,6,20,19,0,5,6,2,0,25,30,1,10,0,1,2021
"Josh Allen",46601,"QB","BUF",1,20,15,0,4,0,1,40,25,95,0,0,1,3,8,5,20,19,0,3,5,1,0,15,25,0,5,0,1,2021
"Zach Wilson",82096,"QB","NYJ",1,18,11.1,0,22,0,0,33.3,11.1,72.2,5.6,0,3,2,6,2,18,13,1,2,1,3,2,11.1,5.6,3,16.7,11.1,1,2021
"Lamar Jackson",46416,"QB","BLT",1,17,0,0,3,0,1,11.8,52.9,94.1,0,0,1,0,2,9,17,16,0,1,10,1,0,5.9,58.8,0,5.9,0,1,2021
"Carson Wentz",10636,"QB","IND",1,16,6.3,0,14,0,0,0,37.5,100,0,0,0,1,0,6,16,16,0,3,6,0,0,18.8,37.5,0,0,0,1,2021
"Teddy Bridgewater",8667,"QB","DEN",1,16,12.5,0,10,0,1,12.5,25,87.5,0,0,2,2,2,4,16,14,0,4,3,2,0,25,18.8,1,12.5,0,1,2021
"Matt Ryan",4317,"QB","ATL",1,14,21.4,0,2,0,0,57.1,0,100,0,0,0,3,8,0,14,14,0,2,5,0,1,14.3,35.7,0,0,7.1,1,2021
"Mac Jones",60323,"QB","NE",1,14,14.3,0,19,0,2,14.3,28.6,78.6,7.1,0,3,2,2,4,14,11,1,3,2,3,1,21.4,14.3,1,21.4,7.1,1,2021
"Dak Prescott",10769,"QB","DAL",1,14,50,0,9,0,1,0,0,71.4,14.3,0,2,7,0,0,14,10,2,3,3,2,0,21.4,21.4,1,14.3,0,1,2021
"Patrick Mahomes",11765,"QB","KC",1,13,0,0,16,0,1,7.7,38.5,69.2,15.4,0,2,0,1,5,13,9,2,1,5,2,0,7.7,38.5,1,15.4,0,1,2021
"Ryan Tannehill",7014,"QB","TEN",1,13,15.4,0,31,0,0,15.4,46.2,100,0,0,0,2,2,6,13,13,0,5,2,0,0,38.5,15.4,0,0,0,1,2021
"Derek Carr",8671,"QB","LV",1,13,15.4,0,23,0,0,30.8,15.4,92.3,7.7,0,0,2,4,2,13,12,1,1,5,0,1,7.7,38.5,0,0,7.7,1,2021
"Tyrod Taylor",6332,"QB","HST",1,12,8.3,0,13,1,0,33.3,25,66.7,25,0,2,1,4,3,12,8,3,1,1,2,1,8.3,8.3,1,16.7,8.3,1,2021
"Trevor Lawrence",77632,"QB","JAX",1,12,0,0,15,0,2,0,25,83.3,0,0,2,0,0,3,12,10,0,8,2,2,0,66.7,16.7,0,16.7,0,1,2021
"Kirk Cousins",7102,"QB","MIN",1,10,40,0,18,0,0,30,20,100,0,0,0,4,3,2,10,10,0,1,0,0,1,10,0,0,0,10,1,2021
"Daniel Jones",39395,"QB","NYG",1,10,0,0,21,0,1,20,20,90,-10,0,1,0,2,2,10,9,-1,2,4,1,1,20,40,0,10,10,1,2021
"Sam Darnold",29048,"QB","CAR",1,10,20,0,5,0,0,50,30,100,-10,0,0,2,5,3,10,10,-1,2,1,0,1,20,10,0,0,10,1,2021
"Russell Wilson",7077,"QB","SEA",1,10,30,0,29,0,0,30,0,90,0,0,1,3,3,0,10,9,0,2,0,1,1,20,0,1,10,10,1,2021
"Andy Dalton",6187,"QB","CHI",1,8,0,0,6,0,0,50,25,100,0,0,0,0,4,2,8,8,0,5,1,0,0,62.5,12.5,0,0,0,1,2021
"Joe Burrow",28022,"QB","CIN",1,8,37.5,0,7,1,0,0,0,75,12.5,0,1,3,0,0,8,6,1,2,0,1,1,25,0,0,12.5,12.5,1,2021
"Aaron Rodgers",2241,"QB","GB",1,8,12.5,0,12,2,1,37.5,12.5,87.5,0,0,4,1,3,1,8,7,0,2,2,4,0,25,25,1,50,0,1,2021
"Jameis Winston",9434,"QB","NO",1,7,0,0,20,0,0,14.3,28.6,100,0,0,0,0,1,2,7,7,0,3,3,0,0,42.9,42.9,0,0,0,1,2021
"Tom Brady",698,"QB","TB",1,7,0,0,30,0,0,28.6,57.1,100,0,0,0,0,2,4,7,7,0,1,3,0,0,14.3,42.9,0,0,0,1,2021
"Tua Tagovailoa",60326,"QB","MIA",1,6,33.3,0,17,0,0,16.7,16.7,100,0,0,0,2,1,1,6,6,0,1,3,0,0,16.7,50,0,0,0,1,2021
"Jalen Hurts",40291,"QB","PHI",1,6,16.7,0,24,0,1,0,33.3,83.3,16.7,0,1,1,0,2,6,5,1,1,1,1,0,16.7,16.7,0,16.7,0,1,2021
"Ben Roethlisberger",1732,"QB","PIT",1,6,16.7,0,25,0,0,0,16.7,100,0,0,0,1,0,1,6,6,0,2,2,0,0,33.3,33.3,0,0,0,1,2021
"Matthew Stafford",4924,"QB","LA",1,6,16.7,0,26,0,0,33.3,33.3,83.3,16.7,0,0,1,2,2,6,5,1,1,0,0,0,16.7,0,0,0,0,1,2021
"Baker Mayfield",46518,"QB","CLV",1,6,0,0,8,0,0,0,50,100,0,0,0,0,0,3,6,6,0,1,3,0,0,16.7,50,0,0,0,1,2021
"Kyler Murray",38334,"QB","ARZ",1,6,0,0,1,1,1,0,0,33.3,0,0,4,0,0,0,6,2,0,2,0,4,0,33.3,0,2,66.7,0,1,2021
"Ryan Fitzpatrick",2467,"QB","WAS",1,5,20,0,32,0,0,0,20,100,0,0,0,1,0,1,5,5,0,1,3,0,0,20,60,0,0,0,1,2021
"Justin Herbert",28237,"QB","LAC",1,5,0,0,27,0,0,60,0,80,20,0,0,0,3,0,5,4,1,0,2,0,0,0,40,0,0,0,1,2021
"Jimmy Garoppolo",8697,"QB","SF",1,5,0,0,28,0,0,0,0,40,60,0,0,0,0,0,5,2,3,1,1,0,0,20,20,0,0,0,1,2021
"Taylor Heinicke",9896,"QB","WAS",1,4,0,0,32,0,0,25,0,100,0,0,0,0,1,0,4,4,0,1,1,0,1,25,25,0,0,25,1,2021
"Jordan Love",40306,"QB","GB",1,1,0,0,12,0,0,0,0,100,0,0,0,0,0,0,1,1,0,0,1,0,0,0,100,0,0,0,1,2021
"Jacoby Brissett",10725,"QB","MIA",1,24,4.2,0,17,0,0,16.7,33.3,75,25,0,1,1,4,8,24,18,6,3,7,1,0,12.5,29.2,1,4.2,0,2,2021
"Zach Wilson",82096,"QB","NYJ",1,16,6.3,0,22,1,1,18.8,6.3,68.8,6.3,0,3,1,3,1,16,11,1,7,4,3,1,43.8,25,1,18.8,6.3,2,2021
"Justin Herbert",28237,"QB","LAC",1,15,0,0,27,0,0,6.7,26.7,93.3,0,0,1,0,1,4,15,14,0,2,9,1,0,13.3,60,1,6.7,0,2,2021
"Jameis Winston",9434,"QB","NO",1,14,7.1,0,20,2,1,21.4,14.3,78.6,7.1,0,3,1,3,2,14,11,1,0,4,3,1,0,28.6,0,21.4,7.1,2,2021
"Carson Wentz",10636,"QB","IND",1,14,21.4,0,14,1,0,0,21.4,92.9,0,0,1,3,0,3,14,13,0,4,6,1,0,28.6,42.9,0,7.1,0,2,2021
"Jared Goff",10635,"QB","DET",1,14,7.1,0,11,0,1,35.7,14.3,78.6,14.3,0,2,1,5,2,14,11,2,2,6,2,0,14.3,42.9,1,14.3,0,2,2021
"Matt Ryan",4317,"QB","ATL",1,13,15.4,0,2,0,0,23.1,15.4,92.3,7.7,0,0,2,3,2,13,12,1,2,3,0,1,15.4,23.1,0,0,7.7,2,2021
"Daniel Jones",39395,"QB","NYG",1,13,38.5,0,21,0,0,30.8,15.4,100,-7.7,0,0,5,4,2,13,13,-1,4,1,0,1,30.8,7.7,0,0,7.7,2,2021
"Teddy Bridgewater",8667,"QB","DEN",1,12,8.3,0,10,0,1,8.3,8.3,83.3,0,0,2,1,1,1,12,10,0,3,6,2,0,25,50,1,16.7,0,2,2021
"Jalen Hurts",40291,"QB","PHI",1,12,16.7,0,24,0,1,8.3,0,91.7,0,0,1,2,1,0,12,11,0,7,2,1,1,58.3,16.7,0,8.3,8.3,2,2021
"Derek Carr",8671,"QB","LV",1,12,8.3,0,23,0,1,25,16.7,91.7,0,0,1,1,3,2,12,11,0,0,4,1,1,0,33.3,0,8.3,8.3,2,2021
"Josh Allen",46601,"QB","BUF",1,11,27.3,0,4,1,0,0,9.1,63.6,27.3,0,1,3,0,1,11,7,3,3,3,1,0,27.3,27.3,0,9.1,0,2,2021
"Kyler Murray",38334,"QB","ARZ",1,11,0,0,1,0,3,0,27.3,81.8,0,0,3,0,0,3,11,9,0,4,4,3,0,36.4,36.4,0,27.3,0,2,2021
"Ryan Tannehill",7014,"QB","TEN",1,10,40,0,31,0,0,40,10,100,-10,0,0,4,4,1,10,10,-1,3,0,0,1,30,0,0,0,10,2,2021
"Aaron Rodgers",2241,"QB","GB",1,10,10,0,12,0,1,0,30,90,0,0,1,1,0,3,10,9,0,2,4,1,0,20,40,0,10,0,2,2021
"Trevor Lawrence",77632,"QB","JAX",1,10,0,0,15,0,0,20,20,100,0,0,0,0,2,2,10,10,0,2,3,0,1,20,30,0,0,10,2,2021
"Ben Roethlisberger",1732,"QB","PIT",1,10,10,0,25,0,0,30,30,90,0,0,1,1,3,3,10,9,0,2,3,1,0,20,30,1,10,0,2,2021
"Joe Burrow",28022,"QB","CIN",1,10,10,0,7,0,0,0,40,90,10,0,0,1,0,4,10,9,1,3,3,0,0,30,30,0,0,0,2,2021
"Russell Wilson",7077,"QB","SEA",1,9,22.2,0,29,0,1,0,0,77.8,0,0,3,2,0,0,9,7,0,3,2,3,0,33.3,22.2,2,33.3,0,2,2021
"Taylor Heinicke",9896,"QB","WAS",1,9,0,0,32,0,0,22.2,22.2,44.4,44.4,0,1,0,2,2,9,4,4,0,0,1,0,0,0,1,11.1,0,2,2021
"Dak Prescott",10769,"QB","DAL",1,7,28.6,0,9,0,1,0,28.6,85.7,0,0,1,2,0,2,7,6,0,1,3,1,0,14.3,42.9,0,14.3,0,2,2021
"Tom Brady",698,"QB","TB",1,7,0,0,30,0,0,0,28.6,57.1,28.6,0,1,0,0,2,7,4,2,0,2,1,0,0,28.6,1,14.3,0,2,2021
"Mac Jones",60323,"QB","NE",1,7,0,0,19,0,0,14.3,42.9,100,0,0,0,0,1,3,7,7,0,1,3,0,0,14.3,42.9,0,0,0,2,2021
"Davis Mills",52269,"QB","HST",1,6,0,0,13,0,0,33.3,16.7,83.3,0,0,1,0,2,1,6,5,0,1,1,1,0,16.7,16.7,1,16.7,0,2,2021
"Jimmy Garoppolo",8697,"QB","SF",1,6,0,0,28,0,0,16.7,16.7,83.3,16.7,0,0,0,1,1,6,5,1,2,1,0,0,33.3,16.7,0,0,0,2,2021
"Patrick Mahomes",11765,"QB","KC",1,5,0,0,16,2,1,20,0,40,0,0,3,0,1,0,5,2,0,1,0,3,0,20,0,0,60,0,2,2021
"Matthew Stafford",4924,"QB","LA",1,5,0,0,26,1,0,20,20,80,0,0,1,0,1,1,5,4,0,2,0,1,0,40,0,0,20,0,2,2021
"Kirk Cousins",7102,"QB","MIN",1,5,40,0,18,0,0,0,60,100,0,0,0,2,0,3,5,5,0,2,0,0,0,40,0,0,0,0,2,2021
"Sam Darnold",29048,"QB","CAR",1,5,0,0,5,0,0,0,40,60,40,0,0,0,0,2,5,3,2,0,1,0,0,0,20,0,0,0,2,2021
"Lamar Jackson",46416,"QB","BLT",1,5,0,0,3,0,3,0,0,20,20,0,3,0,0,0,5,1,1,0,0,3,1,0,0,0,60,20,2,2021
"Justin Fields",82118,"QB","CHI",1,3,66.7,0,6,0,0,0,0,66.7,0,0,1,2,0,0,3,2,0,1,0,1,0,33.3,0,1,33.3,0,2,2021
"Tua Tagovailoa",60326,"QB","MIA",1,3,33.3,0,17,0,0,0,0,100,0,0,1,1,0,0,3,3,0,0,2,1,1,0,66.7,1,33.3,33.3,2,2021
"Tyrod Taylor",6332,"QB","HST",1,3,0,0,13,0,0,66.7,33.3,100,0,0,0,0,2,1,3,3,0,0,0,0,0,0,0,0,0,0,2,2021
"Andy Dalton",6187,"QB","CHI",1,3,33.3,0,6,0,1,0,0,66.7,0,0,1,1,0,0,3,2,0,1,0,1,0,33.3,0,0,33.3,0,2,2021
"Baker Mayfield",46518,"QB","CLV",1,2,0,0,8,0,0,0,50,50,50,0,0,0,0,1,2,1,1,0,1,0,0,0,50,0,0,0,2,2021
"Josh Rosen",35460,"QB","ATL",1,2,0,0,2,0,0,0,0,0,100,0,0,0,0,0,2,0,2,0,0,0,0,0,0,0,0,0,2,2021
"Jacob Eason",46444,"QB","IND",1,1,0,0,14,0,0,0,0,100,0,0,0,0,0,0,1,1,0,0,1,0,0,0,100,0,0,0,2,2021
"Greg Ward",12258,"WR","PHI",1,1,0,0,24,0,1,0,0,0,100,0,1,0,0,0,1,0,1,0,0,0,0,0,0,0,0,0,2,2021
"Patrick Mahomes",11765,"QB","KC",1,21,0,0,16,3,3,4.8,4.8,61.9,4.8,0,7,0,1,1,21,13,1,5,6,7,0,23.8,28.6,1,33.3,0,3,2021
"Josh Allen",46601,"QB","BUF",1,21,4.8,0,4,1,1,14.3,9.5,90.5,0,0,2,1,3,2,21,19,0,12,4,2,0,57.1,19,0,9.5,0,3,2021
"Carson Wentz",10636,"QB","IND",1,20,15,0,14,0,0,15,35,80,20,0,0,3,3,7,20,16,4,6,3,0,0,30,15,0,0,0,3,2021
"Jacoby Brissett",10725,"QB","MIA",1,17,5.9,0,17,0,2,23.5,35.3,88.2,-11.8,0,2,1,4,6,17,15,-2,6,4,2,2,35.3,23.5,0,11.8,11.8,3,2021
"Tom Brady",698,"QB","TB",1,17,35.3,0,30,0,0,29.4,17.6,88.2,11.8,0,0,6,5,3,17,15,2,4,0,0,1,23.5,0,0,0,5.9,3,2021
"Trevor Lawrence",77632,"QB","JAX",1,17,17.6,0,15,1,1,11.8,29.4,70.6,11.8,0,3,3,2,5,17,12,2,2,4,3,0,11.8,23.5,1,17.6,0,3,2021
"Lamar Jackson",46416,"QB","BLT",1,16,6.3,0,3,1,0,6.3,50,87.5,0,0,3,1,1,8,16,14,0,4,3,3,0,25,18.8,2,18.8,0,3,2021
"Zach Wilson",82096,"QB","NYJ",1,16,6.3,0,22,0,1,18.8,12.5,81.3,6.3,0,2,1,3,2,16,13,1,6,4,2,0,37.5,25,1,12.5,0,3,2021
"Russell Wilson",7077,"QB","SEA",1,15,20,0,29,0,2,13.3,13.3,86.7,0,0,2,3,2,2,15,13,0,1,5,2,1,6.7,33.3,0,13.3,6.7,3,2021
"Sam Darnold",29048,"QB","CAR",1,15,20,0,5,0,2,13.3,20,86.7,0,0,2,3,2,3,15,13,0,5,5,2,1,33.3,33.3,0,13.3,6.7,3,2021
"Mac Jones",60323,"QB","NE",1,15,33.3,0,19,0,1,6.7,20,86.7,6.7,0,1,5,1,3,15,13,1,1,6,1,0,6.7,40,0,6.7,0,3,2021
"Jimmy Garoppolo",8697,"QB","SF",1,13,15.4,0,28,1,0,15.4,23.1,84.6,7.7,0,2,2,2,3,13,11,1,4,1,2,0,30.8,7.7,1,15.4,0,3,2021
"Ben Roethlisberger",1732,"QB","PIT",1,13,7.7,0,25,0,0,7.7,53.8,76.9,7.7,0,2,1,1,7,13,10,1,1,1,2,0,7.7,7.7,2,15.4,0,3,2021
"Justin Fields",82118,"QB","CHI",1,12,16.7,0,6,0,0,16.7,25,91.7,0,0,2,2,2,3,12,11,0,3,3,2,1,25,25,2,16.7,8.3,3,2021
"Matt Ryan",4317,"QB","ATL",1,11,27.3,0,2,0,1,18.2,0,81.8,0,0,2,3,2,0,11,9,0,2,3,2,0,18.2,27.3,1,18.2,0,3,2021
"Daniel Jones",39395,"QB","NYG",1,11,0,0,21,0,1,18.2,9.1,72.7,18.2,0,1,0,2,1,11,8,2,2,3,1,0,18.2,27.3,0,9.1,0,3,2021
"Derek Carr",8671,"QB","LV",1,11,9.1,0,23,0,0,9.1,36.4,90.9,9.1,0,0,1,1,4,11,10,1,0,6,0,0,0,54.5,0,0,0,3,2021
"Jalen Hurts",40291,"QB","PHI",1,10,30,0,24,0,1,20,20,80,10,0,2,3,2,2,10,8,1,4,2,2,0,40,20,1,20,0,3,2021
"Matthew Stafford",4924,"QB","LA",1,10,10,0,26,0,0,40,30,100,0,0,0,1,4,3,10,10,0,0,3,0,0,0,30,0,0,0,3,2021
"Justin Herbert",28237,"QB","LAC",1,10,30,0,27,0,0,10,10,90,10,0,0,3,1,1,10,9,1,3,2,0,1,30,20,0,0,10,3,2021
"Baker Mayfield",46518,"QB","CLV",1,10,10,0,8,0,2,10,50,70,10,0,2,1,1,5,10,7,1,2,0,2,0,20,0,0,20,0,3,2021
"Jared Goff",10635,"QB","DET",1,9,11.1,0,11,0,0,22.2,22.2,77.8,22.2,0,0,1,2,2,9,7,2,2,1,0,0,22.2,11.1,0,0,0,3,2021
"Taylor Heinicke",9896,"QB","WAS",1,9,0,0,32,1,3,0,11.1,55.6,0,0,5,0,0,1,9,5,0,3,1,5,0,33.3,11.1,1,55.6,0,3,2021
"Jameis Winston",9434,"QB","NO",1,9,33.3,0,20,0,0,33.3,11.1,88.9,11.1,0,0,3,3,1,9,8,1,1,2,0,0,11.1,22.2,0,0,0,3,2021
"Davis Mills",52269,"QB","HST",1,9,22.2,0,13,0,0,11.1,22.2,66.7,11.1,0,2,2,1,2,9,6,1,2,2,2,0,22.2,22.2,2,22.2,0,3,2021
"Ryan Tannehill",7014,"QB","TEN",1,8,12.5,0,31,0,1,25,25,62.5,25,0,1,1,2,2,8,5,2,3,0,1,0,37.5,0,0,12.5,0,3,2021
"Kyler Murray",38334,"QB","ARZ",1,8,0,0,1,0,1,25,37.5,62.5,25,0,1,0,2,3,8,5,2,0,1,1,1,0,12.5,0,12.5,12.5,3,2021
"Kirk Cousins",7102,"QB","MIN",1,8,12.5,0,18,0,1,25,37.5,75,12.5,0,1,1,2,3,8,6,1,1,0,1,1,12.5,0,0,12.5,12.5,3,2021
"Teddy Bridgewater",8667,"QB","DEN",1,7,14.3,0,10,0,0,28.6,14.3,85.7,0,0,1,1,2,1,7,6,0,3,1,1,1,42.9,14.3,1,14.3,14.3,3,2021
"Dak Prescott",10769,"QB","DAL",1,6,33.3,0,9,0,0,16.7,0,83.3,0,0,2,2,1,0,6,5,0,0,1,2,1,0,16.7,2,33.3,16.7,3,2021
"Aaron Rodgers",2241,"QB","GB",1,4,50,0,12,0,0,50,0,100,-25,0,0,2,2,0,4,4,-1,1,0,0,1,25,0,0,0,25,3,2021
"Joe Burrow",28022,"QB","CIN",1,2,0,0,7,0,0,100,0,100,0,0,0,0,2,0,2,2,0,0,0,0,0,0,0,0,0,0,3,2021
"Mitchell Trubisky",11757,"QB","BUF",1,1,0,0,4,0,0,0,0,100,0,0,0,0,0,0,1,1,0,0,1,0,0,0,100,0,0,0,3,2021
"D'Andre Swift",57212,"HB","DET",1,1,0,0,11,0,0,0,0,0,100,0,0,0,0,0,1,0,1,0,0,0,0,0,0,0,0,0,3,2021
"Taysom Hill",12112,"QB","NO",1,1,0,0,20,0,1,0,0,0,0,0,1,0,0,0,1,0,0,0,0,1,0,0,0,0,100,0,3,2021
"Ryan Tannehill",7014,"QB","TEN",1,21,14.3,0,31,0,0,9.5,19,95.2,-4.8,0,1,3,2,4,21,20,-1,9,11,1,1,42.9,52.4,1,4.8,4.8,4,2021
"Kirk Cousins",7102,"QB","MIN",1,20,10,0,18,0,0,15,50,100,0,0,0,2,3,10,20,20,0,8,4,0,1,40,20,0,0,5,4,2021
"Derek Carr",8671,"QB","LV",1,18,22.2,0,23,0,1,16.7,5.6,94.4,0,0,2,4,3,1,18,17,0,5,5,2,1,27.8,27.8,1,11.1,5.6,4,2021
"Jalen Hurts",40291,"QB","PHI",1,18,5.6,0,24,0,0,22.2,22.2,83.3,11.1,0,1,1,4,4,18,15,2,4,5,1,0,22.2,27.8,1,5.6,0,4,2021
"Jared Goff",10635,"QB","DET",1,17,5.9,0,11,0,1,0,41.2,82.4,11.8,0,1,1,0,7,17,14,2,3,5,1,0,17.6,29.4,0,5.9,0,4,2021
"Sam Darnold",29048,"QB","CAR",1,15,13.3,0,5,0,0,0,40,93.3,6.7,0,0,2,0,6,15,14,1,5,2,0,0,33.3,13.3,0,0,0,4,2021
"Carson Wentz",10636,"QB","IND",1,14,28.6,0,14,0,0,21.4,28.6,100,0,0,0,4,3,4,14,14,0,4,1,0,0,28.6,7.1,0,0,0,4,2021
"Mac Jones",60323,"QB","NE",1,13,15.4,0,19,0,0,7.7,23.1,76.9,23.1,0,0,2,1,3,13,10,3,0,5,0,0,0,38.5,0,0,0,4,2021
"Baker Mayfield",46518,"QB","CLV",1,13,15.4,0,8,0,0,7.7,30.8,84.6,-7.7,0,2,2,1,4,13,11,-1,2,3,2,1,15.4,23.1,2,15.4,7.7,4,2021
"Jacoby Brissett",10725,"QB","MIA",1,12,0,0,17,0,0,16.7,50,100,0,0,0,0,2,6,12,12,0,2,2,0,0,16.7,16.7,0,0,0,4,2021
"Lamar Jackson",46416,"QB","BLT",1,12,25,0,3,0,0,16.7,16.7,91.7,8.3,0,0,3,2,2,12,11,1,0,4,0,0,0,33.3,0,0,0,4,2021
"Justin Herbert",28237,"QB","LAC",1,12,8.3,0,27,0,0,41.7,8.3,91.7,8.3,0,0,1,5,1,12,11,1,0,6,0,0,0,50,0,0,0,4,2021
"Trevor Lawrence",77632,"QB","JAX",1,10,30,0,15,0,2,0,30,60,10,0,3,3,0,3,10,6,1,0,1,3,0,0,10,1,30,0,4,2021
"Kyler Murray",38334,"QB","ARZ",1,10,0,0,1,0,1,20,10,80,10,0,2,0,2,1,10,8,1,2,3,2,0,20,30,1,20,0,4,2021
"Matthew Stafford",4924,"QB","LA",1,10,10,0,26,0,0,20,0,100,0,0,0,1,2,0,10,10,0,6,4,0,0,60,40,0,0,0,4,2021
"Drew Lock",39517,"QB","DEN",1,10,0,0,10,0,0,10,20,100,0,0,0,0,1,2,10,10,0,7,2,0,1,70,20,0,0,10,4,2021
"Tom Brady",698,"QB","TB",1,8,12.5,0,30,0,0,12.5,25,87.5,12.5,0,0,1,1,2,8,7,1,2,0,0,1,25,0,0,0,12.5,4,2021
"Aaron Rodgers",2241,"QB","GB",1,8,25,0,12,0,0,12.5,37.5,75,12.5,0,1,2,1,3,8,6,1,1,2,1,0,12.5,25,1,12.5,0,4,2021
"Matt Ryan",4317,"QB","ATL",1,8,25,0,2,0,0,25,37.5,100,-12.5,0,0,2,2,3,8,8,-1,0,0,0,2,0,0,0,0,25,4,2021
"Teddy Bridgewater",8667,"QB","DEN",1,8,12.5,0,10,0,0,0,25,87.5,12.5,0,0,1,0,2,8,7,1,1,3,0,0,12.5,37.5,0,0,0,4,2021
"Daniel Jones",39395,"QB","NYG",1,8,25,0,21,1,0,12.5,12.5,87.5,0,0,1,2,1,1,8,7,0,0,4,1,0,0,50,0,12.5,0,4,2021
"Zach Wilson",82096,"QB","NYJ",1,8,25,0,22,0,1,0,12.5,75,0,0,2,2,0,1,8,6,0,3,2,2,1,37.5,25,1,25,12.5,4,2021
"Trey Lance",91399,"QB","SF",1,8,0,0,28,0,0,25,12.5,100,0,0,0,0,2,1,8,8,0,2,3,0,0,25,37.5,0,0,0,4,2021
"Taylor Heinicke",9896,"QB","WAS",1,7,0,0,32,1,0,0,0,71.4,14.3,0,1,0,0,0,7,5,1,2,3,1,1,28.6,42.9,0,14.3,14.3,4,2021
"Dak Prescott",10769,"QB","DAL",1,6,0,0,9,0,0,33.3,33.3,83.3,16.7,0,0,0,2,2,6,5,1,0,2,0,0,0,33.3,0,0,0,4,2021
"Patrick Mahomes",11765,"QB","KC",1,6,16.7,0,16,0,0,0,83.3,100,0,0,0,1,0,5,6,6,0,0,1,0,0,0,16.7,0,0,0,4,2021
"Josh Allen",46601,"QB","BUF",1,6,16.7,0,4,0,0,33.3,16.7,100,0,0,0,1,2,1,6,6,0,2,2,0,0,33.3,33.3,0,0,0,4,2021
"Davis Mills",52269,"QB","HST",1,6,0,0,13,0,0,16.7,0,66.7,16.7,0,2,0,1,0,6,4,1,1,2,2,0,16.7,33.3,2,33.3,0,4,2021
"Russell Wilson",7077,"QB","SEA",1,6,0,0,29,0,0,16.7,66.7,83.3,0,0,1,0,1,4,6,5,0,0,1,1,0,0,16.7,1,16.7,0,4,2021
"Ben Roethlisberger",1732,"QB","PIT",1,6,0,0,25,0,0,33.3,50,83.3,16.7,0,0,0,2,3,6,5,1,1,0,0,0,16.7,0,0,0,0,4,2021
"Jameis Winston",9434,"QB","NO",1,5,20,0,20,0,1,20,20,80,0,0,1,1,1,1,5,4,0,1,3,1,0,20,60,0,20,0,4,2021
"Joe Burrow",28022,"QB","CIN",1,5,20,0,7,0,1,0,0,80,-20,0,1,1,0,0,5,4,-1,1,3,1,1,20,60,0,20,20,4,2021
"Jimmy Garoppolo",8697,"QB","SF",1,4,25,0,28,0,0,0,25,75,0,0,1,1,0,1,4,3,0,0,1,1,0,0,25,1,25,0,4,2021
"Justin Fields",82118,"QB","CHI",1,4,0,0,6,1,0,0,25,75,0,0,1,0,0,1,4,3,0,0,1,1,1,0,25,0,25,25,4,2021
"Kadarius Toney",61245,"WR","NYG",1,1,0,0,21,0,1,0,0,0,100,0,1,0,0,0,1,0,1,0,0,0,0,0,0,0,0,0,4,2021
"Jakobi Meyers",47468,"WR","NE",1,1,0,0,19,0,0,0,0,100,0,0,0,0,0,0,1,1,0,1,0,0,0,100,0,0,0,0,4,2021
"Taysom Hill",12112,"QB","NO",1,1,0,0,20,0,1,0,0,0,0,0,1,0,0,0,1,0,0,0,0,1,0,0,0,0,100,0,4,2021
"Sam Darnold",29048,"QB","CAR",1,20,15,0,5,1,0,15,10,90,0,0,1,3,3,2,20,18,0,7,6,1,1,35,30,0,5,5,5,2021
"Jameis Winston",9434,"QB","NO",1,19,5.3,0,20,0,1,31.6,10.5,94.7,0,0,1,1,6,2,19,18,0,5,5,1,1,26.3,26.3,0,5.3,5.3,5,2021
"Taylor Heinicke",9896,"QB","WAS",1,16,12.5,0,32,0,0,12.5,37.5,87.5,12.5,0,0,2,2,6,16,14,2,1,2,0,1,6.3,12.5,0,0,6.3,5,2021
"Patrick Mahomes",11765,"QB","KC",1,15,6.7,0,16,1,0,6.7,20,80,0,0,3,1,1,3,15,12,0,1,8,3,0,6.7,53.3,2,20,0,5,2021
"Derek Carr",8671,"QB","LV",1,12,16.7,0,23,0,1,16.7,8.3,83.3,8.3,0,1,2,2,1,12,10,1,3,2,1,2,25,16.7,0,8.3,16.7,5,2021
"Jared Goff",10635,"QB","DET",1,12,16.7,0,11,0,1,16.7,33.3,91.7,0,0,1,2,2,4,12,11,0,2,4,1,0,16.7,33.3,0,8.3,0,5,2021
"Jacoby Brissett",10725,"QB","MIA",1,12,16.7,0,17,2,2,33.3,25,66.7,8.3,0,5,2,4,3,12,8,1,2,1,5,0,16.7,8.3,1,41.7,0,5,2021
"Joe Burrow",28022,"QB","CIN",1,12,16.7,0,7,0,0,8.3,8.3,91.7,8.3,0,0,2,1,1,12,11,1,6,2,0,0,50,16.7,0,0,0,5,2021
"Teddy Bridgewater",8667,"QB","DEN",1,11,9.1,0,10,0,2,9.1,0,63.6,18.2,0,2,1,1,0,11,7,2,2,2,2,1,18.2,18.2,0,18.2,9.1,5,2021
"Zach Wilson",82096,"QB","NYJ",1,11,9.1,0,22,0,0,0,18.2,100,0,0,1,1,0,2,11,11,0,3,6,1,1,27.3,54.5,1,9.1,9.1,5,2021
"Aaron Rodgers",2241,"QB","GB",1,11,0,0,12,1,2,27.3,18.2,72.7,0,0,3,0,3,2,11,8,0,2,2,3,0,18.2,18.2,0,27.3,0,5,2021
"Lamar Jackson",46416,"QB","BLT",1,11,36.4,0,3,1,0,18.2,27.3,90.9,0,0,1,4,2,3,11,10,0,1,2,1,0,9.1,18.2,0,9.1,0,5,2021
"Kirk Cousins",7102,"QB","MIN",1,10,20,0,18,0,1,0,20,90,0,0,1,2,0,2,10,9,0,2,1,1,2,20,10,0,10,20,5,2021
"Matt Ryan",4317,"QB","ATL",1,10,20,0,2,0,0,50,10,100,0,0,0,2,5,1,10,10,0,0,2,0,1,0,20,0,0,10,5,2021
"Trevor Lawrence",77632,"QB","JAX",1,9,0,0,15,0,0,11.1,55.6,100,0,0,1,0,1,5,9,9,0,3,1,1,1,33.3,11.1,1,11.1,11.1,5,2021
"Ryan Tannehill",7014,"QB","TEN",1,9,22.2,0,31,1,0,11.1,0,66.7,11.1,0,2,2,1,0,9,6,1,2,2,2,1,22.2,22.2,1,22.2,11.1,5,2021
"Carson Wentz",10636,"QB","IND",1,9,11.1,0,14,0,0,11.1,44.4,88.9,0,0,1,1,1,4,9,8,0,1,1,1,1,11.1,11.1,1,11.1,11.1,5,2021
"Mike Glennon",7854,"QB","NYG",1,9,11.1,0,21,0,0,22.2,55.6,88.9,11.1,0,0,1,2,5,9,8,1,0,1,0,0,0,11.1,0,0,0,5,2021
"Matthew Stafford",4924,"QB","LA",1,9,11.1,0,26,0,0,22.2,11.1,88.9,11.1,0,0,1,2,1,9,8,1,1,2,0,1,11.1,22.2,0,0,11.1,5,2021
"Trey Lance",91399,"QB","SF",1,9,0,0,28,1,1,0,11.1,88.9,-11.1,0,2,0,0,1,9,8,-1,2,4,2,2,22.2,44.4,0,22.2,22.2,5,2021
"Justin Herbert",28237,"QB","LAC",1,9,0,0,27,0,1,22.2,44.4,77.8,11.1,0,1,0,2,4,9,7,1,1,2,1,0,11.1,22.2,0,11.1,0,5,2021
"Jalen Hurts",40291,"QB","PHI",1,9,22.2,0,24,0,0,33.3,11.1,100,0,0,0,2,3,1,9,9,0,2,2,0,0,22.2,22.2,0,0,0,5,2021
"Mac Jones",60323,"QB","NE",1,8,12.5,0,19,0,0,25,12.5,75,25,0,0,1,2,1,8,6,2,0,3,0,0,0,37.5,0,0,0,5,2021
"Kyler Murray",38334,"QB","ARZ",1,8,0,0,1,0,1,12.5,25,75,0,0,3,0,1,2,8,6,0,3,1,3,0,37.5,12.5,2,37.5,0,5,2021
"Tom Brady",698,"QB","TB",1,7,14.3,0,30,0,0,0,14.3,71.4,28.6,0,0,1,0,1,7,5,2,2,0,0,1,28.6,0,0,0,14.3,5,2021
"Ben Roethlisberger",1732,"QB","PIT",1,7,14.3,0,25,0,0,14.3,14.3,71.4,14.3,0,1,1,1,1,7,5,1,2,0,1,0,28.6,0,1,14.3,0,5,2021
"Russell Wilson",7077,"QB","SEA",1,7,42.9,0,29,0,0,0,14.3,85.7,14.3,0,2,3,0,1,7,6,1,2,2,2,0,28.6,28.6,2,28.6,0,5,2021
"Geno Smith",7820,"QB","SEA",1,7,0,0,29,0,1,14.3,28.6,85.7,0,0,1,0,1,2,7,6,0,2,2,1,0,28.6,28.6,0,14.3,0,5,2021
"Daniel Jones",39395,"QB","NYG",1,7,14.3,0,21,0,0,42.9,42.9,85.7,14.3,0,0,1,3,3,7,6,1,0,0,0,0,0,0,0,0,0,5,2021
"Davis Mills",52269,"QB","HST",1,6,50,0,13,0,1,0,0,83.3,0,0,2,3,0,0,6,5,0,1,1,2,0,16.7,16.7,1,33.3,0,5,2021
"Josh Allen",46601,"QB","BUF",1,6,0,0,4,0,1,16.7,16.7,83.3,0,0,1,0,1,1,6,5,0,0,3,1,0,0,50,0,16.7,0,5,2021
"Dak Prescott",10769,"QB","DAL",1,6,0,0,9,1,1,16.7,0,33.3,33.3,0,2,0,1,0,6,2,2,1,0,2,0,16.7,0,0,33.3,0,5,2021
"Justin Fields",82118,"QB","CHI",1,5,0,0,6,0,0,0,40,80,20,0,0,0,0,2,5,4,1,0,1,0,1,0,20,0,0,20,5,2021
"Baker Mayfield",46518,"QB","CLV",1,5,0,0,8,0,1,40,0,80,0,0,1,0,2,0,5,4,0,0,1,1,1,0,20,0,20,20,5,2021
"Nathan Peterman",11926,"QB","LV",1,1,0,0,23,0,0,0,0,100,0,0,0,0,0,0,1,1,0,0,1,0,0,0,100,0,0,0,5,2021
"Cordarrelle Patterson",7810,"HB","ATL",1,1,0,0,2,0,0,0,0,100,0,0,0,0,0,0,1,1,0,0,1,0,0,0,100,0,0,0,5,2021
"Teddy Bridgewater",8667,"QB","DEN",1,19,31.6,0,10,2,2,10.5,10.5,73.7,0,0,5,6,2,2,19,14,0,5,3,5,1,26.3,15.8,1,26.3,5.3,6,2021
"Patrick Mahomes",11765,"QB","KC",1,18,11.1,0,16,0,1,16.7,16.7,83.3,0,0,3,2,3,3,18,15,0,6,2,3,0,33.3,11.1,2,16.7,0,6,2021
"Tua Tagovailoa",60326,"QB","MIA",1,17,0,0,17,0,0,29.4,29.4,100,0,0,0,0,5,5,17,17,0,2,6,0,1,11.8,35.3,0,0,5.9,6,2021
"Daniel Jones",39395,"QB","NYG",1,16,6.3,0,21,0,1,37.5,31.3,81.3,12.5,0,1,1,6,5,16,13,2,1,3,1,1,6.3,18.8,0,6.3,6.3,6,2021
"Justin Fields",82118,"QB","CHI",1,15,13.3,0,6,0,1,20,6.7,93.3,0,0,3,2,3,1,15,14,0,3,5,3,0,20,33.3,2,20,0,6,2021
"Josh Allen",46601,"QB","BUF",1,15,13.3,0,4,1,1,20,6.7,66.7,13.3,0,3,2,3,1,15,10,2,2,2,3,0,13.3,13.3,1,20,0,6,2021
"Jalen Hurts",40291,"QB","PHI",1,14,7.1,0,24,2,2,7.1,35.7,57.1,14.3,0,5,1,1,5,14,8,2,1,1,5,0,7.1,7.1,1,35.7,0,6,2021
"Sam Darnold",29048,"QB","CAR",1,13,30.8,0,5,0,2,23.1,23.1,84.6,0,0,2,4,3,3,13,11,0,1,3,2,0,7.7,23.1,0,15.4,0,6,2021
"Jared Goff",10635,"QB","DET",1,13,7.7,0,11,1,2,15.4,15.4,76.9,0,0,3,1,2,2,13,10,0,1,4,3,1,7.7,30.8,0,23.1,7.7,6,2021
"Baker Mayfield",46518,"QB","CLV",1,13,0,0,8,0,1,15.4,23.1,76.9,7.7,0,3,0,2,3,13,10,1,0,3,3,2,0,23.1,2,23.1,15.4,6,2021
"Davis Mills",52269,"QB","HST",1,11,9.1,0,13,0,1,18.2,0,63.6,27.3,0,1,1,2,0,11,7,3,2,4,1,0,18.2,36.4,0,9.1,0,6,2021
"Lamar Jackson",46416,"QB","BLT",1,11,18.2,0,3,3,1,9.1,9.1,54.5,9.1,0,4,2,1,1,11,6,1,2,1,4,0,18.2,9.1,0,36.4,0,6,2021
"Dak Prescott",10769,"QB","DAL",1,11,9.1,0,9,1,1,9.1,18.2,72.7,9.1,0,2,1,1,2,11,8,1,2,2,2,0,18.2,18.2,0,18.2,0,6,2021
"Trevor Lawrence",77632,"QB","JAX",1,11,27.3,0,15,1,0,0,0,72.7,27.3,0,1,3,0,0,11,8,3,1,3,1,1,9.1,27.3,0,9.1,9.1,6,2021
"Geno Smith",7820,"QB","SEA",1,10,10,0,29,1,0,20,20,90,0,0,1,1,2,2,10,9,0,0,3,1,2,0,30,0,10,20,6,2021
"Kyler Murray",38334,"QB","ARZ",1,10,0,0,1,0,1,20,30,90,0,0,2,0,2,3,10,9,0,1,3,2,1,10,30,1,20,10,6,2021
"Derek Carr",8671,"QB","LV",1,9,11.1,0,23,0,1,0,11.1,77.8,0,0,2,1,0,1,9,7,0,2,4,2,0,22.2,44.4,1,22.2,0,6,2021
"Aaron Rodgers",2241,"QB","GB",1,9,11.1,0,12,0,0,22.2,44.4,100,0,0,0,1,2,4,9,9,0,2,2,0,0,22.2,22.2,0,0,0,6,2021
"Kirk Cousins",7102,"QB","MIN",1,8,25,0,18,0,0,37.5,12.5,100,0,0,0,2,3,1,8,8,0,1,1,0,0,12.5,12.5,0,0,0,6,2021
"Joe Burrow",28022,"QB","CIN",1,8,0,0,7,0,0,12.5,37.5,87.5,0,0,1,0,1,3,8,7,0,1,2,1,0,12.5,25,1,12.5,0,6,2021
"Tom Brady",698,"QB","TB",1,8,0,0,30,0,0,12.5,0,100,0,0,0,0,1,0,8,8,0,5,1,0,1,62.5,12.5,0,0,12.5,6,2021
"Mac Jones",60323,"QB","NE",1,8,0,0,19,0,0,12.5,25,75,25,0,0,0,1,2,8,6,2,1,2,0,0,12.5,25,0,0,0,6,2021
"Ben Roethlisberger",1732,"QB","PIT",1,8,12.5,0,25,0,0,12.5,25,75,12.5,0,1,1,1,2,8,6,1,0,2,1,0,0,25,1,12.5,0,6,2021
"Carson Wentz",10636,"QB","IND",1,7,0,0,14,0,0,14.3,28.6,100,0,0,0,0,1,2,7,7,0,2,1,0,1,28.6,14.3,0,0,14.3,6,2021
"Ryan Tannehill",7014,"QB","TEN",1,7,0,0,31,0,0,14.3,42.9,100,0,0,0,0,1,3,7,7,0,2,1,0,1,28.6,14.3,0,0,14.3,6,2021
"Taylor Heinicke",9896,"QB","WAS",1,6,33.3,0,32,2,1,16.7,16.7,66.7,0,0,3,2,1,1,6,4,0,2,0,3,0,33.3,0,0,50,0,6,2021
"Matthew Stafford",4924,"QB","LA",1,5,40,0,26,0,0,40,0,100,0,0,0,2,2,0,5,5,0,1,0,0,0,20,0,0,0,0,6,2021
"Justin Herbert",28237,"QB","LAC",1,5,0,0,27,0,1,0,0,80,0,0,1,0,0,0,5,4,0,0,4,1,0,0,80,0,20,0,6,2021
"Case Keenum",7323,"QB","CLV",1,2,0,0,8,0,0,0,0,100,0,0,0,0,0,0,2,2,0,2,0,0,0,100,0,0,0,0,6,2021
"Jacoby Brissett",10725,"QB","MIA",1,1,100,0,17,0,0,0,0,100,0,0,0,1,0,0,1,1,0,0,0,0,0,0,0,0,0,0,6,2021
"John Wolford",46454,"QB","LA",1,1,0,0,26,0,0,0,0,100,0,0,0,0,0,0,1,1,0,1,0,0,0,100,0,0,0,0,6,2021
"Sam Darnold",29048,"QB","CAR",1,20,15,0,5,1,0,15,10,90,0,0,1,3,3,2,20,18,0,7,6,1,1,35,30,0,5,5,5,2021
"Jameis Winston",9434,"QB","NO",1,19,5.3,0,20,0,1,31.6,10.5,94.7,0,0,1,1,6,2,19,18,0,5,5,1,1,26.3,26.3,0,5.3,5.3,5,2021
"Taylor Heinicke",9896,"QB","WAS",1,16,12.5,0,32,0,0,12.5,37.5,87.5,12.5,0,0,2,2,6,16,14,2,1,2,0,1,6.3,12.5,0,0,6.3,5,2021
"Patrick Mahomes",11765,"QB","KC",1,15,6.7,0,16,1,0,6.7,20,80,0,0,3,1,1,3,15,12,0,1,8,3,0,6.7,53.3,2,20,0,5,2021
"Derek Carr",8671,"QB","LV",1,12,16.7,0,23,0,1,16.7,8.3,83.3,8.3,0,1,2,2,1,12,10,1,3,2,1,2,25,16.7,0,8.3,16.7,5,2021
"Jared Goff",10635,"QB","DET",1,12,16.7,0,11,0,1,16.7,33.3,91.7,0,0,1,2,2,4,12,11,0,2,4,1,0,16.7,33.3,0,8.3,0,5,2021
"Jacoby Brissett",10725,"QB","MIA",1,12,16.7,0,17,2,2,33.3,25,66.7,8.3,0,5,2,4,3,12,8,1,2,1,5,0,16.7,8.3,1,41.7,0,5,2021
"Joe Burrow",28022,"QB","CIN",1,12,16.7,0,7,0,0,8.3,8.3,91.7,8.3,0,0,2,1,1,12,11,1,6,2,0,0,50,16.7,0,0,0,5,2021
"Teddy Bridgewater",8667,"QB","DEN",1,11,9.1,0,10,0,2,9.1,0,63.6,18.2,0,2,1,1,0,11,7,2,2,2,2,1,18.2,18.2,0,18.2,9.1,5,2021
"Zach Wilson",82096,"QB","NYJ",1,11,9.1,0,22,0,0,0,18.2,100,0,0,1,1,0,2,11,11,0,3,6,1,1,27.3,54.5,1,9.1,9.1,5,2021
"Aaron Rodgers",2241,"QB","GB",1,11,0,0,12,1,2,27.3,18.2,72.7,0,0,3,0,3,2,11,8,0,2,2,3,0,18.2,18.2,0,27.3,0,5,2021
"Lamar Jackson",46416,"QB","BLT",1,11,36.4,0,3,1,0,18.2,27.3,90.9,0,0,1,4,2,3,11,10,0,1,2,1,0,9.1,18.2,0,9.1,0,5,2021
"Kirk Cousins",7102,"QB","MIN",1,10,20,0,18,0,1,0,20,90,0,0,1,2,0,2,10,9,0,2,1,1,2,20,10,0,10,20,5,2021
"Matt Ryan",4317,"QB","ATL",1,10,20,0,2,0,0,50,10,100,0,0,0,2,5,1,10,10,0,0,2,0,1,0,20,0,0,10,5,2021
"Trevor Lawrence",77632,"QB","JAX",1,9,0,0,15,0,0,11.1,55.6,100,0,0,1,0,1,5,9,9,0,3,1,1,1,33.3,11.1,1,11.1,11.1,5,2021
"Ryan Tannehill",7014,"QB","TEN",1,9,22.2,0,31,1,0,11.1,0,66.7,11.1,0,2,2,1,0,9,6,1,2,2,2,1,22.2,22.2,1,22.2,11.1,5,2021
"Carson Wentz",10636,"QB","IND",1,9,11.1,0,14,0,0,11.1,44.4,88.9,0,0,1,1,1,4,9,8,0,1,1,1,1,11.1,11.1,1,11.1,11.1,5,2021
"Mike Glennon",7854,"QB","NYG",1,9,11.1,0,21,0,0,22.2,55.6,88.9,11.1,0,0,1,2,5,9,8,1,0,1,0,0,0,11.1,0,0,0,5,2021
"Matthew Stafford",4924,"QB","LA",1,9,11.1,0,26,0,0,22.2,11.1,88.9,11.1,0,0,1,2,1,9,8,1,1,2,0,1,11.1,22.2,0,0,11.1,5,2021
"Trey Lance",91399,"QB","SF",1,9,0,0,28,1,1,0,11.1,88.9,-11.1,0,2,0,0,1,9,8,-1,2,4,2,2,22.2,44.4,0,22.2,22.2,5,2021
"Justin Herbert",28237,"QB","LAC",1,9,0,0,27,0,1,22.2,44.4,77.8,11.1,0,1,0,2,4,9,7,1,1,2,1,0,11.1,22.2,0,11.1,0,5,2021
"Jalen Hurts",40291,"QB","PHI",1,9,22.2,0,24,0,0,33.3,11.1,100,0,0,0,2,3,1,9,9,0,2,2,0,0,22.2,22.2,0,0,0,5,2021
"Mac Jones",60323,"QB","NE",1,8,12.5,0,19,0,0,25,12.5,75,25,0,0,1,2,1,8,6,2,0,3,0,0,0,37.5,0,0,0,5,2021
"Kyler Murray",38334,"QB","ARZ",1,8,0,0,1,0,1,12.5,25,75,0,0,3,0,1,2,8,6,0,3,1,3,0,37.5,12.5,2,37.5,0,5,2021
"Tom Brady",698,"QB","TB",1,7,14.3,0,30,0,0,0,14.3,71.4,28.6,0,0,1,0,1,7,5,2,2,0,0,1,28.6,0,0,0,14.3,5,2021
"Ben Roethlisberger",1732,"QB","PIT",1,7,14.3,0,25,0,0,14.3,14.3,71.4,14.3,0,1,1,1,1,7,5,1,2,0,1,0,28.6,0,1,14.3,0,5,2021
"Russell Wilson",7077,"QB","SEA",1,7,42.9,0,29,0,0,0,14.3,85.7,14.3,0,2,3,0,1,7,6,1,2,2,2,0,28.6,28.6,2,28.6,0,5,2021
"Geno Smith",7820,"QB","SEA",1,7,0,0,29,0,1,14.3,28.6,85.7,0,0,1,0,1,2,7,6,0,2,2,1,0,28.6,28.6,0,14.3,0,5,2021
"Daniel Jones",39395,"QB","NYG",1,7,14.3,0,21,0,0,42.9,42.9,85.7,14.3,0,0,1,3,3,7,6,1,0,0,0,0,0,0,0,0,0,5,2021
"Davis Mills",52269,"QB","HST",1,6,50,0,13,0,1,0,0,83.3,0,0,2,3,0,0,6,5,0,1,1,2,0,16.7,16.7,1,33.3,0,5,2021
"Josh Allen",46601,"QB","BUF",1,6,0,0,4,0,1,16.7,16.7,83.3,0,0,1,0,1,1,6,5,0,0,3,1,0,0,50,0,16.7,0,5,2021
"Dak Prescott",10769,"QB","DAL",1,6,0,0,9,1,1,16.7,0,33.3,33.3,0,2,0,1,0,6,2,2,1,0,2,0,16.7,0,0,33.3,0,5,2021
"Justin Fields",82118,"QB","CHI",1,5,0,0,6,0,0,0,40,80,20,0,0,0,0,2,5,4,1,0,1,0,1,0,20,0,0,20,5,2021
"Baker Mayfield",46518,"QB","CLV",1,5,0,0,8,0,1,40,0,80,0,0,1,0,2,0,5,4,0,0,1,1,1,0,20,0,20,20,5,2021
"Nathan Peterman",11926,"QB","LV",1,1,0,0,23,0,0,0,0,100,0,0,0,0,0,0,1,1,0,0,1,0,0,0,100,0,0,0,5,2021
"Cordarrelle Patterson",7810,"HB","ATL",1,1,0,0,2,0,0,0,0,100,0,0,0,0,0,0,1,1,0,0,1,0,0,0,100,0,0,0,5,2021
"Teddy Bridgewater",8667,"QB","DEN",1,19,31.6,0,10,2,2,10.5,10.5,73.7,0,0,5,6,2,2,19,14,0,5,3,5,1,26.3,15.8,1,26.3,5.3,6,2021
"Patrick Mahomes",11765,"QB","KC",1,18,11.1,0,16,0,1,16.7,16.7,83.3,0,0,3,2,3,3,18,15,0,6,2,3,0,33.3,11.1,2,16.7,0,6,2021
"Tua Tagovailoa",60326,"QB","MIA",1,17,0,0,17,0,0,29.4,29.4,100,0,0,0,0,5,5,17,17,0,2,6,0,1,11.8,35.3,0,0,5.9,6,2021
"Daniel Jones",39395,"QB","NYG",1,16,6.3,0,21,0,1,37.5,31.3,81.3,12.5,0,1,1,6,5,16,13,2,1,3,1,1,6.3,18.8,0,6.3,6.3,6,2021
"Justin Fields",82118,"QB","CHI",1,15,13.3,0,6,0,1,20,6.7,93.3,0,0,3,2,3,1,15,14,0,3,5,3,0,20,33.3,2,20,0,6,2021
"Josh Allen",46601,"QB","BUF",1,15,13.3,0,4,1,1,20,6.7,66.7,13.3,0,3,2,3,1,15,10,2,2,2,3,0,13.3,13.3,1,20,0,6,2021
"Jalen Hurts",40291,"QB","PHI",1,14,7.1,0,24,2,2,7.1,35.7,57.1,14.3,0,5,1,1,5,14,8,2,1,1,5,0,7.1,7.1,1,35.7,0,6,2021
"Sam Darnold",29048,"QB","CAR",1,13,30.8,0,5,0,2,23.1,23.1,84.6,0,0,2,4,3,3,13,11,0,1,3,2,0,7.7,23.1,0,15.4,0,6,2021
"Jared Goff",10635,"QB","DET",1,13,7.7,0,11,1,2,15.4,15.4,76.9,0,0,3,1,2,2,13,10,0,1,4,3,1,7.7,30.8,0,23.1,7.7,6,2021
"Baker Mayfield",46518,"QB","CLV",1,13,0,0,8,0,1,15.4,23.1,76.9,7.7,0,3,0,2,3,13,10,1,0,3,3,2,0,23.1,2,23.1,15.4,6,2021
"Davis Mills",52269,"QB","HST",1,11,9.1,0,13,0,1,18.2,0,63.6,27.3,0,1,1,2,0,11,7,3,2,4,1,0,18.2,36.4,0,9.1,0,6,2021
"Lamar Jackson",46416,"QB","BLT",1,11,18.2,0,3,3,1,9.1,9.1,54.5,9.1,0,4,2,1,1,11,6,1,2,1,4,0,18.2,9.1,0,36.4,0,6,2021
"Dak Prescott",10769,"QB","DAL",1,11,9.1,0,9,1,1,9.1,18.2,72.7,9.1,0,2,1,1,2,11,8,1,2,2,2,0,18.2,18.2,0,18.2,0,6,2021
"Trevor Lawrence",77632,"QB","JAX",1,11,27.3,0,15,1,0,0,0,72.7,27.3,0,1,3,0,0,11,8,3,1,3,1,1,9.1,27.3,0,9.1,9.1,6,2021
"Geno Smith",7820,"QB","SEA",1,10,10,0,29,1,0,20,20,90,0,0,1,1,2,2,10,9,0,0,3,1,2,0,30,0,10,20,6,2021
"Kyler Murray",38334,"QB","ARZ",1,10,0,0,1,0,1,20,30,90,0,0,2,0,2,3,10,9,0,1,3,2,1,10,30,1,20,10,6,2021
"Derek Carr",8671,"QB","LV",1,9,11.1,0,23,0,1,0,11.1,77.8,0,0,2,1,0,1,9,7,0,2,4,2,0,22.2,44.4,1,22.2,0,6,2021
"Aaron Rodgers",2241,"QB","GB",1,9,11.1,0,12,0,0,22.2,44.4,100,0,0,0,1,2,4,9,9,0,2,2,0,0,22.2,22.2,0,0,0,6,2021
"Kirk Cousins",7102,"QB","MIN",1,8,25,0,18,0,0,37.5,12.5,100,0,0,0,2,3,1,8,8,0,1,1,0,0,12.5,12.5,0,0,0,6,2021
"Joe Burrow",28022,"QB","CIN",1,8,0,0,7,0,0,12.5,37.5,87.5,0,0,1,0,1,3,8,7,0,1,2,1,0,12.5,25,1,12.5,0,6,2021
"Tom Brady",698,"QB","TB",1,8,0,0,30,0,0,12.5,0,100,0,0,0,0,1,0,8,8,0,5,1,0,1,62.5,12.5,0,0,12.5,6,2021
"Mac Jones",60323,"QB","NE",1,8,0,0,19,0,0,12.5,25,75,25,0,0,0,1,2,8,6,2,1,2,0,0,12.5,25,0,0,0,6,2021
"Ben Roethlisberger",1732,"QB","PIT",1,8,12.5,0,25,0,0,12.5,25,75,12.5,0,1,1,1,2,8,6,1,0,2,1,0,0,25,1,12.5,0,6,2021
"Carson Wentz",10636,"QB","IND",1,7,0,0,14,0,0,14.3,28.6,100,0,0,0,0,1,2,7,7,0,2,1,0,1,28.6,14.3,0,0,14.3,6,2021
"Ryan Tannehill",7014,"QB","TEN",1,7,0,0,31,0,0,14.3,42.9,100,0,0,0,0,1,3,7,7,0,2,1,0,1,28.6,14.3,0,0,14.3,6,2021
"Taylor Heinicke",9896,"QB","WAS",1,6,33.3,0,32,2,1,16.7,16.7,66.7,0,0,3,2,1,1,6,4,0,2,0,3,0,33.3,0,0,50,0,6,2021
"Matthew Stafford",4924,"QB","LA",1,5,40,0,26,0,0,40,0,100,0,0,0,2,2,0,5,5,0,1,0,0,0,20,0,0,0,0,6,2021
"Justin Herbert",28237,"QB","LAC",1,5,0,0,27,0,1,0,0,80,0,0,1,0,0,0,5,4,0,0,4,1,0,0,80,0,20,0,6,2021
"Case Keenum",7323,"QB","CLV",1,2,0,0,8,0,0,0,0,100,0,0,0,0,0,0,2,2,0,2,0,0,0,100,0,0,0,0,6,2021
"Jacoby Brissett",10725,"QB","MIA",1,1,100,0,17,0,0,0,0,100,0,0,0,1,0,0,1,1,0,0,0,0,0,0,0,0,0,0,6,2021
"John Wolford",46454,"QB","LA",1,1,0,0,26,0,0,0,0,100,0,0,0,0,0,0,1,1,0,1,0,0,0,100,0,0,0,0,6,2021
"Taylor Heinicke",9896,"QB","WAS",1,19,21.1,0,32,1,2,15.8,36.8,78.9,5.3,0,3,4,3,7,19,15,1,3,5,3,0,15.8,26.3,0,15.8,0,7,2021
"Jalen Hurts",40291,"QB","PHI",1,16,6.3,0,24,1,2,6.3,50,81.3,0,0,3,1,1,8,16,13,0,2,4,3,0,12.5,25,0,18.8,0,7,2021
"Matt Ryan",4317,"QB","ATL",1,15,0,0,2,2,0,33.3,0,80,6.7,0,2,0,5,0,15,12,1,2,3,2,2,13.3,20,0,13.3,13.3,7,2021
"Patrick Mahomes",11765,"QB","KC",1,15,6.7,0,16,1,3,13.3,20,73.3,0,0,4,1,2,3,15,11,0,4,3,4,0,26.7,20,0,26.7,0,7,2021
"Lamar Jackson",46416,"QB","BLT",1,15,6.7,0,3,0,2,6.7,40,73.3,0,0,4,1,1,6,15,11,0,1,1,4,1,6.7,6.7,2,26.7,6.7,7,2021
"Geno Smith",7820,"QB","SEA",1,14,14.3,0,29,0,1,14.3,28.6,78.6,7.1,0,2,2,2,4,14,11,1,1,2,2,2,7.1,14.3,1,14.3,14.3,7,2021
"Tua Tagovailoa",60326,"QB","MIA",1,12,16.7,0,17,0,1,33.3,16.7,91.7,0,0,1,2,4,2,12,11,0,2,2,1,0,16.7,16.7,0,8.3,0,7,2021
"Joe Burrow",28022,"QB","CIN",1,12,8.3,0,7,0,0,0,50,91.7,8.3,0,0,1,0,6,12,11,1,1,3,0,1,8.3,25,0,0,8.3,7,2021
"Sam Darnold",29048,"QB","CAR",1,11,18.2,0,5,0,0,18.2,18.2,81.8,9.1,0,1,2,2,2,11,9,1,2,1,1,1,18.2,9.1,1,9.1,9.1,7,2021
"Kyler Murray",38334,"QB","ARZ",1,10,0,0,1,0,1,20,10,70,0,0,3,0,2,1,10,7,0,3,2,3,0,30,20,2,30,0,7,2021
"Justin Fields",82118,"QB","CHI",1,9,11.1,0,6,0,0,0,11.1,88.9,11.1,0,0,1,0,1,9,8,1,1,5,0,1,11.1,55.6,0,0,11.1,7,2021
"Jameis Winston",9434,"QB","NO",1,9,0,0,20,0,2,11.1,11.1,66.7,0,0,3,0,1,1,9,6,0,2,2,3,1,22.2,22.2,1,33.3,11.1,7,2021
"Case Keenum",7323,"QB","CLV",1,9,11.1,0,8,1,0,11.1,55.6,88.9,-11.1,0,1,1,1,5,9,8,-1,3,3,1,1,33.3,33.3,0,11.1,11.1,7,2021
"Jared Goff",10635,"QB","DET",1,8,0,0,11,0,0,37.5,25,100,0,0,0,0,3,2,8,8,0,1,2,0,0,12.5,25,0,0,0,7,2021
"Derek Carr",8671,"QB","LV",1,8,0,0,23,0,0,50,0,100,0,0,0,0,4,0,8,8,0,4,3,0,0,50,37.5,0,0,0,7,2021
"Aaron Rodgers",2241,"QB","GB",1,7,14.3,0,12,0,0,28.6,14.3,100,0,0,0,1,2,1,7,7,0,1,3,0,0,14.3,42.9,0,0,0,7,2021
"Teddy Bridgewater",8667,"QB","DEN",1,7,14.3,0,10,0,0,14.3,57.1,100,0,0,1,1,1,4,7,7,0,0,3,1,0,0,42.9,1,14.3,0,7,2021
"Daniel Jones",39395,"QB","NYG",1,7,28.6,0,21,0,0,14.3,0,100,0,0,0,2,1,0,7,7,0,3,1,0,1,42.9,14.3,0,0,14.3,7,2021
"Davis Mills",52269,"QB","HST",1,7,14.3,0,13,0,0,14.3,0,100,-14.3,0,0,1,1,0,7,7,-1,4,1,0,2,57.1,14.3,0,0,28.6,7,2021
"Phillip Walker",12134,"QB","CAR",1,7,0,0,5,0,0,14.3,57.1,100,0,0,1,0,1,4,7,7,0,4,2,1,0,57.1,28.6,1,14.3,0,7,2021
"Carson Wentz",10636,"QB","IND",1,6,0,0,14,0,0,33.3,33.3,100,0,0,0,0,2,2,6,6,0,1,2,0,0,16.7,33.3,0,0,0,7,2021
"Tyler Huntley",46448,"QB","BLT",1,6,16.7,0,3,0,2,16.7,33.3,66.7,0,0,2,1,1,2,6,4,0,0,2,2,0,0,33.3,0,33.3,0,7,2021
"Jimmy Garoppolo",8697,"QB","SF",1,5,0,0,28,1,0,0,40,60,0,0,2,0,0,2,5,3,0,2,1,2,0,40,20,1,40,0,7,2021
"Ryan Tannehill",7014,"QB","TEN",1,5,20,0,31,0,0,20,60,100,0,0,0,1,1,3,5,5,0,0,1,0,0,0,20,0,0,0,7,2021
"Matthew Stafford",4924,"QB","LA",1,5,80,0,26,0,0,0,0,80,20,0,0,4,0,0,5,4,1,0,0,0,0,0,0,0,0,0,7,2021
"Tom Brady",698,"QB","TB",1,5,20,0,30,0,1,20,20,80,0,0,1,1,1,1,5,4,0,0,1,1,0,0,20,0,20,0,7,2021
"Mike White",46453,"QB","NYJ",1,4,25,0,22,2,0,25,0,50,0,0,2,1,1,0,4,2,0,1,0,2,0,25,0,0,50,0,7,2021
"Mac Jones",60323,"QB","NE",1,4,0,0,19,0,0,25,0,100,0,0,0,0,1,0,4,4,0,1,2,0,0,25,50,0,0,0,7,2021
"Zach Wilson",82096,"QB","NYJ",1,4,25,0,22,1,0,25,0,75,0,0,1,1,1,0,4,3,0,0,1,1,0,0,25,0,25,0,7,2021
"Chad Henne",4371,"QB","KC",1,2,0,0,16,0,0,0,100,100,0,0,0,0,0,2,2,2,0,0,0,0,0,0,0,0,0,0,7,2021
"Brian Hoyer",5277,"QB","NE",1,1,0,0,19,0,0,100,0,100,0,0,0,0,1,0,1,1,0,0,0,0,0,0,0,0,0,0,7,2021
"Blaine Gabbert",6162,"QB","TB",1,1,0,0,30,0,0,0,0,100,0,0,0,0,0,0,1,1,0,0,0,0,1,0,0,0,0,100,7,2021
"Trevor Lawrence",77632,"QB","JAX",1,18,11.1,0,15,2,1,0,33.3,83.3,0,0,4,2,0,6,18,15,0,3,5,4,0,16.7,27.8,1,22.2,0,8,2021
"Justin Herbert",28237,"QB","LAC",1,16,0,0,27,0,0,0,12.5,81.3,12.5,0,1,0,0,2,16,13,2,3,8,1,0,18.8,50,1,6.3,0,8,2021
"Tua Tagovailoa",60326,"QB","MIA",1,16,12.5,0,17,0,0,0,37.5,93.8,6.3,0,0,2,0,6,16,15,1,1,9,0,0,6.3,56.3,0,0,0,8,2021
"Jared Goff",10635,"QB","DET",1,15,0,0,11,0,2,13.3,6.7,73.3,6.7,0,4,0,2,1,15,11,1,2,6,4,0,13.3,40,2,26.7,0,8,2021
"Davis Mills",52269,"QB","HST",1,15,26.7,0,13,1,1,20,20,80,6.7,0,2,4,3,3,15,12,1,4,2,2,0,26.7,13.3,0,13.3,0,8,2021
"Kirk Cousins",7102,"QB","MIN",1,15,26.7,0,18,0,0,26.7,13.3,100,0,0,0,4,4,2,15,15,0,3,2,0,2,20,13.3,0,0,13.3,8,2021
"Carson Wentz",10636,"QB","IND",1,15,13.3,0,14,1,1,20,13.3,80,6.7,0,2,2,3,2,15,12,1,6,1,2,0,40,6.7,0,13.3,0,8,2021
"Patrick Mahomes",11765,"QB","KC",1,14,14.3,0,16,0,4,7.1,0,50,7.1,0,6,2,1,0,14,7,1,4,1,6,1,28.6,7.1,2,42.9,7.1,8,2021
"Mike White",46453,"QB","NYJ",1,13,7.7,0,22,0,0,38.5,23.1,100,0,0,1,1,5,3,13,13,0,1,4,1,0,7.7,30.8,1,7.7,0,8,2021
"Justin Fields",82118,"QB","CHI",1,12,25,0,6,0,0,8.3,41.7,100,-8.3,0,0,3,1,5,12,12,-1,2,2,0,2,16.7,16.7,0,0,16.7,8,2021
"Taylor Heinicke",9896,"QB","WAS",1,12,0,0,32,0,0,33.3,8.3,100,0,0,1,0,4,1,12,12,0,3,5,1,0,25,41.7,1,8.3,0,8,2021
"Daniel Jones",39395,"QB","NYG",1,11,0,0,21,0,1,18.2,18.2,81.8,0,0,2,0,2,2,11,9,0,4,2,2,1,36.4,18.2,1,18.2,9.1,8,2021
"Baker Mayfield",46518,"QB","CLV",1,10,0,0,8,0,0,0,50,90,0,0,2,0,0,5,10,9,0,1,5,2,0,10,50,2,20,0,8,2021
"Aaron Rodgers",2241,"QB","GB",1,10,10,0,12,0,0,30,10,90,0,0,1,1,3,1,10,9,0,1,4,1,0,10,40,1,10,0,8,2021
"Ryan Tannehill",7014,"QB","TEN",1,10,0,0,31,0,0,30,20,90,10,0,0,0,3,2,10,9,1,4,2,0,0,40,20,0,0,0,8,2021
"Cooper Rush",12324,"QB","DAL",1,10,20,0,9,0,0,10,40,70,30,0,0,2,1,4,10,7,3,1,0,0,0,10,0,0,0,0,8,2021
"Matt Ryan",4317,"QB","ATL",1,10,0,0,2,0,0,30,40,100,0,0,0,0,3,4,10,10,0,1,2,0,1,10,20,0,0,10,8,2021
"Kyler Murray",38334,"QB","ARZ",1,9,0,0,1,0,0,44.4,33.3,88.9,11.1,0,1,0,4,3,9,8,1,2,1,1,0,22.2,11.1,1,11.1,0,8,2021
"Geno Smith",7820,"QB","SEA",1,8,25,0,29,0,0,25,25,100,0,0,2,2,2,2,8,8,0,0,1,2,1,0,12.5,2,25,12.5,8,2021
"Teddy Bridgewater",8667,"QB","DEN",1,8,25,0,10,0,0,50,12.5,100,0,0,0,2,4,1,8,8,0,0,0,0,2,0,0,0,0,25,8,2021
"Mac Jones",60323,"QB","NE",1,7,0,0,19,0,1,28.6,28.6,85.7,0,0,1,0,2,2,7,6,0,1,1,1,0,14.3,14.3,0,14.3,0,8,2021
"Trevor Siemian",9683,"QB","NO",1,7,0,0,20,2,0,0,42.9,57.1,0,0,3,0,0,3,7,4,0,1,0,3,1,14.3,0,1,42.9,14.3,8,2021
"Joe Burrow",28022,"QB","CIN",1,7,42.9,0,7,0,0,14.3,0,85.7,14.3,0,0,3,1,0,7,6,1,1,1,0,0,14.3,14.3,0,0,0,8,2021
"Tom Brady",698,"QB","TB",1,6,50,0,30,0,0,33.3,33.3,100,0,0,0,3,2,2,6,6,0,1,1,0,0,16.7,16.7,0,0,0,8,2021
"Sam Darnold",29048,"QB","CAR",1,6,0,0,5,0,0,33.3,50,100,0,0,0,0,2,3,6,6,0,1,1,0,0,16.7,16.7,0,0,0,8,2021
"Josh Allen",46601,"QB","BUF",1,6,0,0,4,0,0,0,0,33.3,66.7,0,0,0,0,0,6,2,4,1,1,0,0,16.7,16.7,0,0,0,8,2021
"Jimmy Garoppolo",8697,"QB","SF",1,5,0,0,28,0,2,20,20,60,0,0,2,0,1,1,5,3,0,0,1,2,0,0,20,0,40,0,8,2021
"Jalen Hurts",40291,"QB","PHI",1,5,0,0,24,0,2,20,20,60,0,0,2,0,1,1,5,3,0,1,1,2,0,20,20,0,40,0,8,2021
"Ben Roethlisberger",1732,"QB","PIT",1,5,40,0,25,0,0,20,80,100,0,0,0,2,1,4,5,5,0,0,1,0,0,0,20,0,0,0,8,2021
"Jameis Winston",9434,"QB","NO",1,3,0,0,20,0,0,33.3,33.3,100,0,0,0,0,1,1,3,3,0,1,0,0,0,33.3,0,0,0,0,8,2021
"David Blough",46508,"QB","DET",1,2,0,0,11,0,0,0,50,100,0,0,0,0,0,1,2,2,0,1,0,0,0,50,0,0,0,0,8,2021
"Matthew Stafford",4924,"QB","LA",1,1,100,0,26,0,0,0,0,100,0,0,0,1,0,0,1,1,0,0,0,0,0,0,0,0,0,0,8,2021
"John Wolford",46454,"QB","LA",1,1,0,0,26,0,0,0,0,100,0,0,0,0,0,0,1,1,0,0,1,0,0,0,100,0,0,0,8,2021
"Chris Boswell",8990,"K","PIT",1,1,0,0,25,1,0,0,0,0,100,0,1,0,0,0,1,0,1,0,0,0,0,0,0,0,0,0,8,2021
"Leonard Fournette",11759,"HB","TB",1,1,0,0,30,0,1,0,0,0,100,0,1,0,0,0,1,0,1,0,0,0,0,0,0,0,0,0,8,2021
"Josh Johnson",4474,"QB","NYJ",1,1,0,0,22,0,0,0,0,0,100,0,0,0,0,0,1,0,1,0,0,0,0,0,0,0,0,0,8,2021
"Jacoby Brissett",10725,"QB","MIA",1,24,16.7,0,17,0,1,16.7,37.5,87.5,4.2,0,2,4,4,9,24,21,1,1,6,2,1,4.2,25,1,8.3,4.2,9,2021
"Josh Allen",46601,"QB","BUF",1,19,15.8,0,4,0,1,26.3,26.3,94.7,0,0,1,3,5,5,19,18,0,5,5,1,0,26.3,26.3,0,5.3,0,9,2021
"Dak Prescott",10769,"QB","DAL",1,16,0,0,9,2,1,6.3,56.3,68.8,6.3,0,4,0,1,9,16,11,1,2,3,4,0,12.5,18.8,1,25,0,9,2021
"Tyrod Taylor",6332,"QB","HST",1,16,12.5,0,13,0,3,6.3,18.8,62.5,6.3,0,4,2,1,3,16,10,1,3,1,4,2,18.8,6.3,1,25,12.5,9,2021
"Joe Burrow",28022,"QB","CIN",1,15,0,0,7,1,0,26.7,13.3,73.3,20,0,2,0,4,2,15,11,3,4,2,2,0,26.7,13.3,1,13.3,0,9,2021
"Josh Johnson",4474,"QB","NYJ",1,15,13.3,0,22,0,3,13.3,6.7,73.3,6.7,0,4,2,2,1,15,11,1,3,5,4,0,20,33.3,1,26.7,0,9,2021
"Matthew Stafford",4924,"QB","LA",1,15,26.7,0,26,1,1,20,0,86.7,0,0,2,4,3,0,15,13,0,4,4,2,0,26.7,26.7,0,13.3,0,9,2021
"Derek Carr",8671,"QB","LV",1,14,0,0,23,0,0,14.3,14.3,100,0,0,0,0,2,2,14,14,0,6,5,0,0,42.9,35.7,0,0,0,9,2021
"Sam Darnold",29048,"QB","CAR",1,14,7.1,0,5,0,1,14.3,35.7,92.9,-7.1,0,1,1,2,5,14,13,-1,2,1,1,3,14.3,7.1,0,7.1,21.4,9,2021
"Jordan Love",40306,"QB","GB",1,14,28.6,0,12,0,0,0,7.1,92.9,7.1,0,0,4,0,1,14,13,1,6,3,0,1,42.9,21.4,0,0,7.1,9,2021
"Jimmy Garoppolo",8697,"QB","SF",1,13,15.4,0,28,0,1,23.1,30.8,92.3,0,0,1,2,3,4,13,12,0,5,4,1,0,38.5,30.8,0,7.7,0,9,2021
"Lamar Jackson",46416,"QB","BLT",1,13,23.1,0,3,0,1,23.1,7.7,76.9,7.7,0,2,3,3,1,13,10,1,0,3,2,0,0,23.1,1,15.4,0,9,2021
"Matt Ryan",4317,"QB","ATL",1,12,8.3,0,2,0,0,25,8.3,100,0,0,0,1,3,1,12,12,0,2,2,0,3,16.7,16.7,0,0,25,9,2021
"Ryan Tannehill",7014,"QB","TEN",1,12,8.3,0,31,0,0,8.3,50,100,0,0,0,1,1,6,12,12,0,1,4,0,1,8.3,33.3,0,0,8.3,9,2021
"Justin Fields",82118,"QB","CHI",1,11,18.2,0,6,0,1,45.5,18.2,81.8,0,0,2,2,5,2,11,9,0,0,0,2,0,0,0,1,18.2,0,9,2021
"Baker Mayfield",46518,"QB","CLV",1,8,12.5,0,8,0,1,12.5,12.5,75,12.5,0,1,1,1,1,8,6,1,1,4,1,0,12.5,50,0,12.5,0,9,2021
"Patrick Mahomes",11765,"QB","KC",1,8,0,0,16,0,2,0,12.5,75,0,0,2,0,0,1,8,6,0,2,2,2,1,25,25,0,25,12.5,9,2021
"Daniel Jones",39395,"QB","NYG",1,8,12.5,0,21,0,0,0,50,100,0,0,0,1,0,4,8,8,0,1,3,0,0,12.5,37.5,0,0,0,9,2021
"Ben Roethlisberger",1732,"QB","PIT",1,7,28.6,0,25,0,1,14.3,42.9,85.7,0,0,1,2,1,3,7,6,0,1,0,1,0,14.3,0,0,14.3,0,9,2021
"Kirk Cousins",7102,"QB","MIN",1,7,14.3,0,18,0,0,14.3,14.3,85.7,14.3,0,0,1,1,1,7,6,1,3,0,0,0,42.9,0,0,0,0,9,2021
"Teddy Bridgewater",8667,"QB","DEN",1,7,14.3,0,10,0,1,28.6,14.3,57.1,14.3,0,2,1,2,1,7,4,1,0,0,2,0,0,0,1,28.6,0,9,2021
"Trevor Siemian",9683,"QB","NO",1,7,0,0,20,0,1,28.6,14.3,57.1,28.6,0,1,0,2,1,7,4,2,0,0,1,1,0,0,0,14.3,14.3,9,2021
"Colt McCoy",5609,"QB","ARZ",1,5,0,0,1,1,0,0,20,80,0,0,1,0,0,1,5,4,0,1,1,1,2,20,20,0,20,40,9,2021
"Carson Wentz",10636,"QB","IND",1,5,0,0,14,0,0,20,0,100,0,0,0,0,1,0,5,5,0,3,1,0,0,60,20,0,0,0,9,2021
"Trevor Lawrence",77632,"QB","JAX",1,5,40,0,15,0,0,0,40,80,20,0,0,2,0,2,5,4,1,0,0,0,0,0,0,0,0,0,9,2021
"Jalen Hurts",40291,"QB","PHI",1,5,0,0,24,0,1,0,0,60,20,0,1,0,0,0,5,3,1,3,0,1,0,60,0,0,20,0,9,2021
"Mac Jones",60323,"QB","NE",1,4,0,0,19,0,0,25,50,100,0,0,0,0,1,2,4,4,0,0,0,0,1,0,0,0,0,25,9,2021
"Justin Herbert",28237,"QB","LAC",1,4,0,0,27,0,0,0,0,100,0,0,0,0,0,0,4,4,0,2,1,0,1,50,25,0,0,25,9,2021
"Mike White",46453,"QB","NYJ",1,4,25,0,22,0,0,50,25,100,0,0,0,1,2,1,4,4,0,2,1,0,0,50,25,0,0,0,9,2021
"Kadarius Toney",61245,"WR","NYG",1,1,0,0,21,0,0,0,0,0,100,0,1,0,0,0,1,0,1,0,0,0,0,0,0,1,0,0,9,2021
"Brandon Allen",10835,"QB","CIN",1,1,0,0,7,0,0,100,0,100,0,0,0,0,1,0,1,1,0,0,0,0,0,0,0,0,0,0,9,2021
"Russell Wilson",7077,"QB","SEA",1,21,0,0,29,0,1,28.6,28.6,90.5,0,0,3,0,6,6,21,19,0,7,4,3,0,33.3,19,2,14.3,0,10,2021
"Patrick Mahomes",11765,"QB","KC",1,17,11.8,0,16,1,0,0,17.6,94.1,0,0,1,2,0,3,17,16,0,5,9,1,0,29.4,52.9,0,5.9,0,10,2021
"Taylor Heinicke",9896,"QB","WAS",1,17,11.8,0,32,0,3,23.5,23.5,64.7,5.9,0,5,2,4,4,17,11,1,2,0,5,0,11.8,0,2,29.4,0,10,2021
"Trevor Lawrence",77632,"QB","JAX",1,16,12.5,0,15,0,1,31.3,12.5,81.3,0,0,3,2,5,2,16,13,0,2,3,3,0,12.5,18.8,2,18.8,0,10,2021
"Carson Wentz",10636,"QB","IND",1,15,26.7,0,14,1,1,26.7,20,73.3,13.3,0,2,4,4,3,15,11,2,1,1,2,0,6.7,6.7,0,13.3,0,10,2021
"Kirk Cousins",7102,"QB","MIN",1,14,21.4,0,18,0,0,21.4,14.3,85.7,7.1,0,1,3,3,2,14,12,1,3,2,1,0,21.4,14.3,1,7.1,0,10,2021
"Jacoby Brissett",10725,"QB","MIA",1,14,7.1,0,17,0,1,14.3,35.7,71.4,21.4,0,1,1,2,5,14,10,3,4,2,1,0,28.6,14.3,0,7.1,0,10,2021
"Teddy Bridgewater",8667,"QB","DEN",1,13,30.8,0,10,0,0,23.1,30.8,100,0,0,0,4,3,4,13,13,0,2,3,0,0,15.4,23.1,0,0,0,10,2021
"Derek Carr",8671,"QB","LV",1,12,8.3,0,23,0,0,33.3,25,100,-8.3,0,0,1,4,3,12,12,-1,3,3,0,1,25,25,0,0,8.3,10,2021
"Mike White",46453,"QB","NYJ",1,12,8.3,0,22,0,0,25,25,91.7,0,0,1,1,3,3,12,11,0,4,2,1,0,33.3,16.7,1,8.3,0,10,2021
"Lamar Jackson",46416,"QB","BLT",1,9,0,0,3,0,0,11.1,22.2,77.8,11.1,0,1,0,1,2,9,7,1,0,3,1,1,0,33.3,1,11.1,11.1,10,2021
"Justin Herbert",28237,"QB","LAC",1,8,0,0,27,0,0,12.5,12.5,75,0,0,2,0,1,1,8,6,0,2,1,2,1,25,12.5,2,25,12.5,10,2021
"Matthew Stafford",4924,"QB","LA",1,8,0,0,26,1,1,25,0,75,0,0,2,0,2,0,8,6,0,2,3,2,0,25,37.5,0,25,0,10,2021
"Jimmy Garoppolo",8697,"QB","SF",1,7,14.3,0,28,0,0,28.6,0,100,0,0,0,1,2,0,7,7,0,2,2,0,0,28.6,28.6,0,0,0,10,2021
"Matt Ryan",4317,"QB","ATL",1,7,14.3,0,2,0,0,28.6,28.6,100,0,0,0,1,2,2,7,7,0,0,2,0,0,0,28.6,0,0,0,10,2021
"Baker Mayfield",46518,"QB","CLV",1,7,14.3,0,8,0,2,14.3,14.3,71.4,0,0,2,1,1,1,7,5,0,2,1,2,0,28.6,14.3,0,28.6,0,10,2021
"Dak Prescott",10769,"QB","DAL",1,7,0,0,9,0,1,42.9,14.3,85.7,0,0,1,0,3,1,7,6,0,1,2,1,0,14.3,28.6,0,14.3,0,10,2021
"Aaron Rodgers",2241,"QB","GB",1,6,0,0,12,1,0,16.7,0,50,16.7,0,2,0,1,0,6,3,1,1,1,2,0,16.7,16.7,1,33.3,0,10,2021
"Case Keenum",7323,"QB","CLV",1,6,16.7,0,8,1,0,0,33.3,100,0,0,1,1,0,2,6,6,0,2,3,1,0,33.3,50,0,16.7,0,10,2021
"Trevor Siemian",9683,"QB","NO",1,6,16.7,0,20,0,0,16.7,16.7,83.3,0,0,1,1,1,1,6,5,0,2,0,1,0,33.3,0,1,16.7,0,10,2021
"Jared Goff",10635,"QB","DET",1,6,0,0,11,0,2,33.3,16.7,66.7,16.7,0,3,0,2,1,6,4,1,0,0,3,1,0,0,1,50,16.7,10,2021
"Tom Brady",698,"QB","TB",1,6,16.7,0,30,0,0,50,0,100,0,0,0,1,3,0,6,6,0,3,0,0,0,50,0,0,0,0,10,2021
"Jalen Hurts",40291,"QB","PHI",1,6,16.7,0,24,0,0,33.3,33.3,83.3,0,0,1,1,2,2,6,5,0,0,0,1,0,0,0,1,16.7,0,10,2021
"Mason Rudolph",46569,"QB","PIT",1,6,0,0,25,0,1,33.3,16.7,83.3,0,0,1,0,2,1,6,5,0,1,2,1,0,16.7,33.3,0,16.7,0,10,2021
"Tua Tagovailoa",60326,"QB","MIA",1,6,16.7,0,17,1,0,0,33.3,83.3,0,0,1,1,0,2,6,5,0,2,0,1,0,33.3,0,0,16.7,0,10,2021
"Ryan Tannehill",7014,"QB","TEN",1,6,0,0,31,0,0,33.3,33.3,100,0,0,0,0,2,2,6,6,0,3,0,0,0,50,0,0,0,0,10,2021
"Colt McCoy",5609,"QB","ARZ",1,5,0,0,1,0,0,0,20,80,20,0,0,0,0,1,5,4,1,2,1,0,0,40,20,0,0,0,10,2021
"Josh Allen",46601,"QB","BUF",1,5,20,0,4,0,0,40,20,80,0,0,1,1,2,1,5,4,0,1,1,1,0,20,20,1,20,0,10,2021
"Mac Jones",60323,"QB","NE",1,4,25,0,19,0,0,25,50,100,0,0,0,1,1,2,4,4,0,1,1,0,0,25,25,0,0,0,10,2021
"Phillip Walker",12134,"QB","CAR",1,4,0,0,5,0,0,0,25,75,25,0,0,0,0,1,4,3,1,1,2,0,0,25,50,0,0,0,10,2021
"Chris Streveler",46440,"QB","ARZ",1,2,50,0,1,0,0,0,0,50,0,0,1,1,0,0,2,1,0,0,0,1,0,0,0,1,50,0,10,2021
"Albert Wilson",8943,"WR","MIA",1,1,0,0,17,0,0,0,0,100,0,0,1,0,0,0,1,1,0,0,1,0,0,0,100,1,0,0,10,2021
"Daniel Jones",39395,"QB","NYG",1,19,10.5,0,21,0,2,26.3,10.5,78.9,10.5,0,2,2,5,2,19,15,2,6,2,2,2,31.6,10.5,0,10.5,10.5,11,2021
"Matt Ryan",4317,"QB","ATL",1,19,21.1,0,2,0,0,36.8,5.3,84.2,5.3,0,2,4,7,1,19,16,1,3,2,2,0,15.8,10.5,2,10.5,0,11,2021
"Joe Flacco",4332,"QB","NYJ",1,16,12.5,0,22,0,0,12.5,6.3,75,25,0,0,2,2,1,16,12,4,7,2,0,1,43.8,12.5,0,0,6.3,11,2021
"Patrick Mahomes",11765,"QB","KC",1,15,0,0,16,1,2,13.3,26.7,80,0,0,3,0,2,4,15,12,0,0,6,3,0,0,40,0,20,0,11,2021
"Kirk Cousins",7102,"QB","MIN",1,15,33.3,0,18,0,0,13.3,46.7,93.3,0,0,1,5,2,7,15,14,0,2,1,1,2,13.3,6.7,1,6.7,13.3,11,2021
"Ryan Tannehill",7014,"QB","TEN",1,14,14.3,0,31,0,0,50,14.3,92.9,7.1,0,0,2,7,2,14,13,1,0,4,0,0,0,28.6,0,0,0,11,2021
"Tyler Huntley",46448,"QB","BLT",1,13,15.4,0,3,0,2,30.8,30.8,76.9,0,0,4,2,4,4,13,10,0,1,4,4,0,7.7,30.8,2,30.8,0,11,2021
"Dak Prescott",10769,"QB","DAL",1,12,0,0,9,0,0,25,25,100,0,0,1,0,3,3,12,12,0,3,5,1,0,25,41.7,1,8.3,0,11,2021
"Derek Carr",8671,"QB","LV",1,12,8.3,0,23,1,0,16.7,25,91.7,0,0,1,1,2,3,12,11,0,5,1,1,0,41.7,8.3,0,8.3,0,11,2021
"Trevor Siemian",9683,"QB","NO",1,12,16.7,0,20,0,1,16.7,16.7,91.7,-8.3,0,1,2,2,2,12,11,-1,2,4,1,1,16.7,33.3,0,8.3,8.3,11,2021
"Joe Burrow",28022,"QB","CIN",1,10,0,0,7,0,1,10,40,80,0,0,2,0,1,4,10,8,0,2,4,2,0,20,40,1,20,0,11,2021
"Tua Tagovailoa",60326,"QB","MIA",1,10,20,0,17,0,1,20,50,90,0,0,1,2,2,5,10,9,0,2,5,1,0,20,50,0,10,0,11,2021
"Ben Roethlisberger",1732,"QB","PIT",1,10,20,0,25,0,0,30,40,100,0,0,0,2,3,4,10,10,0,1,3,0,0,10,30,0,0,0,11,2021
"Colt McCoy",5609,"QB","ARZ",1,9,22.2,0,1,0,0,22.2,11.1,88.9,11.1,0,0,2,2,1,9,8,1,3,1,0,0,33.3,11.1,0,0,0,11,2021
"Trevor Lawrence",77632,"QB","JAX",1,9,11.1,0,15,0,0,11.1,22.2,100,0,0,1,1,1,2,9,9,0,2,4,1,1,22.2,44.4,1,11.1,11.1,11,2021
"Andy Dalton",6187,"QB","CHI",1,9,0,0,6,0,0,0,11.1,66.7,22.2,0,1,0,0,1,9,6,2,2,3,1,0,22.2,33.3,1,11.1,0,11,2021
"Aaron Rodgers",2241,"QB","GB",1,9,33.3,0,12,1,0,11.1,11.1,88.9,0,0,2,3,1,1,9,8,0,2,2,2,1,22.2,22.2,1,22.2,11.1,11,2021
"Taylor Heinicke",9896,"QB","WAS",1,9,0,0,32,1,0,0,11.1,66.7,22.2,0,2,0,0,1,9,6,2,3,2,2,0,33.3,22.2,1,22.2,0,11,2021
"Russell Wilson",7077,"QB","SEA",1,8,12.5,0,29,0,1,0,12.5,75,12.5,0,1,1,0,1,8,6,1,2,4,1,0,25,50,0,12.5,0,11,2021
"Justin Herbert",28237,"QB","LAC",1,7,28.6,0,27,0,0,14.3,28.6,100,0,0,0,2,1,2,7,7,0,2,2,0,1,28.6,28.6,0,0,14.3,11,2021
"Jalen Hurts",40291,"QB","PHI",1,7,28.6,0,24,1,1,0,0,57.1,14.3,0,2,2,0,0,7,4,1,1,0,2,1,14.3,0,0,28.6,14.3,11,2021
"Tom Brady",698,"QB","TB",1,6,16.7,0,30,0,2,16.7,16.7,66.7,0,0,2,1,1,1,6,4,0,2,0,2,0,33.3,0,0,33.3,0,11,2021
"Cam Newton",6153,"QB","CAR",1,6,0,0,5,0,0,66.7,16.7,100,0,0,0,0,4,1,6,6,0,1,0,0,0,16.7,0,0,0,0,11,2021
"Tyrod Taylor",6332,"QB","HST",1,6,33.3,0,13,0,0,33.3,33.3,100,0,0,0,2,2,2,6,6,0,1,1,0,0,16.7,16.7,0,0,0,11,2021
"Carson Wentz",10636,"QB","IND",1,6,50,0,14,0,0,33.3,33.3,100,0,0,0,3,2,2,6,6,0,2,0,0,0,33.3,0,0,0,0,11,2021
"Tim Boyle",21956,"QB","DET",1,6,0,0,11,0,0,16.7,66.7,100,0,0,0,0,1,4,6,6,0,1,0,0,0,16.7,0,0,0,0,11,2021
"Josh Allen",46601,"QB","BUF",1,6,16.7,0,4,0,0,16.7,0,83.3,0,0,1,1,1,0,6,5,0,1,3,1,0,16.7,50,1,16.7,0,11,2021
"Mac Jones",60323,"QB","NE",1,5,0,0,19,0,1,0,20,60,20,0,1,0,0,1,5,3,1,1,1,1,0,20,20,0,20,0,11,2021
"Jimmy Garoppolo",8697,"QB","SF",1,5,20,0,28,1,0,0,0,80,0,0,1,1,0,0,5,4,0,1,2,1,0,20,40,0,20,0,11,2021
"Justin Fields",82118,"QB","CHI",1,4,25,0,6,0,0,0,50,75,0,0,1,1,0,2,4,3,0,0,1,1,0,0,25,1,25,0,11,2021
"Baker Mayfield",46518,"QB","CLV",1,4,0,0,8,0,1,0,25,75,0,0,1,0,0,1,4,3,0,0,2,1,0,0,50,0,25,0,11,2021
"Jarvis Landry",8698,"WR","CLV",1,1,0,0,8,0,1,0,0,0,0,0,1,0,0,0,1,0,0,0,0,1,0,0,0,0,100,0,11,2021
"Josh Rosen",35460,"QB","ATL",1,1,0,0,2,0,1,0,0,0,0,0,1,0,0,0,1,0,0,0,0,1,0,0,0,0,100,0,11,2021
"Blaine Gabbert",6162,"QB","TB",1,1,0,0,30,0,0,100,100,100,0,0,0,0,1,1,1,1,0,0,0,0,0,0,0,0,0,0,11,2021
"Justin Herbert",28237,"QB","LAC",1,17,5.9,0,27,0,1,35.3,17.6,94.1,-5.9,0,2,1,6,3,17,16,-1,5,3,2,1,29.4,17.6,1,11.8,5.9,12,2021
"Russell Wilson",7077,"QB","SEA",1,15,40,0,29,0,0,26.7,6.7,80,13.3,0,1,6,4,1,15,12,2,5,0,1,1,33.3,0,1,6.7,6.7,12,2021
"Ben Roethlisberger",1732,"QB","PIT",1,14,14.3,0,25,1,0,21.4,35.7,78.6,0,0,3,2,3,5,14,11,0,2,1,3,0,14.3,7.1,2,21.4,0,12,2021
"Matthew Stafford",4924,"QB","LA",1,14,7.1,0,26,0,0,21.4,21.4,92.9,7.1,0,0,1,3,3,14,13,1,2,5,0,0,14.3,35.7,0,0,0,12,2021
"Derek Carr",8671,"QB","LV",1,14,7.1,0,23,0,1,14.3,14.3,92.9,0,0,1,1,2,2,14,13,0,2,7,1,0,14.3,50,0,7.1,0,12,2021
"Aaron Rodgers",2241,"QB","GB",1,14,14.3,0,12,0,1,14.3,35.7,85.7,7.1,0,1,2,2,5,14,12,1,4,6,1,0,28.6,42.9,0,7.1,0,12,2021
"Trevor Siemian",9683,"QB","NO",1,12,16.7,0,20,0,0,25,16.7,83.3,8.3,0,1,2,3,2,12,10,1,0,5,1,0,0,41.7,1,8.3,0,12,2021
"Baker Mayfield",46518,"QB","CLV",1,12,0,0,8,1,0,0,33.3,75,0,0,3,0,0,4,12,9,0,2,3,3,1,16.7,25,2,25,8.3,12,2021
"Carson Wentz",10636,"QB","IND",1,11,27.3,0,14,0,0,0,36.4,100,0,0,0,3,0,4,11,11,0,3,4,0,1,27.3,36.4,0,0,9.1,12,2021
"Jalen Hurts",40291,"QB","PHI",1,11,9.1,0,24,0,2,27.3,18.2,81.8,0,0,2,1,3,2,11,9,0,3,1,2,0,27.3,9.1,0,18.2,0,12,2021
"Dak Prescott",10769,"QB","DAL",1,11,0,0,9,0,0,27.3,9.1,90.9,0,0,1,0,3,1,11,10,0,1,4,1,1,9.1,36.4,1,9.1,9.1,12,2021
"Jimmy Garoppolo",8697,"QB","SF",1,10,30,0,28,0,0,30,30,100,0,0,0,3,3,3,10,10,0,3,2,0,0,30,20,0,0,0,12,2021
"Josh Allen",46601,"QB","BUF",1,9,11.1,0,4,0,1,11.1,55.6,88.9,0,0,1,1,1,5,9,8,0,0,2,1,0,0,22.2,0,11.1,0,12,2021
"Andy Dalton",6187,"QB","CHI",1,9,0,0,6,0,0,11.1,44.4,100,0,0,0,0,1,4,9,9,0,1,3,0,0,11.1,33.3,0,0,0,12,2021
"Tyrod Taylor",6332,"QB","HST",1,9,44.4,0,13,0,0,0,11.1,100,0,0,0,4,0,1,9,9,0,4,2,0,0,44.4,22.2,0,0,0,12,2021
"Lamar Jackson",46416,"QB","BLT",1,9,22.2,0,3,1,0,33.3,22.2,66.7,11.1,0,2,2,3,2,9,6,1,0,0,2,0,0,0,1,22.2,0,12,2021
"Taylor Heinicke",9896,"QB","WAS",1,8,0,0,32,0,1,25,25,75,12.5,0,1,0,2,2,8,6,1,2,2,1,0,25,25,0,12.5,0,12,2021
"Daniel Jones",39395,"QB","NYG",1,8,12.5,0,21,1,0,37.5,12.5,87.5,0,0,2,1,3,1,8,7,0,2,1,2,0,25,12.5,1,25,0,12,2021
"Phillip Walker",12134,"QB","CAR",1,8,0,0,5,1,0,37.5,25,87.5,12.5,0,1,0,3,2,8,7,1,2,1,1,0,25,12.5,0,12.5,0,12,2021
"Zach Wilson",82096,"QB","NYJ",1,7,0,0,22,0,0,14.3,28.6,85.7,0,0,2,0,1,2,7,6,0,0,4,2,0,0,57.1,2,28.6,0,12,2021
"Ryan Tannehill",7014,"QB","TEN",1,7,28.6,0,31,0,0,14.3,28.6,85.7,14.3,0,0,2,1,2,7,6,1,2,3,0,0,28.6,42.9,0,0,0,12,2021
"Teddy Bridgewater",8667,"QB","DEN",1,7,14.3,0,10,0,0,0,28.6,100,0,0,0,1,0,2,7,7,0,2,2,0,1,28.6,28.6,0,0,14.3,12,2021
"Trevor Lawrence",77632,"QB","JAX",1,7,0,0,15,0,1,14.3,28.6,85.7,0,0,1,0,1,2,7,6,0,2,0,1,1,28.6,0,0,14.3,14.3,12,2021
"Tom Brady",698,"QB","TB",1,7,28.6,0,30,0,0,57.1,0,100,0,0,0,2,4,0,7,7,0,1,0,0,0,14.3,0,0,0,0,12,2021
"Mac Jones",60323,"QB","NE",1,6,16.7,0,19,0,0,16.7,0,83.3,16.7,0,0,1,1,0,6,5,1,0,3,0,0,0,50,0,0,0,12,2021
"Jared Goff",10635,"QB","DET",1,6,0,0,11,0,0,16.7,33.3,100,0,0,0,0,1,2,6,6,0,2,2,0,0,33.3,33.3,0,0,0,12,2021
"Tua Tagovailoa",60326,"QB","MIA",1,6,33.3,0,17,0,0,16.7,16.7,100,0,0,0,2,1,1,6,6,0,1,2,0,0,16.7,33.3,0,0,0,12,2021
"Cam Newton",6153,"QB","CAR",1,6,33.3,0,5,0,0,16.7,33.3,100,0,0,0,2,1,2,6,6,0,3,1,0,0,50,16.7,0,0,0,12,2021
"Matt Ryan",4317,"QB","ATL",1,5,20,0,2,1,0,40,0,60,0,0,2,1,2,0,5,3,0,0,1,2,0,0,20,1,40,0,12,2021
"Joe Burrow",28022,"QB","CIN",1,5,0,0,7,0,0,20,40,80,0,0,1,0,1,2,5,4,0,1,1,1,0,20,20,1,20,0,12,2021
"Kirk Cousins",7102,"QB","MIN",1,4,0,0,18,0,0,25,25,100,0,0,0,0,1,1,4,4,0,1,0,0,1,25,0,0,0,25,12,2021
"Drew Lock",39517,"QB","DEN",1,3,0,0,10,0,1,33.3,0,66.7,0,0,1,0,1,0,3,2,0,2,0,1,0,66.7,0,0,33.3,0,12,2021
"Jarvis Landry",8698,"WR","CLV",1,1,0,0,8,0,0,0,0,0,0,0,1,0,0,0,1,0,0,0,0,1,0,0,0,1,100,0,12,2021
"Lamar Jackson",46416,"QB","BLT",1,18,5.6,0,3,0,1,5.6,22.2,77.8,11.1,0,3,1,1,4,18,14,2,1,8,3,0,5.6,44.4,2,16.7,0,13,2021
"Mike Glennon",7854,"QB","NYG",1,18,16.7,0,21,0,1,16.7,5.6,66.7,22.2,0,3,3,3,1,18,12,4,3,2,3,0,16.7,11.1,2,16.7,0,13,2021
"Taysom Hill",12112,"QB","NO",1,17,5.9,0,20,1,0,23.5,5.9,88.2,0,0,2,1,4,1,17,15,0,6,3,2,2,35.3,17.6,1,11.8,11.8,13,2021
"Joe Burrow",28022,"QB","CIN",1,16,6.3,0,7,1,0,18.8,31.3,81.3,6.3,0,2,1,3,5,16,13,1,4,4,2,0,25,25,1,12.5,0,13,2021
"Matt Ryan",4317,"QB","ATL",1,15,20,0,2,0,1,26.7,13.3,86.7,0,0,2,3,4,2,15,13,0,5,0,2,2,33.3,0,1,13.3,13.3,13,2021
"Russell Wilson",7077,"QB","SEA",1,14,21.4,0,29,0,1,21.4,14.3,100,0,0,1,3,3,2,14,14,0,5,4,1,1,35.7,28.6,0,7.1,7.1,13,2021
"Zach Wilson",82096,"QB","NYJ",1,13,7.7,0,22,0,1,46.2,0,84.6,0,0,3,1,6,0,13,11,0,3,2,3,0,23.1,15.4,2,23.1,0,13,2021
"Jared Goff",10635,"QB","DET",1,12,8.3,0,11,1,1,16.7,16.7,58.3,16.7,0,3,1,2,2,12,7,2,2,1,3,0,16.7,8.3,1,25,0,13,2021
"Justin Herbert",28237,"QB","LAC",1,11,0,0,27,0,2,18.2,27.3,81.8,0,0,3,0,2,3,11,9,0,1,3,3,0,9.1,27.3,1,27.3,0,13,2021
"Teddy Bridgewater",8667,"QB","DEN",1,11,0,0,10,0,1,9.1,9.1,81.8,9.1,0,1,0,1,1,11,9,1,3,5,1,0,27.3,45.5,0,9.1,0,13,2021
"Kirk Cousins",7102,"QB","MIN",1,10,10,0,18,0,0,50,40,90,10,0,1,1,5,4,10,9,1,1,0,1,1,10,0,1,10,10,13,2021
"Andy Dalton",6187,"QB","CHI",1,10,30,0,6,0,1,20,10,90,0,0,2,3,2,1,10,9,0,2,2,2,0,20,20,1,20,0,13,2021
"Dak Prescott",10769,"QB","DAL",1,10,0,0,9,0,3,40,10,60,0,0,4,0,4,1,10,6,0,0,1,4,0,0,10,1,40,0,13,2021
"Derek Carr",8671,"QB","LV",1,9,0,0,23,0,1,44.4,0,88.9,0,0,1,0,4,0,9,8,0,3,1,1,0,33.3,11.1,0,11.1,0,13,2021
"Trevor Lawrence",77632,"QB","JAX",1,9,0,0,15,1,0,44.4,11.1,77.8,0,0,2,0,4,1,9,7,0,3,0,2,0,33.3,0,1,22.2,0,13,2021
"Josh Allen",46601,"QB","BUF",1,9,22.2,0,4,0,2,0,0,77.8,0,0,2,2,0,0,9,7,0,1,3,2,1,11.1,33.3,0,22.2,11.1,13,2021
"Tua Tagovailoa",60326,"QB","MIA",1,7,14.3,0,17,0,1,14.3,14.3,71.4,14.3,0,1,1,1,1,7,5,1,0,4,1,0,0,57.1,0,14.3,0,13,2021
"Davis Mills",52269,"QB","HST",1,7,0,0,13,3,0,0,0,42.9,0,0,4,0,0,0,7,3,0,0,3,4,0,0,42.9,1,57.1,0,13,2021
"Jimmy Garoppolo",8697,"QB","SF",1,7,0,0,28,1,0,14.3,0,71.4,14.3,0,1,0,1,0,7,5,1,2,3,1,0,28.6,42.9,0,14.3,0,13,2021
"Taylor Heinicke",9896,"QB","WAS",1,6,16.7,0,32,0,0,0,33.3,100,0,0,0,1,0,2,6,6,0,0,4,0,0,0,66.7,0,0,0,13,2021
"Kyler Murray",38334,"QB","ARZ",1,6,0,0,1,0,0,16.7,0,83.3,0,0,1,0,1,0,6,5,0,1,3,1,0,16.7,50,1,16.7,0,13,2021
"Carson Wentz",10636,"QB","IND",1,5,0,0,14,0,0,0,60,80,20,0,0,0,0,3,5,4,1,0,2,0,0,0,40,0,0,0,13,2021
"Ben Roethlisberger",1732,"QB","PIT",1,5,0,0,25,0,0,0,0,40,40,0,1,0,0,0,5,2,2,0,2,1,0,0,40,1,20,0,13,2021
"Tyrod Taylor",6332,"QB","HST",1,5,0,0,13,0,0,20,0,80,20,0,1,0,1,0,5,4,1,1,2,1,0,20,40,1,20,0,13,2021
"Patrick Mahomes",11765,"QB","KC",1,5,0,0,16,0,2,0,0,40,0,0,3,0,0,0,5,2,0,1,1,3,0,20,20,1,60,0,13,2021
"Gardner Minshew",41401,"QB","PHI",1,4,0,0,24,1,0,25,25,50,0,0,2,0,1,1,4,2,0,1,0,2,0,25,0,1,50,0,13,2021
"Matthew Stafford",4924,"QB","LA",1,4,0,0,26,0,0,25,0,50,50,0,0,0,1,0,4,2,2,0,1,0,0,0,25,0,0,0,13,2021
"Tom Brady",698,"QB","TB",1,3,0,0,30,0,0,33.3,33.3,100,0,0,0,0,1,1,3,3,0,1,0,0,0,33.3,0,0,0,0,13,2021
"Mac Jones",60323,"QB","NE",1,1,0,0,19,0,0,0,100,100,0,0,0,0,0,1,1,1,0,0,0,0,0,0,0,0,0,0,13,2021
"Justin Fields",82118,"QB","CHI",1,25,8,0,6,0,1,28,28,92,4,0,1,2,7,7,25,23,1,6,8,1,0,24,32,0,4,0,14,2021
"Kyler Murray",38334,"QB","ARZ",1,25,0,0,1,0,2,20,24,88,4,0,2,0,5,6,25,22,1,7,8,2,1,28,32,0,8,4,14,2021
"Derek Carr",8671,"QB","LV",1,21,0,0,23,1,0,0,38.1,90.5,4.8,0,1,0,0,8,21,19,1,9,7,1,1,42.9,33.3,0,4.8,4.8,14,2021
"Joe Burrow",28022,"QB","CIN",1,18,16.7,0,7,0,0,22.2,33.3,100,0,0,1,3,4,6,18,18,0,6,5,1,0,33.3,27.8,1,5.6,0,14,2021
"Taylor Heinicke",9896,"QB","WAS",1,16,12.5,0,32,0,0,12.5,12.5,87.5,0,0,1,2,2,2,16,14,0,3,6,1,1,18.8,37.5,1,6.3,6.3,14,2021
"Trevor Lawrence",77632,"QB","JAX",1,15,6.7,0,15,0,3,6.7,6.7,60,13.3,0,5,1,1,1,15,9,2,3,4,5,0,20,26.7,2,33.3,0,14,2021
"Ben Roethlisberger",1732,"QB","PIT",1,14,14.3,0,25,0,0,35.7,7.1,78.6,21.4,0,0,2,5,1,14,11,3,3,1,0,0,21.4,7.1,0,0,0,14,2021
"Jimmy Garoppolo",8697,"QB","SF",1,14,7.1,0,28,0,0,28.6,7.1,100,0,0,2,1,4,1,14,14,0,6,4,2,0,42.9,28.6,2,14.3,0,14,2021
"Dak Prescott",10769,"QB","DAL",1,13,7.7,0,9,0,1,23.1,7.7,69.2,0,0,4,1,3,1,13,9,0,3,1,4,1,23.1,7.7,3,30.8,7.7,14,2021
"Josh Allen",46601,"QB","BUF",1,12,0,0,4,0,0,16.7,16.7,83.3,16.7,0,0,0,2,2,12,10,2,3,5,0,0,25,41.7,0,0,0,14,2021
"Zach Wilson",82096,"QB","NYJ",1,11,9.1,0,22,0,1,27.3,9.1,81.8,-9.1,0,2,1,3,1,11,9,-1,2,3,2,1,18.2,27.3,1,18.2,9.1,14,2021
"Ryan Tannehill",7014,"QB","TEN",1,11,9.1,0,31,0,0,27.3,18.2,81.8,18.2,0,1,1,3,2,11,9,2,2,3,1,1,18.2,27.3,1,9.1,9.1,14,2021
"Matt Ryan",4317,"QB","ATL",1,10,20,0,2,0,1,0,10,90,0,0,1,2,0,1,10,9,0,3,3,1,0,30,30,0,10,0,14,2021
"Kirk Cousins",7102,"QB","MIN",1,10,0,0,18,0,0,20,40,90,10,0,0,0,2,4,10,9,1,4,1,0,0,40,10,0,0,0,14,2021
"Justin Herbert",28237,"QB","LAC",1,10,10,0,27,1,0,10,10,80,0,0,3,1,1,1,10,8,0,3,5,3,0,30,50,2,30,0,14,2021
"Davis Mills",52269,"QB","HST",1,9,0,0,13,0,1,33.3,11.1,77.8,11.1,0,1,0,3,1,9,7,1,1,2,1,0,11.1,22.2,0,11.1,0,14,2021
"Jared Goff",10635,"QB","DET",1,9,44.4,0,11,1,0,22.2,0,88.9,0,0,1,4,2,0,9,8,0,1,2,1,0,11.1,22.2,0,11.1,0,14,2021
"Patrick Mahomes",11765,"QB","KC",1,9,11.1,0,16,0,0,0,33.3,100,0,0,0,1,0,3,9,9,0,3,4,0,1,33.3,44.4,0,0,11.1,14,2021
"Taysom Hill",12112,"QB","NO",1,9,0,0,20,0,0,33.3,0,88.9,0,0,1,0,3,0,9,8,0,2,4,1,1,22.2,44.4,1,11.1,11.1,14,2021
"Tyler Huntley",46448,"QB","BLT",1,9,0,0,3,0,2,22.2,33.3,66.7,0,0,4,0,2,3,9,6,0,0,1,4,0,0,11.1,2,44.4,0,14,2021
"Mike Glennon",7854,"QB","NYG",1,8,0,0,21,0,1,12.5,37.5,75,0,0,2,0,1,3,8,6,0,1,1,2,0,12.5,12.5,1,25,0,14,2021
"Tom Brady",698,"QB","TB",1,8,0,0,30,0,1,12.5,37.5,62.5,12.5,0,2,0,1,3,8,5,1,1,1,2,0,12.5,12.5,1,25,0,14,2021
"Baker Mayfield",46518,"QB","CLV",1,7,14.3,0,8,0,2,14.3,0,71.4,0,0,2,1,1,0,7,5,0,1,2,2,1,14.3,28.6,0,28.6,14.3,14,2021
"Matthew Stafford",4924,"QB","LA",1,7,28.6,0,26,0,0,14.3,14.3,100,0,0,0,2,1,1,7,7,0,2,3,0,0,28.6,42.9,0,0,0,14,2021
"Aaron Rodgers",2241,"QB","GB",1,6,16.7,0,12,0,1,16.7,33.3,83.3,0,0,1,1,1,2,6,5,0,0,0,1,1,0,0,0,16.7,16.7,14,2021
"Russell Wilson",7077,"QB","SEA",1,6,16.7,0,29,0,0,0,33.3,100,0,0,0,1,0,2,6,6,0,1,3,0,0,16.7,50,0,0,0,14,2021
"Cam Newton",6153,"QB","CAR",1,6,16.7,0,5,0,1,16.7,16.7,83.3,0,0,1,1,1,1,6,5,0,3,0,1,0,50,0,0,16.7,0,14,2021
"Teddy Bridgewater",8667,"QB","DEN",1,4,25,0,10,0,0,0,25,100,0,0,0,1,0,1,4,4,0,0,2,0,0,0,50,0,0,0,14,2021
"Kyle Allen",26152,"QB","WAS",1,3,33.3,0,32,0,0,0,33.3,100,0,0,0,1,0,1,3,3,0,0,2,0,0,0,66.7,0,0,0,14,2021
"Phillip Walker",12134,"QB","CAR",1,3,0,0,5,0,0,33.3,33.3,66.7,33.3,0,0,0,1,1,3,2,1,0,0,0,0,0,0,0,0,0,14,2021
"Lamar Jackson",46416,"QB","BLT",1,2,0,0,3,0,1,0,50,50,0,0,1,0,0,1,2,1,0,0,0,1,0,0,0,0,50,0,14,2021
"Matt Ryan",4317,"QB","ATL",1,21,23.8,0,2,0,0,23.8,14.3,100,0,0,0,5,5,3,21,21,0,6,7,0,1,28.6,33.3,0,0,4.8,15,2021
"Cam Newton",6153,"QB","CAR",1,18,5.6,0,5,0,2,22.2,44.4,77.8,11.1,0,2,1,4,8,18,14,2,2,2,2,0,11.1,11.1,0,11.1,0,15,2021
"Josh Allen",46601,"QB","BUF",1,16,18.8,0,4,0,2,12.5,18.8,68.8,12.5,0,4,3,2,3,16,11,2,3,0,4,2,18.8,0,2,25,12.5,15,2021
"Tom Brady",698,"QB","TB",1,14,21.4,0,30,0,1,14.3,28.6,92.9,0,0,1,3,2,4,14,13,0,5,3,1,0,35.7,21.4,0,7.1,0,15,2021
"Garrett Gilbert",8848,"QB","WAS",1,14,35.7,0,32,0,0,7.1,14.3,92.9,7.1,0,0,5,1,2,14,13,1,5,3,0,0,35.7,21.4,0,0,0,15,2021
"Tyler Huntley",46448,"QB","BLT",1,14,7.1,0,3,0,4,7.1,0,57.1,7.1,0,5,1,1,0,14,8,1,2,3,5,1,14.3,21.4,1,35.7,7.1,15,2021
"Justin Fields",82118,"QB","CHI",1,14,28.6,0,6,0,2,28.6,14.3,78.6,0,0,4,4,4,2,14,11,0,3,1,4,0,21.4,7.1,2,28.6,0,15,2021
"Ryan Tannehill",7014,"QB","TEN",1,13,7.7,0,31,0,0,23.1,0,92.3,7.7,0,0,1,3,0,13,12,1,2,8,0,1,15.4,61.5,0,0,7.7,15,2021
"Derek Carr",8671,"QB","LV",1,13,15.4,0,23,0,2,38.5,0,84.6,0,0,2,2,5,0,13,11,0,0,5,2,1,0,38.5,0,15.4,7.7,15,2021
"Dak Prescott",10769,"QB","DAL",1,12,16.7,0,9,0,0,8.3,33.3,91.7,0,0,1,2,1,4,12,11,0,2,2,1,0,16.7,16.7,1,8.3,0,15,2021
"Davis Mills",52269,"QB","HST",1,12,0,0,13,0,3,16.7,25,58.3,8.3,0,4,0,2,3,12,7,1,1,2,4,0,8.3,16.7,1,33.3,0,15,2021
"Russell Wilson",7077,"QB","SEA",1,12,16.7,0,29,0,2,16.7,0,66.7,0,0,4,2,2,0,12,8,0,3,4,4,0,25,33.3,2,33.3,0,15,2021
"Trevor Lawrence",77632,"QB","JAX",1,11,9.1,0,15,0,4,18.2,18.2,36.4,9.1,0,7,1,2,2,11,4,1,1,0,7,0,9.1,0,3,63.6,0,15,2021
"Jalen Hurts",40291,"QB","PHI",1,11,9.1,0,24,0,2,36.4,9.1,81.8,0,0,2,1,4,1,11,9,0,3,1,2,0,27.3,9.1,0,18.2,0,15,2021
"Zach Wilson",82096,"QB","NYJ",1,11,0,0,22,0,1,9.1,27.3,63.6,18.2,0,2,0,1,3,11,7,2,2,3,2,1,18.2,27.3,1,18.2,9.1,15,2021
"Mac Jones",60323,"QB","NE",1,11,18.2,0,19,0,0,18.2,36.4,100,0,0,0,2,2,4,11,11,0,2,1,0,0,18.2,9.1,0,0,0,15,2021
"Taysom Hill",12112,"QB","NO",1,11,9.1,0,20,0,2,27.3,27.3,90.9,0,0,3,1,3,3,11,10,0,3,1,3,1,27.3,9.1,1,27.3,9.1,15,2021
"Joe Burrow",28022,"QB","CIN",1,10,20,0,7,0,1,10,30,80,0,0,3,2,1,3,10,8,0,0,4,3,0,0,40,2,30,0,15,2021
"Kirk Cousins",7102,"QB","MIN",1,10,10,0,18,0,1,0,20,90,0,0,1,1,0,2,10,9,0,6,0,1,0,60,0,0,10,0,15,2021
"Patrick Mahomes",11765,"QB","KC",1,10,0,0,16,0,1,0,30,90,0,0,1,0,0,3,10,9,0,3,4,1,0,30,40,0,10,0,15,2021
"Matthew Stafford",4924,"QB","LA",1,10,20,0,26,0,0,30,10,100,0,0,0,2,3,1,10,10,0,3,3,0,0,30,30,0,0,0,15,2021
"Teddy Bridgewater",8667,"QB","DEN",1,9,11.1,0,10,0,1,0,11.1,77.8,11.1,0,1,1,0,1,9,7,1,2,2,1,1,22.2,22.2,0,11.1,11.1,15,2021
"Tua Tagovailoa",60326,"QB","MIA",1,8,25,0,17,1,0,0,25,75,12.5,0,2,2,0,2,8,6,1,1,1,2,0,12.5,12.5,1,25,0,15,2021
"Justin Herbert",28237,"QB","LAC",1,7,0,0,27,0,0,14.3,42.9,85.7,14.3,0,0,0,1,3,7,6,1,2,0,0,0,28.6,0,0,0,0,15,2021
"Kyler Murray",38334,"QB","ARZ",1,7,0,0,1,0,0,0,57.1,71.4,14.3,0,1,0,0,4,7,5,1,0,2,1,0,0,28.6,1,14.3,0,15,2021
"Jared Goff",10635,"QB","DET",1,7,28.6,0,11,0,0,28.6,14.3,71.4,-14.3,0,2,2,2,1,7,5,-1,0,1,2,1,0,14.3,2,28.6,14.3,15,2021
"Ben Roethlisberger",1732,"QB","PIT",1,6,0,0,25,0,0,0,50,66.7,16.7,0,2,0,0,3,6,4,1,1,0,2,0,16.7,0,2,33.3,0,15,2021
"Nick Mullens",12282,"QB","CLV",1,5,0,0,8,0,0,0,20,100,0,0,0,0,0,1,5,5,0,1,3,0,0,20,60,0,0,0,15,2021
"Mike Glennon",7854,"QB","NYG",1,5,0,0,21,0,0,20,20,100,0,0,0,0,1,1,5,5,0,3,0,0,0,60,0,0,0,0,15,2021
"Aaron Rodgers",2241,"QB","GB",1,5,0,0,12,0,0,0,20,80,20,0,0,0,0,1,5,4,1,1,2,0,0,20,40,0,0,0,15,2021
"Drew Lock",39517,"QB","DEN",1,4,25,0,10,1,0,25,0,50,25,0,1,1,1,0,4,2,1,0,0,1,0,0,0,0,25,0,15,2021
"Carson Wentz",10636,"QB","IND",1,3,100,0,14,0,0,0,66.7,100,0,0,0,3,0,2,3,3,0,0,1,0,0,0,33.3,0,0,0,15,2021
"Jimmy Garoppolo",8697,"QB","SF",1,2,50,0,28,1,0,50,0,50,0,0,1,1,1,0,2,1,0,0,0,1,0,0,0,0,50,0,15,2021
"Jake Fromm",60389,"QB","NYG",1,1,0,0,21,0,0,0,0,100,0,0,0,0,0,0,1,1,0,1,0,0,0,100,0,0,0,0,15,2021
"Colt McCoy",5609,"QB","ARZ",1,1,0,0,1,0,0,0,0,100,0,0,0,0,0,0,1,1,0,1,0,0,0,100,0,0,0,0,15,2021
"Joe Burrow",28022,"QB","CIN",1,15,6.7,0,7,1,0,13.3,13.3,73.3,20,0,1,1,2,2,15,11,3,3,5,1,0,20,33.3,0,6.7,0,16,2021
"Josh Allen",46601,"QB","BUF",1,15,20,0,4,0,3,13.3,0,66.7,13.3,0,3,3,2,0,15,10,2,4,2,3,0,26.7,13.3,0,20,0,16,2021
"Sam Darnold",29048,"QB","CAR",1,14,7.1,0,5,0,0,42.9,21.4,85.7,7.1,0,1,1,6,3,14,12,1,3,1,1,1,21.4,7.1,1,7.1,7.1,16,2021
"Kirk Cousins",7102,"QB","MIN",1,14,28.6,0,18,0,0,7.1,7.1,100,0,0,1,4,1,1,14,14,0,6,3,1,0,42.9,21.4,1,7.1,0,16,2021
"Ian Book",40216,"QB","NO",1,14,0,0,20,1,0,21.4,0,64.3,14.3,0,4,0,3,0,14,9,2,1,5,4,0,7.1,35.7,3,28.6,0,16,2021
"Nick Foles",7089,"QB","CHI",1,13,23.1,0,6,2,0,0,38.5,84.6,0,0,2,3,0,5,13,11,0,3,3,2,0,23.1,23.1,0,15.4,0,16,2021
"Josh Johnson",4474,"QB","BLT",1,13,7.7,0,3,2,0,23.1,38.5,76.9,0,0,3,1,3,5,13,10,0,2,4,3,0,15.4,30.8,1,23.1,0,16,2021
"Drew Lock",39517,"QB","DEN",1,12,33.3,0,10,0,0,16.7,16.7,91.7,0,0,0,4,2,2,12,11,0,1,4,0,1,8.3,33.3,0,0,8.3,16,2021
"Baker Mayfield",46518,"QB","CLV",1,12,0,0,8,0,1,58.3,16.7,91.7,0,0,2,0,7,2,12,11,0,1,4,2,0,8.3,33.3,1,16.7,0,16,2021
"Ryan Tannehill",7014,"QB","TEN",1,11,9.1,0,31,0,1,27.3,45.5,90.9,0,0,1,1,3,5,11,10,0,0,1,1,1,0,9.1,0,9.1,9.1,16,2021
"Kyler Murray",38334,"QB","ARZ",1,11,0,0,1,0,1,18.2,54.5,81.8,9.1,0,1,0,2,6,11,9,1,1,1,1,0,9.1,9.1,0,9.1,0,16,2021
"Mike Glennon",7854,"QB","NYG",1,10,10,0,21,0,2,30,0,80,0,0,2,1,3,0,10,8,0,0,4,2,0,0,40,0,20,0,16,2021
"Carson Wentz",10636,"QB","IND",1,9,11.1,0,14,1,0,11.1,55.6,77.8,0,0,2,1,1,5,9,7,0,0,0,2,0,0,0,1,22.2,0,16,2021
"Ben Roethlisberger",1732,"QB","PIT",1,9,33.3,0,25,0,0,22.2,44.4,100,0,0,0,3,2,4,9,9,0,0,1,0,0,0,11.1,0,0,0,16,2021
"Matt Ryan",4317,"QB","ATL",1,9,44.4,0,2,0,0,11.1,0,88.9,0,0,1,4,1,0,9,8,0,2,1,1,1,22.2,11.1,1,11.1,11.1,16,2021
"Matthew Stafford",4924,"QB","LA",1,9,22.2,0,26,3,0,0,22.2,55.6,11.1,0,3,2,0,2,9,5,1,1,0,3,0,11.1,0,0,33.3,0,16,2021
"Tua Tagovailoa",60326,"QB","MIA",1,9,0,0,17,0,0,33.3,22.2,100,0,0,0,0,3,2,9,9,0,0,4,0,0,0,44.4,0,0,0,16,2021
"Trevor Lawrence",77632,"QB","JAX",1,8,37.5,0,15,0,1,37.5,0,87.5,0,0,1,3,3,0,8,7,0,0,2,1,0,0,25,0,12.5,0,16,2021
"Derek Carr",8671,"QB","LV",1,8,0,0,23,0,1,0,25,87.5,0,0,1,0,0,2,8,7,0,5,2,1,0,62.5,25,0,12.5,0,16,2021
"Patrick Mahomes",11765,"QB","KC",1,8,0,0,16,0,2,12.5,0,62.5,0,0,3,0,1,0,8,5,0,2,2,3,0,25,25,1,37.5,0,16,2021
"Jake Fromm",60389,"QB","NYG",1,8,12.5,0,21,0,1,25,12.5,87.5,0,0,2,1,2,1,8,7,0,1,4,2,0,12.5,50,1,25,0,16,2021
"Russell Wilson",7077,"QB","SEA",1,7,0,0,29,0,0,14.3,42.9,85.7,0,0,1,0,1,3,7,6,0,1,2,1,0,14.3,28.6,1,14.3,0,16,2021
"Jalen Hurts",40291,"QB","PHI",1,7,0,0,24,0,1,0,0,57.1,14.3,0,2,0,0,0,7,4,1,4,0,2,0,57.1,0,1,28.6,0,16,2021
"Dak Prescott",10769,"QB","DAL",1,7,42.9,0,9,0,1,0,0,57.1,14.3,0,2,3,0,0,7,4,1,1,0,2,0,14.3,0,1,28.6,0,16,2021
"Mac Jones",60323,"QB","NE",1,7,0,0,19,0,2,14.3,28.6,57.1,14.3,0,2,0,1,2,7,4,1,1,2,2,0,14.3,28.6,0,28.6,0,16,2021
"Taylor Heinicke",9896,"QB","WAS",1,7,14.3,0,32,0,0,14.3,28.6,85.7,14.3,0,0,1,1,2,7,6,1,1,1,0,0,14.3,14.3,0,0,0,16,2021
"Jimmy Garoppolo",8697,"QB","SF",1,7,0,0,28,0,0,42.9,14.3,100,0,0,0,0,3,1,7,7,0,2,0,0,1,28.6,0,0,0,14.3,16,2021
"Zach Wilson",82096,"QB","NYJ",1,6,16.7,0,22,0,1,33.3,0,83.3,0,0,1,1,2,0,6,5,0,3,1,1,0,50,16.7,0,16.7,0,16,2021
"Mason Rudolph",46569,"QB","PIT",1,6,33.3,0,25,0,0,0,16.7,100,0,0,0,2,0,1,6,6,0,2,3,0,0,33.3,50,0,0,0,16,2021
"Aaron Rodgers",2241,"QB","GB",1,6,16.7,0,12,0,0,0,50,100,0,0,0,1,0,3,6,6,0,3,0,0,0,50,0,0,0,0,16,2021
"Tim Boyle",21956,"QB","DET",1,5,0,0,11,0,0,0,20,100,0,0,0,0,0,1,5,5,0,1,3,0,0,20,60,0,0,0,16,2021
"Justin Herbert",28237,"QB","LAC",1,4,25,0,27,0,0,25,0,100,0,0,0,1,1,0,4,4,0,1,2,0,0,25,50,0,0,0,16,2021
"Cam Newton",6153,"QB","CAR",1,4,25,0,5,0,0,25,0,75,25,0,0,1,1,0,4,3,1,1,1,0,0,25,25,0,0,0,16,2021
"Tom Brady",698,"QB","TB",1,3,0,0,30,0,0,0,0,33.3,66.7,0,0,0,0,0,3,1,2,0,0,0,1,0,0,0,0,33.3,16,2021
"Davis Mills",52269,"QB","HST",1,2,0,0,13,0,0,50,0,100,0,0,0,0,1,0,2,2,0,2,0,0,0,100,0,0,0,0,16,2021
"A.J. Brown",48327,"WR","TEN",1,1,0,0,31,0,0,0,0,0,100,0,0,0,0,0,1,0,1,0,0,0,0,0,0,0,0,0,16,2021
"Kyle Allen",26152,"QB","WAS",1,1,0,0,32,0,0,0,0,100,0,0,0,0,0,0,1,1,0,0,1,0,0,0,100,0,0,0,16,2021
"Baker Mayfield",46518,"QB","CLV",1,16,6.3,0,8,0,1,25,12.5,75,0,0,5,1,4,2,16,12,0,2,5,5,0,12.5,31.3,4,31.3,0,17,2021
"Sam Darnold",29048,"QB","CAR",1,15,13.3,0,5,0,0,26.7,26.7,80,0,0,4,2,4,4,15,12,0,3,0,4,2,20,0,4,26.7,13.3,17,2021
"Davis Mills",52269,"QB","HST",1,14,14.3,0,13,0,0,21.4,35.7,100,0,0,0,2,3,5,14,14,0,3,2,0,1,21.4,14.3,0,0,7.1,17,2021
"Matt Ryan",4317,"QB","ATL",1,14,7.1,0,2,1,0,42.9,14.3,85.7,7.1,0,1,1,6,2,14,12,1,0,4,1,0,0,28.6,0,7.1,0,17,2021
"Derek Carr",8671,"QB","LV",1,14,7.1,0,23,0,1,14.3,14.3,85.7,-7.1,0,1,1,2,2,14,12,-1,4,6,1,2,28.6,42.9,0,7.1,14.3,17,2021
"Joe Burrow",28022,"QB","CIN",1,13,23.1,0,7,0,0,23.1,30.8,92.3,7.7,0,0,3,3,4,13,12,1,1,3,0,1,7.7,23.1,0,0,7.7,17,2021
"Taysom Hill",12112,"QB","NO",1,13,30.8,0,20,0,4,15.4,15.4,61.5,7.7,0,4,4,2,2,13,8,1,2,1,4,0,15.4,7.7,0,30.8,0,17,2021
"Patrick Mahomes",11765,"QB","KC",1,12,0,0,16,1,1,0,25,75,8.3,0,2,0,0,3,12,9,1,5,2,2,0,41.7,16.7,0,16.7,0,17,2021
"Carson Wentz",10636,"QB","IND",1,12,16.7,0,14,1,1,0,16.7,75,8.3,0,3,2,0,2,12,9,1,6,2,3,0,50,16.7,1,25,0,17,2021
"Sean Mannion",9522,"QB","MIN",1,12,8.3,0,18,0,1,25,33.3,83.3,8.3,0,1,1,3,4,12,10,1,3,3,1,0,25,25,0,8.3,0,17,2021
"Jalen Hurts",40291,"QB","PHI",1,12,8.3,0,24,0,1,50,8.3,83.3,8.3,0,1,1,6,1,12,10,1,2,0,1,0,16.7,0,0,8.3,0,17,2021
"Dak Prescott",10769,"QB","DAL",1,11,0,0,9,2,0,0,27.3,45.5,36.4,0,2,0,0,3,11,5,4,1,1,2,0,9.1,9.1,0,18.2,0,17,2021
"Zach Wilson",82096,"QB","NYJ",1,11,18.2,0,22,0,2,9.1,36.4,81.8,0,0,2,2,1,4,11,9,0,3,1,2,0,27.3,9.1,0,18.2,0,17,2021
"Tua Tagovailoa",60326,"QB","MIA",1,11,9.1,0,17,0,0,36.4,36.4,81.8,9.1,0,2,1,4,4,11,9,1,0,1,1,1,0,9.1,2,9.1,9.1,17,2021
"Taylor Heinicke",9896,"QB","WAS",1,11,36.4,0,32,0,0,45.5,9.1,100,0,0,0,4,5,1,11,11,0,1,4,0,0,9.1,36.4,0,0,0,17,2021
"Kyler Murray",38334,"QB","ARZ",1,10,10,0,1,0,0,10,10,90,10,0,1,1,1,1,10,9,1,2,5,1,0,20,50,1,10,0,17,2021
"Tyler Huntley",46448,"QB","BLT",1,10,10,0,3,1,1,10,20,60,10,0,3,1,1,2,10,6,1,2,2,3,0,20,20,1,30,0,17,2021
"Andy Dalton",6187,"QB","CHI",1,9,11.1,0,6,0,1,22.2,22.2,88.9,0,0,2,1,2,2,9,8,0,3,1,2,0,33.3,11.1,1,22.2,0,17,2021
"Ben Roethlisberger",1732,"QB","PIT",1,8,0,0,25,0,2,0,37.5,75,0,0,2,0,0,3,8,6,0,2,2,2,0,25,25,0,25,0,17,2021
"Mike Glennon",7854,"QB","NYG",1,8,25,0,21,0,0,25,25,87.5,0,0,1,2,2,2,8,7,0,2,1,1,0,25,12.5,1,12.5,0,17,2021
"Trevor Lawrence",77632,"QB","JAX",1,7,14.3,0,15,0,2,14.3,0,57.1,14.3,0,2,1,1,0,7,4,1,1,1,2,0,14.3,14.3,0,28.6,0,17,2021
"Aaron Rodgers",2241,"QB","GB",1,7,0,0,12,1,0,28.6,42.9,85.7,0,0,1,0,2,3,7,6,0,2,0,1,0,28.6,0,0,14.3,0,17,2021
"Tom Brady",698,"QB","TB",1,6,33.3,0,30,0,0,16.7,33.3,100,0,0,0,2,1,2,6,6,0,1,0,0,0,16.7,0,0,0,0,17,2021
"Tim Boyle",21956,"QB","DET",1,6,16.7,0,11,1,0,0,16.7,66.7,16.7,0,1,1,0,1,6,4,1,2,0,1,0,33.3,0,0,16.7,0,17,2021
"Josh Allen",46601,"QB","BUF",1,6,0,0,4,1,1,0,33.3,66.7,0,0,2,0,0,2,6,4,0,0,2,2,0,0,33.3,0,33.3,0,17,2021
"Matthew Stafford",4924,"QB","LA",1,5,0,0,26,0,0,20,40,100,0,0,0,0,1,2,5,5,0,1,1,0,1,20,20,0,0,20,17,2021
"Trey Lance",91399,"QB","SF",1,5,0,0,28,0,2,0,0,60,0,0,2,0,0,0,5,3,0,2,1,2,0,40,20,0,40,0,17,2021
"Justin Herbert",28237,"QB","LAC",1,4,0,0,27,1,0,50,0,75,0,0,1,0,2,0,4,3,0,0,0,1,1,0,0,0,25,25,17,2021
"Ryan Tannehill",7014,"QB","TEN",1,4,0,0,31,0,0,0,0,50,50,0,0,0,0,0,4,2,2,0,1,0,1,0,25,0,0,25,17,2021
"Drew Lock",39517,"QB","DEN",1,4,0,0,10,0,0,25,0,100,0,0,0,0,1,0,4,4,0,1,2,0,0,25,50,0,0,0,17,2021
"Mac Jones",60323,"QB","NE",1,3,33.3,0,19,0,0,0,0,66.7,33.3,0,0,1,0,0,3,2,1,1,0,0,0,33.3,0,0,0,0,17,2021
"Russell Wilson",7077,"QB","SEA",1,3,0,0,29,0,0,0,0,100,0,0,0,0,0,0,3,3,0,2,1,0,0,66.7,33.3,0,0,0,17,2021
"Stefon Diggs",9579,"WR","BUF",1,1,0,0,4,0,0,0,0,0,100,0,1,0,0,0,1,0,1,0,0,0,0,0,0,1,0,0,17,2021
"Justin Herbert",28237,"QB","LAC",1,20,10,0,27,0,0,20,20,100,0,0,0,2,4,4,20,20,0,2,11,0,0,10,55,0,0,0,18,2021
"Gardner Minshew",41401,"QB","PHI",1,18,0,0,24,0,0,27.8,44.4,100,0,0,0,0,5,8,18,18,0,4,5,0,0,22.2,27.8,0,0,0,18,2021
"Andy Dalton",6187,"QB","CHI",1,18,5.6,0,6,0,1,11.1,22.2,83.3,0,0,3,1,2,4,18,15,0,4,7,3,0,22.2,38.9,2,16.7,0,18,2021
"Matthew Stafford",4924,"QB","LA",1,17,11.8,0,26,0,0,47.1,11.8,100,0,0,0,2,8,2,17,17,0,7,3,0,0,41.2,17.6,0,0,0,18,2021
"Kyler Murray",38334,"QB","ARZ",1,16,0,0,1,0,1,18.8,43.8,81.3,0,0,3,0,3,7,16,13,0,3,1,3,1,18.8,6.3,2,18.8,6.3,18,2021
"Carson Wentz",10636,"QB","IND",1,15,20,0,14,0,0,20,20,93.3,-6.7,0,1,3,3,3,15,14,-1,4,4,1,1,26.7,26.7,1,6.7,6.7,18,2021
"Zach Wilson",82096,"QB","NYJ",1,15,0,0,22,0,1,13.3,13.3,80,6.7,0,5,0,2,2,15,12,1,5,4,5,0,33.3,26.7,4,33.3,0,18,2021
"Matt Ryan",4317,"QB","ATL",1,14,14.3,0,2,0,0,21.4,28.6,78.6,21.4,0,0,2,3,4,14,11,3,1,3,0,0,7.1,21.4,0,0,0,18,2021
"Davis Mills",52269,"QB","HST",1,14,14.3,0,13,0,2,0,0,85.7,0,0,2,2,0,0,14,12,0,2,6,2,3,14.3,42.9,0,14.3,21.4,18,2021
"Ryan Tannehill",7014,"QB","TEN",1,14,35.7,0,31,1,0,28.6,7.1,78.6,7.1,0,1,5,4,1,14,11,1,0,0,1,2,0,0,0,7.1,14.3,18,2021
"Jake Fromm",60389,"QB","NYG",1,13,23.1,0,21,0,0,38.5,0,84.6,7.7,0,1,3,5,0,13,11,1,4,2,1,0,30.8,15.4,1,7.7,0,18,2021
"Derek Carr",8671,"QB","LV",1,13,0,0,23,1,4,7.7,7.7,61.5,0,0,5,0,1,1,13,8,0,1,4,5,1,7.7,30.8,0,38.5,7.7,18,2021
"Tyler Huntley",46448,"QB","BLT",1,12,0,0,3,3,4,8.3,0,25,0,0,9,0,1,0,12,3,0,0,2,9,0,0,16.7,2,75,0,18,2021
"Jared Goff",10635,"QB","DET",1,12,33.3,0,11,0,0,16.7,41.7,100,0,0,0,4,2,5,12,12,0,0,7,0,1,0,58.3,0,0,8.3,18,2021
"Sam Darnold",29048,"QB","CAR",1,11,9.1,0,5,1,0,9.1,9.1,72.7,18.2,0,2,1,1,1,11,8,2,5,0,2,0,45.5,0,1,18.2,0,18,2021
"Patrick Mahomes",11765,"QB","KC",1,11,0,0,16,0,2,9.1,9.1,81.8,0,0,2,0,1,1,11,9,0,5,3,2,0,45.5,27.3,0,18.2,0,18,2021
"Josh Allen",46601,"QB","BUF",1,10,10,0,4,0,0,20,0,100,0,0,0,1,2,0,10,10,0,3,7,0,0,30,70,0,0,0,18,2021
"Russell Wilson",7077,"QB","SEA",1,10,20,0,29,1,1,20,10,70,0,0,3,2,2,1,10,7,0,1,2,3,0,10,20,1,30,0,18,2021
"Tua Tagovailoa",60326,"QB","MIA",1,9,11.1,0,17,0,2,0,33.3,77.8,0,0,2,1,0,3,9,7,0,1,3,2,0,11.1,33.3,0,22.2,0,18,2021
"Kirk Cousins",7102,"QB","MIN",1,9,22.2,0,18,0,0,11.1,11.1,100,0,0,0,2,1,1,9,9,0,1,4,0,1,11.1,44.4,0,0,11.1,18,2021
"Taylor Heinicke",9896,"QB","WAS",1,9,11.1,0,32,1,0,33.3,0,77.8,0,0,2,1,3,0,9,7,0,3,1,2,0,33.3,11.1,1,22.2,0,18,2021
"Tom Brady",698,"QB","TB",1,8,0,0,30,0,0,0,37.5,75,25,0,0,0,0,3,8,6,2,3,2,0,0,37.5,25,0,0,0,18,2021
"Jimmy Garoppolo",8697,"QB","SF",1,8,0,0,28,0,0,12.5,50,87.5,0,0,1,0,1,4,8,7,0,0,2,1,0,0,25,1,12.5,0,18,2021
"Mac Jones",60323,"QB","NE",1,8,25,0,19,0,1,0,12.5,87.5,-12.5,0,1,2,0,1,8,7,-1,1,1,1,3,12.5,12.5,0,12.5,37.5,18,2021
"Trevor Lawrence",77632,"QB","JAX",1,8,12.5,0,15,0,1,12.5,12.5,75,12.5,0,1,1,1,1,8,6,1,3,1,1,0,37.5,12.5,0,12.5,0,18,2021
"Aaron Rodgers",2241,"QB","GB",1,7,28.6,0,12,1,1,0,0,57.1,0,0,4,2,0,0,7,4,0,1,1,4,0,14.3,14.3,2,57.1,0,18,2021
"Ben Roethlisberger",1732,"QB","PIT",1,7,28.6,0,25,0,0,14.3,14.3,71.4,28.6,0,0,2,1,1,7,5,2,2,0,0,0,28.6,0,0,0,0,18,2021
"Brandon Allen",10835,"QB","CIN",1,6,0,0,7,0,0,0,33.3,100,0,0,0,0,0,2,6,6,0,3,1,0,0,50,16.7,0,0,0,18,2021
"Jordan Love",40306,"QB","GB",1,5,0,0,12,0,1,0,20,80,0,0,1,0,0,1,5,4,0,1,1,1,1,20,20,0,20,20,18,2021
"Dak Prescott",10769,"QB","DAL",1,5,20,0,9,0,0,20,40,80,0,0,1,1,1,2,5,4,0,0,0,1,0,0,0,1,20,0,18,2021
"Case Keenum",7323,"QB","CLV",1,4,25,0,8,1,0,0,0,50,0,0,2,1,0,0,4,2,0,1,0,2,0,25,0,1,50,0,18,2021
"Trevor Siemian",9683,"QB","NO",1,3,0,0,20,0,0,66.7,0,66.7,0,0,1,0,2,0,3,2,0,0,0,1,0,0,0,1,33.3,0,18,2021
"Taysom Hill",12112,"QB","NO",1,3,0,0,20,0,0,0,0,66.7,33.3,0,0,0,0,0,3,2,1,2,0,0,0,66.7,0,0,0,0,18,2021
"Drew Lock",39517,"QB","DEN",1,3,0,0,10,1,0,0,33.3,66.7,0,0,2,0,0,1,3,2,0,0,1,2,0,0,33.3,1,66.7,0,18,2021
"Jamison Crowder",9538,"WR","NYJ",1,1,0,0,22,0,0,0,0,0,100,0,1,0,0,0,1,0,1,0,0,0,0,0,0,1,0,0,18,2021
"Daniel Jones",39395,"QB","NYG",1,21,14.3,0,21,1,0,23.8,19,90.5,0,0,1,3,5,4,21,19,0,4,4,1,3,19,19,0,4.8,14.3,1,2020
"Carson Wentz",10636,"QB","PHI",1,18,16.7,0,24,0,0,22.2,27.8,77.8,16.7,0,1,3,4,5,18,14,3,2,6,1,0,11.1,33.3,1,5.6,0,1,2020
"Joe Burrow",28022,"QB","CIN",1,16,18.8,0,7,0,1,12.5,18.8,87.5,0,0,2,3,2,3,16,14,0,3,6,2,0,18.8,37.5,1,12.5,0,1,2020
"Dak Prescott",10769,"QB","DAL",1,16,6.3,0,9,0,2,25,12.5,87.5,0,0,2,1,4,2,16,14,0,4,3,2,0,25,18.8,0,12.5,0,1,2020
"Sam Darnold",29048,"QB","NYJ",1,15,13.3,0,22,0,1,40,13.3,93.3,-6.7,0,2,2,6,2,15,14,-1,5,3,2,1,33.3,20,1,13.3,6.7,1,2020
"Russell Wilson",7077,"QB","SEA",1,14,14.3,0,29,0,1,28.6,14.3,85.7,0,0,2,2,4,2,14,12,0,4,2,2,1,28.6,14.3,1,14.3,7.1,1,2020
"Tom Brady",698,"QB","TB",1,13,7.7,0,30,0,0,0,30.8,69.2,23.1,0,1,1,0,4,13,9,3,2,2,1,0,15.4,15.4,1,7.7,0,1,2020
"Dwayne Haskins",41897,"QB","WAS",1,13,23.1,0,32,0,0,38.5,30.8,92.3,0,0,1,3,5,4,13,12,0,3,2,1,0,23.1,15.4,1,7.7,0,1,2020
"Kyler Murray",38334,"QB","ARZ",1,12,0,0,1,0,3,0,41.7,58.3,8.3,0,5,0,0,5,12,7,1,1,2,5,0,8.3,16.7,2,41.7,0,1,2020
"Matthew Stafford",4924,"QB","DET",1,12,8.3,0,11,0,0,33.3,25,100,0,0,1,1,4,3,12,12,0,2,3,1,0,16.7,25,1,8.3,0,1,2020
"Josh Allen",46601,"QB","BUF",1,12,8.3,0,4,0,1,8.3,8.3,83.3,8.3,0,2,1,1,1,12,10,1,3,5,2,0,25,41.7,1,16.7,0,1,2020
"Lamar Jackson",46416,"QB","BLT",1,11,9.1,0,3,1,1,0,18.2,63.6,18.2,0,2,1,0,2,11,7,2,2,2,2,0,18.2,18.2,0,18.2,0,1,2020
"Deshaun Watson",11767,"QB","HST",1,11,18.2,0,13,0,0,18.2,18.2,100,0,0,1,2,2,2,11,11,0,2,3,1,1,18.2,27.3,1,9.1,9.1,1,2020
"Tyrod Taylor",6332,"QB","LAC",1,10,0,0,27,0,2,10,20,60,10,0,3,0,1,2,10,6,1,1,2,3,0,10,20,1,30,0,1,2020
"Matt Ryan",4317,"QB","ATL",1,10,10,0,2,0,0,0,30,70,30,0,0,1,0,3,10,7,3,2,1,0,0,20,10,0,0,0,1,2020
"Baker Mayfield",46518,"QB","CLV",1,9,11.1,0,8,0,2,11.1,33.3,77.8,0,0,2,1,1,3,9,7,0,0,2,2,1,0,22.2,0,22.2,11.1,1,2020
"Ryan Tannehill",7014,"QB","TEN",1,9,0,0,31,0,0,22.2,33.3,88.9,0,0,1,0,2,3,9,8,0,1,2,1,1,11.1,22.2,1,11.1,11.1,1,2020
"Jimmy Garoppolo",8697,"QB","SF",1,9,0,0,28,0,0,22.2,11.1,88.9,0,0,1,0,2,1,9,8,0,2,4,1,1,22.2,44.4,1,11.1,11.1,1,2020
"Mitchell Trubisky",11757,"QB","CHI",1,8,25,0,6,0,1,12.5,25,87.5,0,0,1,2,1,2,8,7,0,3,2,1,0,37.5,25,0,12.5,0,1,2020
"Ben Roethlisberger",1732,"QB","PIT",1,8,25,0,25,0,0,0,25,100,0,0,0,2,0,2,8,8,0,4,4,0,0,50,50,0,0,0,1,2020
"Drew Lock",39517,"QB","DEN",1,7,14.3,0,10,2,0,14.3,14.3,57.1,14.3,0,2,1,1,1,7,4,1,1,1,2,0,14.3,14.3,0,28.6,0,1,2020
"Patrick Mahomes",11765,"QB","KC",1,6,0,0,16,1,1,0,16.7,66.7,0,0,3,0,0,1,6,4,0,2,2,3,0,33.3,33.3,1,50,0,1,2020
"Kirk Cousins",7102,"QB","MIN",1,6,0,0,18,0,0,0,0,100,0,0,0,0,0,0,6,6,0,5,2,0,0,83.3,33.3,0,0,0,1,2020
"Teddy Bridgewater",8667,"QB","CAR",1,6,0,0,5,0,0,33.3,16.7,100,0,0,0,0,2,1,6,6,0,1,1,0,1,16.7,16.7,0,0,16.7,1,2020
"Philip Rivers",1725,"QB","IND",1,6,16.7,0,14,0,0,0,16.7,100,0,0,0,1,0,1,6,6,0,3,2,0,0,50,33.3,0,0,0,1,2020
"Drew Brees",802,"QB","NO",1,6,16.7,0,20,0,0,16.7,0,83.3,16.7,0,0,1,1,0,6,5,1,1,0,0,2,16.7,0,0,0,33.3,1,2020
"Ryan Fitzpatrick",2467,"QB","MIA",1,5,20,0,17,0,0,0,0,80,0,0,1,1,0,0,5,4,0,1,2,1,0,20,40,1,20,0,1,2020
"Jared Goff",10635,"QB","LA",1,5,0,0,26,0,1,40,20,80,0,0,1,0,2,1,5,4,0,1,1,1,0,20,20,0,20,0,1,2020
"Gardner Minshew",41401,"QB","JAX",1,5,0,0,15,0,1,0,20,40,0,0,3,0,0,1,5,2,0,1,1,3,0,20,20,2,60,0,1,2020
"Aaron Rodgers",2241,"QB","GB",1,4,0,0,12,2,1,25,0,25,0,0,3,0,1,0,4,1,0,0,0,3,0,0,0,0,75,0,1,2020
"Cam Newton",6153,"QB","NE",1,3,33.3,0,19,0,1,0,0,66.7,0,0,2,1,0,0,3,2,0,0,1,2,0,0,33.3,1,66.7,0,1,2020
"Derek Carr",8671,"QB","LV",1,2,0,0,23,0,0,0,50,100,0,0,0,0,0,1,2,2,0,1,1,0,0,50,50,0,0,0,1,2020
"Jacoby Brissett",10725,"QB","IND",1,1,0,0,14,0,0,0,0,0,0,0,1,0,0,0,1,0,0,0,0,1,0,0,0,1,100,0,1,2020
"Taysom Hill",12112,"QB","NO",1,1,100,0,20,0,0,0,0,100,0,0,0,1,0,0,1,1,0,0,0,0,0,0,0,0,0,0,1,2020
"Joe Burrow",28022,"QB","CIN",1,20,5,0,7,1,0,25,20,85,5,0,2,1,5,4,20,17,1,7,3,2,0,35,15,1,10,0,2,2020
"Patrick Mahomes",11765,"QB","KC",1,20,0,0,16,1,3,15,30,75,5,0,4,0,3,6,20,15,1,2,4,4,0,10,20,0,20,0,2,2020
"Jeff Driskel",10841,"QB","DEN",1,18,33.3,0,10,1,2,27.8,5.6,77.8,0,0,4,6,5,1,18,14,0,3,3,4,0,16.7,16.7,1,22.2,0,2,2020
"Teddy Bridgewater",8667,"QB","CAR",1,15,13.3,0,5,0,0,26.7,26.7,100,0,0,0,2,4,4,15,15,0,4,3,0,0,26.7,20,0,0,0,2,2020
"Deshaun Watson",11767,"QB","HST",1,15,0,0,13,0,2,13.3,13.3,80,0,0,4,0,2,2,15,12,0,6,6,4,0,40,40,2,26.7,0,2,2020
"Justin Herbert",28237,"QB","LAC",1,13,0,0,27,0,2,7.7,15.4,61.5,7.7,0,4,0,1,2,13,8,1,3,1,4,1,23.1,7.7,2,30.8,7.7,2,2020
"Kyler Murray",38334,"QB","ARZ",1,13,15.4,0,1,0,2,7.7,7.7,84.6,0,0,5,2,1,1,13,11,0,4,3,5,0,30.8,23.1,3,38.5,0,2,2020
"Daniel Jones",39395,"QB","NYG",1,12,8.3,0,21,0,2,33.3,41.7,83.3,0,0,2,1,4,5,12,10,0,2,3,2,0,16.7,25,0,16.7,0,2,2020
"Dwayne Haskins",41897,"QB","WAS",1,12,8.3,0,32,0,1,0,25,75,0,0,3,1,0,3,12,9,0,3,2,3,0,25,16.7,2,25,0,2,2020
"Gardner Minshew",41401,"QB","JAX",1,12,8.3,0,15,0,1,25,8.3,75,16.7,0,2,1,3,1,12,9,2,1,3,2,0,8.3,25,1,16.7,0,2,2020
"Dak Prescott",10769,"QB","DAL",1,11,9.1,0,9,0,1,9.1,18.2,81.8,9.1,0,1,1,1,2,11,9,1,1,4,1,0,9.1,36.4,0,9.1,0,2,2020
"Sam Darnold",29048,"QB","NYJ",1,11,36.4,0,22,0,0,18.2,18.2,100,0,0,0,4,2,2,11,11,0,3,2,0,0,27.3,18.2,0,0,0,2,2020
"Ryan Fitzpatrick",2467,"QB","MIA",1,11,0,0,17,1,1,18.2,45.5,81.8,0,0,3,0,2,5,11,9,0,3,3,3,0,27.3,27.3,1,27.3,0,2,2020
"Josh Allen",46601,"QB","BUF",1,10,0,0,4,0,1,30,20,80,0,0,2,0,3,2,10,8,0,2,1,2,0,20,10,1,20,0,2,2020
"Russell Wilson",7077,"QB","SEA",1,10,20,0,29,0,2,0,10,80,0,0,2,2,0,1,10,8,0,3,2,2,1,30,20,0,20,10,2,2020
"Kirk Cousins",7102,"QB","MIN",1,10,10,0,18,1,0,30,0,90,0,0,1,1,3,0,10,9,0,5,1,1,0,50,10,0,10,0,2,2020
"Derek Carr",8671,"QB","LV",1,10,20,0,23,0,0,50,10,90,-10,0,2,2,5,1,10,9,-1,1,1,2,1,10,10,2,20,10,2,2020
"Lamar Jackson",46416,"QB","BLT",1,9,0,0,3,0,2,11.1,11.1,66.7,0,0,4,0,1,1,9,6,0,2,2,4,0,22.2,22.2,2,44.4,0,2,2020
"Drew Brees",802,"QB","NO",1,9,11.1,0,20,0,1,33.3,11.1,77.8,11.1,0,1,1,3,1,9,7,1,2,1,1,1,22.2,11.1,0,11.1,11.1,2,2020
"Carson Wentz",10636,"QB","PHI",1,8,0,0,24,1,1,50,25,75,0,0,2,0,4,2,8,6,0,1,0,2,0,12.5,0,0,25,0,2,2020
"Jared Goff",10635,"QB","LA",1,8,37.5,0,26,0,1,12.5,0,87.5,0,0,1,3,1,0,8,7,0,2,1,1,0,25,12.5,0,12.5,0,2,2020
"Matthew Stafford",4924,"QB","DET",1,8,0,0,11,0,1,0,25,62.5,12.5,0,3,0,0,2,8,5,1,1,2,3,1,12.5,25,2,37.5,12.5,2,2020
"Matt Ryan",4317,"QB","ATL",1,8,25,0,2,0,0,12.5,12.5,87.5,0,0,1,2,1,1,8,7,0,3,1,1,0,37.5,12.5,1,12.5,0,2,2020
"Ryan Tannehill",7014,"QB","TEN",1,7,0,0,31,0,0,14.3,14.3,100,0,0,0,0,1,1,7,7,0,1,4,0,1,14.3,57.1,0,0,14.3,2,2020
"Philip Rivers",1725,"QB","IND",1,6,0,0,14,0,0,16.7,66.7,100,0,0,0,0,1,4,6,6,0,1,1,0,0,16.7,16.7,0,0,0,2,2020
"Cam Newton",6153,"QB","NE",1,6,0,0,19,1,1,16.7,0,83.3,0,0,2,0,1,0,6,5,0,3,1,2,0,50,16.7,0,33.3,0,2,2020
"Mitchell Trubisky",11757,"QB","CHI",1,6,33.3,0,6,0,0,50,0,100,-16.7,0,0,2,3,0,6,6,-1,0,2,0,1,0,33.3,0,0,16.7,2,2020
"Ben Roethlisberger",1732,"QB","PIT",1,5,20,0,25,1,1,0,0,40,20,0,2,1,0,0,5,2,1,0,1,2,1,0,20,0,40,20,2,2020
"Jimmy Garoppolo",8697,"QB","SF",1,5,0,0,28,0,0,40,0,80,20,0,0,0,2,0,5,4,1,1,1,0,0,20,20,0,0,0,2,2020
"Nick Mullens",12282,"QB","SF",1,5,0,0,28,0,0,20,20,100,0,0,1,0,1,1,5,5,0,2,2,1,0,40,40,1,20,0,2,2020
"Baker Mayfield",46518,"QB","CLV",1,5,0,0,8,0,2,0,20,60,0,0,2,0,0,1,5,3,0,1,0,2,1,20,0,0,40,20,2,2020
"Tom Brady",698,"QB","TB",1,5,0,0,30,0,0,0,20,100,0,0,0,0,0,1,5,5,0,2,2,0,0,40,40,0,0,0,2,2020
"Aaron Rodgers",2241,"QB","GB",1,5,0,0,12,0,0,0,20,80,20,0,0,0,0,1,5,4,1,1,2,0,0,20,40,0,0,0,2,2020
"Drew Lock",39517,"QB","DEN",1,3,0,0,10,0,0,0,0,66.7,33.3,0,0,0,0,0,3,2,1,1,1,0,0,33.3,33.3,0,0,0,2,2020
"Joe Burrow",28022,"QB","CIN",1,20,0,0,7,2,0,15,10,85,5,0,2,0,3,2,20,17,1,5,6,2,2,25,30,0,10,10,3,2020
"Justin Herbert",28237,"QB","LAC",1,20,15,0,27,0,2,10,5,90,0,0,2,3,2,1,20,18,0,7,6,2,0,35,30,0,10,0,3,2020
"Gardner Minshew",41401,"QB","JAX",1,16,12.5,0,15,0,1,12.5,43.8,81.3,12.5,0,1,2,2,7,16,13,2,0,6,1,0,0,37.5,0,6.3,0,3,2020
"Kirk Cousins",7102,"QB","MIN",1,15,13.3,0,18,1,2,13.3,6.7,80,0,0,3,2,2,1,15,12,0,6,3,3,0,40,20,0,20,0,3,2020
"Russell Wilson",7077,"QB","SEA",1,15,0,0,29,2,1,0,33.3,66.7,6.7,0,4,0,0,5,15,10,1,2,4,4,1,13.3,26.7,1,26.7,6.7,3,2020
"Sam Darnold",29048,"QB","NYJ",1,14,14.3,0,22,0,2,0,21.4,78.6,-7.1,0,3,2,0,3,14,11,-1,3,3,3,2,21.4,21.4,1,21.4,14.3,3,2020
"Josh Allen",46601,"QB","BUF",1,13,7.7,0,4,1,2,53.8,23.1,84.6,0,0,5,1,7,3,13,11,0,3,0,5,0,23.1,0,2,38.5,0,3,2020
"Daniel Jones",39395,"QB","NYG",1,13,15.4,0,21,0,0,15.4,30.8,84.6,15.4,0,0,2,2,4,13,11,2,2,2,0,0,15.4,15.4,0,0,0,3,2020
"Deshaun Watson",11767,"QB","HST",1,13,7.7,0,13,2,0,15.4,0,61.5,15.4,0,4,1,2,0,13,8,2,2,3,4,0,15.4,23.1,2,30.8,0,3,2020
"Matt Ryan",4317,"QB","ATL",1,12,8.3,0,2,0,0,33.3,0,100,0,0,0,1,4,0,12,12,0,4,3,0,2,33.3,25,0,0,16.7,3,2020
"Derek Carr",8671,"QB","LV",1,12,0,0,23,0,1,33.3,33.3,91.7,0,0,1,0,4,4,12,11,0,1,5,1,0,8.3,41.7,0,8.3,0,3,2020
"Jeff Driskel",10841,"QB","DEN",1,11,27.3,0,10,0,0,27.3,9.1,72.7,27.3,0,0,3,3,1,11,8,3,2,0,0,1,18.2,0,0,0,9.1,3,2020
"Dak Prescott",10769,"QB","DAL",1,10,20,0,9,1,0,20,10,90,0,0,1,2,2,1,10,9,0,3,3,1,0,30,30,0,10,0,3,2020
"Dwayne Haskins",41897,"QB","WAS",1,9,0,0,32,0,1,22.2,66.7,88.9,0,0,1,0,2,6,9,8,0,0,1,1,0,0,11.1,0,11.1,0,3,2020
"Aaron Rodgers",2241,"QB","GB",1,8,0,0,12,0,0,25,12.5,62.5,25,0,1,0,2,1,8,5,2,0,2,1,1,0,25,1,12.5,12.5,3,2020
"Matthew Stafford",4924,"QB","DET",1,8,25,0,11,0,0,12.5,25,100,0,0,0,2,1,2,8,8,0,3,1,0,1,37.5,12.5,0,0,12.5,3,2020
"Ryan Tannehill",7014,"QB","TEN",1,8,0,0,31,1,0,37.5,25,87.5,0,0,1,0,3,2,8,7,0,1,1,1,1,12.5,12.5,0,12.5,12.5,3,2020
"Nick Mullens",12282,"QB","SF",1,8,12.5,0,28,0,0,50,0,100,0,0,0,1,4,0,8,8,0,2,0,0,1,25,0,0,0,12.5,3,2020
"Ben Roethlisberger",1732,"QB","PIT",1,8,12.5,0,25,0,0,12.5,25,62.5,37.5,0,0,1,1,2,8,5,3,2,2,0,0,25,25,0,0,0,3,2020
"Kyler Murray",38334,"QB","ARZ",1,8,37.5,0,1,0,0,0,37.5,87.5,12.5,0,0,3,0,3,8,7,1,1,2,0,0,12.5,25,0,0,0,3,2020
"Ryan Fitzpatrick",2467,"QB","MIA",1,8,12.5,0,17,0,0,25,12.5,87.5,-12.5,0,1,1,2,1,8,7,-1,0,4,1,1,0,50,1,12.5,12.5,3,2020
"Lamar Jackson",46416,"QB","BLT",1,7,0,0,3,0,0,14.3,0,42.9,14.3,0,3,0,1,0,7,3,1,1,1,3,0,14.3,14.3,3,42.9,0,3,2020
"Patrick Mahomes",11765,"QB","KC",1,7,14.3,0,16,0,2,0,28.6,57.1,14.3,0,2,1,0,2,7,4,1,1,0,2,0,14.3,0,0,28.6,0,3,2020
"Carson Wentz",10636,"QB","PHI",1,7,0,0,24,0,1,14.3,57.1,71.4,0,0,2,0,1,4,7,5,0,0,1,2,0,0,14.3,1,28.6,0,3,2020
"Baker Mayfield",46518,"QB","CLV",1,7,0,0,8,0,1,28.6,14.3,85.7,0,0,1,0,2,1,7,6,0,1,2,1,0,14.3,28.6,0,14.3,0,3,2020
"Tom Brady",698,"QB","TB",1,6,16.7,0,30,0,0,16.7,16.7,100,0,0,0,1,1,1,6,6,0,1,1,0,1,16.7,16.7,0,0,16.7,3,2020
"Teddy Bridgewater",8667,"QB","CAR",1,6,0,0,5,0,1,0,66.7,83.3,0,0,1,0,0,4,6,5,0,1,0,1,1,16.7,0,0,16.7,16.7,3,2020
"Jared Goff",10635,"QB","LA",1,6,16.7,0,26,0,0,0,16.7,83.3,-16.7,0,1,1,0,1,6,5,-1,2,1,1,1,33.3,16.7,1,16.7,16.7,3,2020
"Mitchell Trubisky",11757,"QB","CHI",1,5,60,0,6,0,0,20,20,100,0,0,0,3,1,1,5,5,0,1,1,0,0,20,20,0,0,0,3,2020
"Nick Foles",7089,"QB","CHI",1,5,0,0,6,2,0,0,20,60,0,0,2,0,0,1,5,3,0,1,1,2,0,20,20,0,40,0,3,2020
"Cam Newton",6153,"QB","NE",1,5,0,0,19,0,0,20,40,80,0,0,1,0,1,2,5,4,0,2,2,1,0,40,40,1,20,0,3,2020
"Drew Brees",802,"QB","NO",1,4,0,0,20,0,0,50,25,100,0,0,0,0,2,1,4,4,0,0,1,0,0,0,25,0,0,0,3,2020
"Brett Rypien",46487,"QB","DEN",1,4,25,0,10,0,0,0,0,100,0,0,0,1,0,0,4,4,0,0,2,0,1,0,50,0,0,25,3,2020
"Philip Rivers",1725,"QB","IND",1,3,33.3,0,14,0,0,0,0,100,0,0,0,1,0,0,3,3,0,1,1,0,0,33.3,33.3,0,0,0,3,2020
"Jacoby Brissett",10725,"QB","IND",1,2,0,0,14,0,0,0,0,50,50,0,0,0,0,0,2,1,1,1,0,0,0,50,0,0,0,0,3,2020
"Adam Humphries",10075,"WR","TEN",1,1,0,0,31,0,0,0,0,0,100,0,1,0,0,0,1,0,1,0,0,0,0,0,0,1,0,0,3,2020
"Sam Darnold",29048,"QB","NYJ",1,21,23.8,0,22,1,1,23.8,28.6,76.2,14.3,0,4,5,5,6,21,16,3,4,0,4,0,19,0,2,19,0,4,2020
"Derek Carr",8671,"QB","LV",1,16,0,0,23,0,0,25,12.5,93.8,6.3,0,0,0,4,2,16,15,1,4,4,0,1,25,25,0,0,6.3,4,2020
"Dak Prescott",10769,"QB","DAL",1,15,6.7,0,9,0,0,13.3,20,86.7,13.3,0,0,1,2,3,15,13,2,0,7,0,0,0,46.7,0,0,0,4,2020
"Nick Mullens",12282,"QB","SF",1,14,0,0,28,1,0,21.4,21.4,85.7,0,0,2,0,3,3,14,12,0,3,3,2,1,21.4,21.4,1,14.3,7.1,4,2020
"Ryan Fitzpatrick",2467,"QB","MIA",1,13,7.7,0,17,0,0,7.7,38.5,92.3,7.7,0,0,1,1,5,13,12,1,0,6,0,0,0,46.2,0,0,0,4,2020
"Daniel Jones",39395,"QB","NYG",1,13,7.7,0,21,0,0,30.8,46.2,92.3,0,0,1,1,4,6,13,12,0,4,2,1,0,30.8,15.4,1,7.7,0,4,2020
"Carson Wentz",10636,"QB","PHI",1,12,16.7,0,24,0,0,25,8.3,91.7,8.3,0,1,2,3,1,12,11,1,3,4,1,0,25,33.3,1,8.3,0,4,2020
"Matthew Stafford",4924,"QB","DET",1,11,9.1,0,11,0,0,18.2,36.4,90.9,0,0,1,1,2,4,11,10,0,1,1,1,1,9.1,9.1,1,9.1,9.1,4,2020
"Gardner Minshew",41401,"QB","JAX",1,11,18.2,0,15,0,1,0,18.2,72.7,0,0,3,2,0,2,11,8,0,2,5,3,0,18.2,45.5,2,27.3,0,4,2020
"Joe Burrow",28022,"QB","CIN",1,11,0,0,7,1,1,9.1,0,72.7,0,0,3,0,1,0,11,8,0,2,5,3,0,18.2,45.5,1,27.3,0,4,2020
"Brett Rypien",46487,"QB","DEN",1,11,36.4,0,10,1,0,27.3,0,90.9,0,0,1,4,3,0,11,10,0,2,4,1,1,18.2,36.4,0,9.1,9.1,4,2020
"Matt Ryan",4317,"QB","ATL",1,11,9.1,0,2,0,0,36.4,27.3,81.8,9.1,0,0,1,4,3,11,9,1,2,0,0,2,18.2,0,0,0,18.2,4,2020
"Justin Herbert",28237,"QB","LAC",1,10,30,0,27,0,0,0,10,70,20,0,1,3,0,1,10,7,2,2,3,1,0,20,30,1,10,0,4,2020
"Kirk Cousins",7102,"QB","MIN",1,10,10,0,18,2,0,0,30,80,0,0,3,1,0,3,10,8,0,2,0,3,3,20,0,1,30,30,4,2020
"Jared Goff",10635,"QB","LA",1,10,0,0,26,0,0,20,10,80,10,0,1,0,2,1,10,8,1,3,2,1,0,30,20,1,10,0,4,2020
"Deshaun Watson",11767,"QB","HST",1,10,0,0,13,0,6,10,0,20,0,0,8,0,1,0,10,2,0,0,1,8,0,0,10,2,80,0,4,2020
"Russell Wilson",7077,"QB","SEA",1,9,0,0,29,0,1,11.1,11.1,44.4,44.4,0,1,0,1,1,9,4,4,2,1,1,0,22.2,11.1,0,11.1,0,4,2020
"Patrick Mahomes",11765,"QB","KC",1,9,0,0,16,0,4,11.1,33.3,55.6,11.1,0,4,0,1,3,9,5,1,0,1,4,0,0,11.1,0,44.4,0,4,2020
"Philip Rivers",1725,"QB","IND",1,9,0,0,14,0,0,0,11.1,100,0,0,0,0,0,1,9,9,0,3,7,0,0,33.3,77.8,0,0,0,4,2020
"Tom Brady",698,"QB","TB",1,8,12.5,0,30,0,0,0,12.5,100,0,0,0,1,0,1,8,8,0,3,3,0,0,37.5,37.5,0,0,0,4,2020
"Drew Brees",802,"QB","NO",1,8,0,0,20,1,0,12.5,12.5,87.5,0,0,1,0,1,1,8,7,0,1,3,1,1,12.5,37.5,0,12.5,12.5,4,2020
"Nick Foles",7089,"QB","CHI",1,8,37.5,0,6,0,0,25,37.5,100,0,0,0,3,2,3,8,8,0,0,2,0,0,0,25,0,0,0,4,2020
"Kyler Murray",38334,"QB","ARZ",1,8,0,0,1,0,1,37.5,25,87.5,0,0,1,0,3,2,8,7,0,1,3,1,0,12.5,37.5,0,12.5,0,4,2020
"Dwayne Haskins",41897,"QB","WAS",1,7,0,0,32,0,0,28.6,42.9,100,0,0,2,0,2,3,7,7,0,1,2,2,0,14.3,28.6,2,28.6,0,4,2020
"Josh Allen",46601,"QB","BUF",1,7,14.3,0,4,0,0,28.6,42.9,100,0,0,1,1,2,3,7,7,0,1,0,1,0,14.3,0,1,14.3,0,4,2020
"Aaron Rodgers",2241,"QB","GB",1,7,0,0,12,0,0,14.3,42.9,100,0,0,0,0,1,3,7,7,0,3,1,0,0,42.9,14.3,0,0,0,4,2020
"Baker Mayfield",46518,"QB","CLV",1,7,0,0,8,1,2,28.6,0,57.1,0,0,5,0,2,0,7,4,0,1,0,5,1,14.3,0,2,71.4,14.3,4,2020
"Lamar Jackson",46416,"QB","BLT",1,6,0,0,3,0,0,16.7,16.7,50,33.3,0,1,0,1,1,6,3,2,2,1,1,0,33.3,16.7,1,16.7,0,4,2020
"Jarrett Stidham",13725,"QB","NE",1,5,0,0,19,0,0,20,40,80,20,0,0,0,1,2,5,4,1,0,1,0,0,0,20,0,0,0,4,2020
"Brian Hoyer",5277,"QB","NE",1,5,0,0,19,0,0,0,0,40,40,0,1,0,0,0,5,2,2,0,2,1,0,0,40,1,20,0,4,2020
"C.J. Beathard",11859,"QB","SF",1,5,0,0,28,2,0,20,20,60,0,0,2,0,1,1,5,3,0,1,0,2,0,20,0,0,40,0,4,2020
"Teddy Bridgewater",8667,"QB","CAR",1,4,25,0,5,0,1,25,25,75,0,0,1,1,1,1,4,3,0,0,0,1,0,0,0,0,25,0,4,2020
"Robert Griffin III",7008,"QB","BLT",1,1,0,0,3,0,0,0,0,100,0,0,0,0,0,0,1,1,0,1,0,0,0,100,0,0,0,0,4,2020
"Patrick Mahomes",11765,"QB","KC",1,21,0,0,16,0,7,9.5,28.6,57.1,4.8,0,9,0,2,6,21,12,1,3,1,9,0,14.3,4.8,2,42.9,0,5,2020
"Justin Herbert",28237,"QB","LAC",1,19,15.8,0,27,3,2,10.5,15.8,78.9,5.3,0,5,3,2,3,19,15,1,2,6,5,2,10.5,31.6,0,26.3,10.5,5,2020
"Daniel Jones",39395,"QB","NYG",1,18,5.6,0,21,0,1,5.6,50,94.4,0,0,1,1,1,9,18,17,0,4,6,1,1,22.2,33.3,0,5.6,5.6,5,2020
"Gardner Minshew",41401,"QB","JAX",1,18,0,0,15,2,1,5.6,16.7,77.8,0,0,4,0,1,3,18,14,0,3,6,4,1,16.7,33.3,1,22.2,5.6,5,2020
"Joe Burrow",28022,"QB","CIN",1,17,0,0,7,1,0,23.5,29.4,76.5,5.9,0,4,0,4,5,17,13,1,4,1,4,1,23.5,5.9,3,23.5,5.9,5,2020
"Tom Brady",698,"QB","TB",1,16,25,0,30,0,0,25,25,100,0,0,0,4,4,4,16,16,0,2,4,0,0,12.5,25,0,0,0,5,2020
"Nick Foles",7089,"QB","CHI",1,16,18.8,0,6,0,1,12.5,25,93.8,0,0,1,3,2,4,16,15,0,6,5,1,0,37.5,31.3,0,6.3,0,5,2020
"Matt Ryan",4317,"QB","ATL",1,14,21.4,0,2,0,1,35.7,21.4,85.7,7.1,0,1,3,5,3,14,12,1,0,3,1,2,0,21.4,0,7.1,14.3,5,2020
"Carson Wentz",10636,"QB","PHI",1,14,14.3,0,24,0,0,21.4,35.7,85.7,14.3,0,1,2,3,5,14,12,2,4,3,1,0,28.6,21.4,1,7.1,0,5,2020
"Joe Flacco",4332,"QB","NYJ",1,14,0,0,22,1,1,28.6,42.9,92.9,0,0,2,0,4,6,14,13,0,0,3,2,2,0,21.4,0,14.3,14.3,5,2020
"Drew Brees",802,"QB","NO",1,13,0,0,20,0,1,15.4,15.4,92.3,0,0,1,0,2,2,13,12,0,5,4,1,0,38.5,30.8,0,7.7,0,5,2020
"Russell Wilson",7077,"QB","SEA",1,11,0,0,29,1,1,9.1,27.3,54.5,0,0,5,0,1,3,11,6,0,1,2,5,0,9.1,18.2,3,45.5,0,5,2020
"Philip Rivers",1725,"QB","IND",1,11,9.1,0,14,2,0,0,45.5,72.7,9.1,0,2,1,0,5,11,8,1,2,2,2,0,18.2,18.2,0,18.2,0,5,2020
"Josh Allen",46601,"QB","BUF",1,10,10,0,4,0,1,10,30,90,0,0,1,1,1,3,10,9,0,3,1,1,0,30,10,0,10,0,5,2020
"Kirk Cousins",7102,"QB","MIN",1,10,20,0,18,0,0,50,0,90,10,0,0,2,5,0,10,9,1,1,2,0,0,10,20,0,0,0,5,2020
"Derek Carr",8671,"QB","LV",1,10,0,0,23,0,0,10,10,60,40,0,1,0,1,1,10,6,4,2,1,1,1,20,10,1,10,10,5,2020
"C.J. Beathard",11859,"QB","SF",1,9,11.1,0,28,0,1,11.1,11.1,88.9,0,0,1,1,1,1,9,8,0,3,3,1,0,33.3,33.3,0,11.1,0,5,2020
"Deshaun Watson",11767,"QB","HST",1,9,0,0,13,1,0,33.3,0,77.8,0,0,2,0,3,0,9,7,0,2,1,2,1,22.2,11.1,1,22.2,11.1,5,2020
"Ben Roethlisberger",1732,"QB","PIT",1,9,0,0,25,0,0,22.2,44.4,100,0,0,0,0,2,4,9,9,0,2,4,0,0,22.2,44.4,0,0,0,5,2020
"Ryan Tannehill",7014,"QB","TEN",1,8,0,0,31,0,0,12.5,50,100,0,0,0,0,1,4,8,8,0,2,2,0,1,25,25,0,0,12.5,5,2020
"Ryan Fitzpatrick",2467,"QB","MIA",1,8,25,0,17,0,0,12.5,12.5,75,12.5,0,1,2,1,1,8,6,1,1,2,1,0,12.5,25,1,12.5,0,5,2020
"Lamar Jackson",46416,"QB","BLT",1,8,0,0,3,0,2,12.5,50,75,0,0,2,0,1,4,8,6,0,1,2,2,0,12.5,25,0,25,0,5,2020
"Alex Smith",2218,"QB","WAS",1,8,12.5,0,32,0,0,50,37.5,100,0,0,0,1,4,3,8,8,0,3,0,0,0,37.5,0,0,0,0,5,2020
"Kyler Murray",38334,"QB","ARZ",1,6,0,0,1,0,3,16.7,0,50,0,0,3,0,1,0,6,3,0,2,0,3,0,33.3,0,0,50,0,5,2020
"Dak Prescott",10769,"QB","DAL",1,6,16.7,0,9,0,1,0,33.3,83.3,-16.7,0,1,1,0,2,6,5,-1,2,0,1,1,33.3,0,0,16.7,16.7,5,2020
"Teddy Bridgewater",8667,"QB","CAR",1,5,0,0,5,0,2,40,20,80,0,0,2,0,2,1,5,4,0,1,0,2,0,20,0,0,40,0,5,2020
"Baker Mayfield",46518,"QB","CLV",1,5,0,0,8,0,1,20,40,80,0,0,1,0,1,2,5,4,0,1,0,1,0,20,0,0,20,0,5,2020
"Kyle Allen",26152,"QB","WAS",1,4,0,0,32,0,1,25,25,50,0,0,2,0,1,1,4,2,0,0,0,2,0,0,0,1,50,0,5,2020
"Jimmy Garoppolo",8697,"QB","SF",1,4,25,0,28,0,0,0,25,100,0,0,0,1,0,1,4,4,0,0,1,0,1,0,25,0,0,25,5,2020
"Andy Dalton",6187,"QB","DAL",1,4,25,0,9,0,1,0,0,75,0,0,1,1,0,0,4,3,0,0,2,1,0,0,50,0,25,0,5,2020
"Jared Goff",10635,"QB","LA",1,3,33.3,0,26,0,0,0,33.3,100,0,0,0,1,0,1,3,3,0,0,0,0,1,0,0,0,0,33.3,5,2020
"James Robinson",22425,"HB","JAX",1,1,0,0,15,0,0,0,0,0,100,0,1,0,0,0,1,0,1,0,0,1,0,0,0,1,100,0,5,2020
"Taysom Hill",12112,"QB","NO",1,1,0,0,20,0,0,0,0,100,0,0,0,0,0,0,1,1,0,0,0,0,1,0,0,0,0,100,5,2020
"Matt Barkley",7880,"QB","BUF",1,1,0,0,4,0,0,0,0,100,0,0,0,0,0,0,1,1,0,0,1,0,0,0,100,0,0,0,5,2020
"Carson Wentz",10636,"QB","PHI",1,20,10,0,24,2,1,0,15,75,-5,0,4,2,0,3,20,15,-1,8,3,4,3,40,15,1,20,15,6,2020
"Aaron Rodgers",2241,"QB","GB",1,17,0,0,12,1,2,23.5,5.9,70.6,0,0,4,0,4,1,17,12,0,1,5,4,2,5.9,29.4,1,23.5,11.8,6,2020
"Andy Dalton",6187,"QB","DAL",1,13,7.7,0,9,0,0,0,38.5,76.9,23.1,0,0,1,0,5,13,10,3,2,3,0,0,15.4,23.1,0,0,0,6,2020
"Josh Allen",46601,"QB","BUF",1,13,7.7,0,4,1,1,7.7,15.4,84.6,0,0,2,1,1,2,13,11,0,5,2,2,0,38.5,15.4,0,15.4,0,6,2020
"Gardner Minshew",41401,"QB","JAX",1,13,7.7,0,15,1,1,7.7,30.8,76.9,7.7,0,2,1,1,4,13,10,1,3,3,2,0,23.1,23.1,0,15.4,0,6,2020
"Joe Flacco",4332,"QB","NYJ",1,13,23.1,0,22,0,1,7.7,15.4,76.9,7.7,0,2,3,1,2,13,10,1,0,3,2,1,0,23.1,1,15.4,7.7,6,2020
"Philip Rivers",1725,"QB","IND",1,12,0,0,14,0,0,16.7,58.3,91.7,0,0,1,0,2,7,12,11,0,3,3,1,0,25,25,1,8.3,0,6,2020
"Kyle Allen",26152,"QB","WAS",1,12,16.7,0,32,0,2,33.3,33.3,83.3,0,0,2,2,4,4,12,10,0,1,2,2,0,8.3,16.7,0,16.7,0,6,2020
"Cam Newton",6153,"QB","NE",1,12,8.3,0,19,0,0,25,25,75,16.7,0,1,1,3,3,12,9,2,0,2,1,0,0,16.7,1,8.3,0,6,2020
"Lamar Jackson",46416,"QB","BLT",1,12,25,0,3,0,0,8.3,8.3,58.3,16.7,0,3,3,1,1,12,7,2,1,2,3,0,8.3,16.7,3,25,0,6,2020
"Kirk Cousins",7102,"QB","MIN",1,12,0,0,18,2,1,33.3,8.3,75,0,0,3,0,4,1,12,9,0,5,3,3,0,41.7,25,0,25,0,6,2020
"Teddy Bridgewater",8667,"QB","CAR",1,11,0,0,5,0,0,36.4,27.3,100,0,0,0,0,4,3,11,11,0,2,2,0,1,18.2,18.2,0,0,9.1,6,2020
"Ryan Tannehill",7014,"QB","TEN",1,11,9.1,0,31,0,0,27.3,27.3,90.9,9.1,0,0,1,3,3,11,10,1,2,2,0,1,18.2,18.2,0,0,9.1,6,2020
"Nick Foles",7089,"QB","CHI",1,11,18.2,0,6,1,0,18.2,45.5,90.9,0,0,1,2,2,5,11,10,0,1,0,1,0,9.1,0,0,9.1,0,6,2020
"Matt Ryan",4317,"QB","ATL",1,10,20,0,2,0,0,0,10,80,10,0,1,2,0,1,10,8,1,1,3,1,2,10,30,1,10,20,6,2020
"Patrick Mahomes",11765,"QB","KC",1,10,30,0,16,0,2,10,10,80,0,0,2,3,1,1,10,8,0,3,2,2,0,30,20,0,20,0,6,2020
"Ryan Fitzpatrick",2467,"QB","MIA",1,10,0,0,17,0,0,20,10,90,10,0,0,0,2,1,10,9,1,3,4,0,1,30,40,0,0,10,6,2020
"Joe Burrow",28022,"QB","CIN",1,9,0,0,7,0,1,33.3,0,77.8,11.1,0,1,0,3,0,9,7,1,2,2,1,0,22.2,22.2,0,11.1,0,6,2020
"Daniel Jones",39395,"QB","NYG",1,9,11.1,0,21,0,0,33.3,44.4,100,0,0,0,1,3,4,9,9,0,0,1,0,1,0,11.1,0,0,11.1,6,2020
"Baker Mayfield",46518,"QB","CLV",1,8,25,0,8,0,0,12.5,37.5,100,-12.5,0,2,2,1,3,8,8,-1,2,5,2,1,25,62.5,2,25,12.5,6,2020
"Jared Goff",10635,"QB","LA",1,8,0,0,26,1,0,25,0,87.5,0,0,1,0,2,0,8,7,0,1,2,1,2,12.5,25,0,12.5,25,6,2020
"Deshaun Watson",11767,"QB","HST",1,7,14.3,0,13,1,0,28.6,0,100,0,0,1,1,2,0,7,7,0,1,4,1,0,14.3,57.1,0,14.3,0,6,2020
"Matthew Stafford",4924,"QB","DET",1,7,0,0,11,0,0,14.3,28.6,100,0,0,0,0,1,2,7,7,0,1,3,0,1,14.3,42.9,0,0,14.3,6,2020
"Drew Lock",39517,"QB","DEN",1,5,40,0,10,0,0,0,20,60,40,0,0,2,0,1,5,3,2,0,0,0,0,0,0,0,0,0,6,2020
"Ben Roethlisberger",1732,"QB","PIT",1,4,0,0,25,0,0,25,50,75,25,0,0,0,1,2,4,3,1,0,1,0,0,0,25,0,0,0,6,2020
"Tom Brady",698,"QB","TB",1,4,25,0,30,0,0,0,75,100,0,0,0,1,0,3,4,4,0,0,0,0,0,0,0,0,0,0,6,2020
"Jimmy Garoppolo",8697,"QB","SF",1,4,25,0,28,1,0,25,0,75,0,0,1,1,1,0,4,3,0,1,0,1,0,25,0,0,25,0,6,2020
"Kyler Murray",38334,"QB","ARZ",1,2,50,0,1,0,1,0,0,50,0,0,2,1,0,0,2,1,0,0,0,2,0,0,0,1,100,0,6,2020
"Case Keenum",7323,"QB","CLV",1,2,0,0,8,0,0,0,0,100,0,0,0,0,0,0,2,2,0,2,0,0,0,100,0,0,0,0,6,2020
"Tim Boyle",21956,"QB","GB",1,1,0,0,12,0,0,0,0,100,0,0,0,0,0,0,1,1,0,0,1,0,0,0,100,0,0,0,6,2020
"Blaine Gabbert",6162,"QB","TB",1,1,100,0,30,0,0,0,0,100,0,0,0,1,0,0,1,1,0,0,0,0,0,0,0,0,0,0,6,2020
"Patrick Mahomes",11765,"QB","KC",1,21,0,0,16,0,7,9.5,28.6,57.1,4.8,0,9,0,2,6,21,12,1,3,1,9,0,14.3,4.8,2,42.9,0,5,2020
"Justin Herbert",28237,"QB","LAC",1,19,15.8,0,27,3,2,10.5,15.8,78.9,5.3,0,5,3,2,3,19,15,1,2,6,5,2,10.5,31.6,0,26.3,10.5,5,2020
"Daniel Jones",39395,"QB","NYG",1,18,5.6,0,21,0,1,5.6,50,94.4,0,0,1,1,1,9,18,17,0,4,6,1,1,22.2,33.3,0,5.6,5.6,5,2020
"Gardner Minshew",41401,"QB","JAX",1,18,0,0,15,2,1,5.6,16.7,77.8,0,0,4,0,1,3,18,14,0,3,6,4,1,16.7,33.3,1,22.2,5.6,5,2020
"Joe Burrow",28022,"QB","CIN",1,17,0,0,7,1,0,23.5,29.4,76.5,5.9,0,4,0,4,5,17,13,1,4,1,4,1,23.5,5.9,3,23.5,5.9,5,2020
"Tom Brady",698,"QB","TB",1,16,25,0,30,0,0,25,25,100,0,0,0,4,4,4,16,16,0,2,4,0,0,12.5,25,0,0,0,5,2020
"Nick Foles",7089,"QB","CHI",1,16,18.8,0,6,0,1,12.5,25,93.8,0,0,1,3,2,4,16,15,0,6,5,1,0,37.5,31.3,0,6.3,0,5,2020
"Matt Ryan",4317,"QB","ATL",1,14,21.4,0,2,0,1,35.7,21.4,85.7,7.1,0,1,3,5,3,14,12,1,0,3,1,2,0,21.4,0,7.1,14.3,5,2020
"Carson Wentz",10636,"QB","PHI",1,14,14.3,0,24,0,0,21.4,35.7,85.7,14.3,0,1,2,3,5,14,12,2,4,3,1,0,28.6,21.4,1,7.1,0,5,2020
"Joe Flacco",4332,"QB","NYJ",1,14,0,0,22,1,1,28.6,42.9,92.9,0,0,2,0,4,6,14,13,0,0,3,2,2,0,21.4,0,14.3,14.3,5,2020
"Drew Brees",802,"QB","NO",1,13,0,0,20,0,1,15.4,15.4,92.3,0,0,1,0,2,2,13,12,0,5,4,1,0,38.5,30.8,0,7.7,0,5,2020
"Russell Wilson",7077,"QB","SEA",1,11,0,0,29,1,1,9.1,27.3,54.5,0,0,5,0,1,3,11,6,0,1,2,5,0,9.1,18.2,3,45.5,0,5,2020
"Philip Rivers",1725,"QB","IND",1,11,9.1,0,14,2,0,0,45.5,72.7,9.1,0,2,1,0,5,11,8,1,2,2,2,0,18.2,18.2,0,18.2,0,5,2020
"Josh Allen",46601,"QB","BUF",1,10,10,0,4,0,1,10,30,90,0,0,1,1,1,3,10,9,0,3,1,1,0,30,10,0,10,0,5,2020
"Kirk Cousins",7102,"QB","MIN",1,10,20,0,18,0,0,50,0,90,10,0,0,2,5,0,10,9,1,1,2,0,0,10,20,0,0,0,5,2020
"Derek Carr",8671,"QB","LV",1,10,0,0,23,0,0,10,10,60,40,0,1,0,1,1,10,6,4,2,1,1,1,20,10,1,10,10,5,2020
"C.J. Beathard",11859,"QB","SF",1,9,11.1,0,28,0,1,11.1,11.1,88.9,0,0,1,1,1,1,9,8,0,3,3,1,0,33.3,33.3,0,11.1,0,5,2020
"Deshaun Watson",11767,"QB","HST",1,9,0,0,13,1,0,33.3,0,77.8,0,0,2,0,3,0,9,7,0,2,1,2,1,22.2,11.1,1,22.2,11.1,5,2020
"Ben Roethlisberger",1732,"QB","PIT",1,9,0,0,25,0,0,22.2,44.4,100,0,0,0,0,2,4,9,9,0,2,4,0,0,22.2,44.4,0,0,0,5,2020
"Ryan Tannehill",7014,"QB","TEN",1,8,0,0,31,0,0,12.5,50,100,0,0,0,0,1,4,8,8,0,2,2,0,1,25,25,0,0,12.5,5,2020
"Ryan Fitzpatrick",2467,"QB","MIA",1,8,25,0,17,0,0,12.5,12.5,75,12.5,0,1,2,1,1,8,6,1,1,2,1,0,12.5,25,1,12.5,0,5,2020
"Lamar Jackson",46416,"QB","BLT",1,8,0,0,3,0,2,12.5,50,75,0,0,2,0,1,4,8,6,0,1,2,2,0,12.5,25,0,25,0,5,2020
"Alex Smith",2218,"QB","WAS",1,8,12.5,0,32,0,0,50,37.5,100,0,0,0,1,4,3,8,8,0,3,0,0,0,37.5,0,0,0,0,5,2020
"Kyler Murray",38334,"QB","ARZ",1,6,0,0,1,0,3,16.7,0,50,0,0,3,0,1,0,6,3,0,2,0,3,0,33.3,0,0,50,0,5,2020
"Dak Prescott",10769,"QB","DAL",1,6,16.7,0,9,0,1,0,33.3,83.3,-16.7,0,1,1,0,2,6,5,-1,2,0,1,1,33.3,0,0,16.7,16.7,5,2020
"Teddy Bridgewater",8667,"QB","CAR",1,5,0,0,5,0,2,40,20,80,0,0,2,0,2,1,5,4,0,1,0,2,0,20,0,0,40,0,5,2020
"Baker Mayfield",46518,"QB","CLV",1,5,0,0,8,0,1,20,40,80,0,0,1,0,1,2,5,4,0,1,0,1,0,20,0,0,20,0,5,2020
"Kyle Allen",26152,"QB","WAS",1,4,0,0,32,0,1,25,25,50,0,0,2,0,1,1,4,2,0,0,0,2,0,0,0,1,50,0,5,2020
"Jimmy Garoppolo",8697,"QB","SF",1,4,25,0,28,0,0,0,25,100,0,0,0,1,0,1,4,4,0,0,1,0,1,0,25,0,0,25,5,2020
"Andy Dalton",6187,"QB","DAL",1,4,25,0,9,0,1,0,0,75,0,0,1,1,0,0,4,3,0,0,2,1,0,0,50,0,25,0,5,2020
"Jared Goff",10635,"QB","LA",1,3,33.3,0,26,0,0,0,33.3,100,0,0,0,1,0,1,3,3,0,0,0,0,1,0,0,0,0,33.3,5,2020
"James Robinson",22425,"HB","JAX",1,1,0,0,15,0,0,0,0,0,100,0,1,0,0,0,1,0,1,0,0,1,0,0,0,1,100,0,5,2020
"Taysom Hill",12112,"QB","NO",1,1,0,0,20,0,0,0,0,100,0,0,0,0,0,0,1,1,0,0,0,0,1,0,0,0,0,100,5,2020
"Matt Barkley",7880,"QB","BUF",1,1,0,0,4,0,0,0,0,100,0,0,0,0,0,0,1,1,0,0,1,0,0,0,100,0,0,0,5,2020
"Carson Wentz",10636,"QB","PHI",1,20,10,0,24,2,1,0,15,75,-5,0,4,2,0,3,20,15,-1,8,3,4,3,40,15,1,20,15,6,2020
"Aaron Rodgers",2241,"QB","GB",1,17,0,0,12,1,2,23.5,5.9,70.6,0,0,4,0,4,1,17,12,0,1,5,4,2,5.9,29.4,1,23.5,11.8,6,2020
"Andy Dalton",6187,"QB","DAL",1,13,7.7,0,9,0,0,0,38.5,76.9,23.1,0,0,1,0,5,13,10,3,2,3,0,0,15.4,23.1,0,0,0,6,2020
"Josh Allen",46601,"QB","BUF",1,13,7.7,0,4,1,1,7.7,15.4,84.6,0,0,2,1,1,2,13,11,0,5,2,2,0,38.5,15.4,0,15.4,0,6,2020
"Gardner Minshew",41401,"QB","JAX",1,13,7.7,0,15,1,1,7.7,30.8,76.9,7.7,0,2,1,1,4,13,10,1,3,3,2,0,23.1,23.1,0,15.4,0,6,2020
"Joe Flacco",4332,"QB","NYJ",1,13,23.1,0,22,0,1,7.7,15.4,76.9,7.7,0,2,3,1,2,13,10,1,0,3,2,1,0,23.1,1,15.4,7.7,6,2020
"Philip Rivers",1725,"QB","IND",1,12,0,0,14,0,0,16.7,58.3,91.7,0,0,1,0,2,7,12,11,0,3,3,1,0,25,25,1,8.3,0,6,2020
"Kyle Allen",26152,"QB","WAS",1,12,16.7,0,32,0,2,33.3,33.3,83.3,0,0,2,2,4,4,12,10,0,1,2,2,0,8.3,16.7,0,16.7,0,6,2020
"Cam Newton",6153,"QB","NE",1,12,8.3,0,19,0,0,25,25,75,16.7,0,1,1,3,3,12,9,2,0,2,1,0,0,16.7,1,8.3,0,6,2020
"Lamar Jackson",46416,"QB","BLT",1,12,25,0,3,0,0,8.3,8.3,58.3,16.7,0,3,3,1,1,12,7,2,1,2,3,0,8.3,16.7,3,25,0,6,2020
"Kirk Cousins",7102,"QB","MIN",1,12,0,0,18,2,1,33.3,8.3,75,0,0,3,0,4,1,12,9,0,5,3,3,0,41.7,25,0,25,0,6,2020
"Teddy Bridgewater",8667,"QB","CAR",1,11,0,0,5,0,0,36.4,27.3,100,0,0,0,0,4,3,11,11,0,2,2,0,1,18.2,18.2,0,0,9.1,6,2020
"Ryan Tannehill",7014,"QB","TEN",1,11,9.1,0,31,0,0,27.3,27.3,90.9,9.1,0,0,1,3,3,11,10,1,2,2,0,1,18.2,18.2,0,0,9.1,6,2020
"Nick Foles",7089,"QB","CHI",1,11,18.2,0,6,1,0,18.2,45.5,90.9,0,0,1,2,2,5,11,10,0,1,0,1,0,9.1,0,0,9.1,0,6,2020
"Matt Ryan",4317,"QB","ATL",1,10,20,0,2,0,0,0,10,80,10,0,1,2,0,1,10,8,1,1,3,1,2,10,30,1,10,20,6,2020
"Patrick Mahomes",11765,"QB","KC",1,10,30,0,16,0,2,10,10,80,0,0,2,3,1,1,10,8,0,3,2,2,0,30,20,0,20,0,6,2020
"Ryan Fitzpatrick",2467,"QB","MIA",1,10,0,0,17,0,0,20,10,90,10,0,0,0,2,1,10,9,1,3,4,0,1,30,40,0,0,10,6,2020
"Joe Burrow",28022,"QB","CIN",1,9,0,0,7,0,1,33.3,0,77.8,11.1,0,1,0,3,0,9,7,1,2,2,1,0,22.2,22.2,0,11.1,0,6,2020
"Daniel Jones",39395,"QB","NYG",1,9,11.1,0,21,0,0,33.3,44.4,100,0,0,0,1,3,4,9,9,0,0,1,0,1,0,11.1,0,0,11.1,6,2020
"Baker Mayfield",46518,"QB","CLV",1,8,25,0,8,0,0,12.5,37.5,100,-12.5,0,2,2,1,3,8,8,-1,2,5,2,1,25,62.5,2,25,12.5,6,2020
"Jared Goff",10635,"QB","LA",1,8,0,0,26,1,0,25,0,87.5,0,0,1,0,2,0,8,7,0,1,2,1,2,12.5,25,0,12.5,25,6,2020
"Deshaun Watson",11767,"QB","HST",1,7,14.3,0,13,1,0,28.6,0,100,0,0,1,1,2,0,7,7,0,1,4,1,0,14.3,57.1,0,14.3,0,6,2020
"Matthew Stafford",4924,"QB","DET",1,7,0,0,11,0,0,14.3,28.6,100,0,0,0,0,1,2,7,7,0,1,3,0,1,14.3,42.9,0,0,14.3,6,2020
"Drew Lock",39517,"QB","DEN",1,5,40,0,10,0,0,0,20,60,40,0,0,2,0,1,5,3,2,0,0,0,0,0,0,0,0,0,6,2020
"Ben Roethlisberger",1732,"QB","PIT",1,4,0,0,25,0,0,25,50,75,25,0,0,0,1,2,4,3,1,0,1,0,0,0,25,0,0,0,6,2020
"Tom Brady",698,"QB","TB",1,4,25,0,30,0,0,0,75,100,0,0,0,1,0,3,4,4,0,0,0,0,0,0,0,0,0,0,6,2020
"Jimmy Garoppolo",8697,"QB","SF",1,4,25,0,28,1,0,25,0,75,0,0,1,1,1,0,4,3,0,1,0,1,0,25,0,0,25,0,6,2020
"Kyler Murray",38334,"QB","ARZ",1,2,50,0,1,0,1,0,0,50,0,0,2,1,0,0,2,1,0,0,0,2,0,0,0,1,100,0,6,2020
"Case Keenum",7323,"QB","CLV",1,2,0,0,8,0,0,0,0,100,0,0,0,0,0,0,2,2,0,2,0,0,0,100,0,0,0,0,6,2020
"Tim Boyle",21956,"QB","GB",1,1,0,0,12,0,0,0,0,100,0,0,0,0,0,0,1,1,0,0,1,0,0,0,100,0,0,0,6,2020
"Blaine Gabbert",6162,"QB","TB",1,1,100,0,30,0,0,0,0,100,0,0,0,1,0,0,1,1,0,0,0,0,0,0,0,0,0,0,6,2020
"Carson Wentz",10636,"QB","PHI",1,20,10,0,24,1,0,30,25,80,15,0,3,2,6,5,20,16,3,6,0,3,0,30,0,2,15,0,7,2020
"Josh Allen",46601,"QB","BUF",1,19,15.8,0,4,0,2,47.4,0,89.5,0,0,2,3,9,0,19,17,0,2,4,2,0,10.5,21.1,0,10.5,0,7,2020
"Nick Foles",7089,"QB","CHI",1,17,29.4,0,6,1,1,35.3,11.8,76.5,5.9,0,3,5,6,2,17,13,1,2,3,3,1,11.8,17.6,1,17.6,5.9,7,2020
"Gardner Minshew",41401,"QB","JAX",1,17,5.9,0,15,1,0,0,17.6,76.5,5.9,0,4,1,0,3,17,13,1,5,5,4,0,29.4,29.4,3,23.5,0,7,2020
"Sam Darnold",29048,"QB","NYJ",1,15,13.3,0,22,0,0,60,26.7,86.7,13.3,0,0,2,9,4,15,13,2,2,5,0,0,13.3,33.3,0,0,0,7,2020
"Russell Wilson",7077,"QB","SEA",1,13,15.4,0,29,2,1,7.7,0,61.5,15.4,0,3,2,1,0,13,8,2,3,3,3,0,23.1,23.1,0,23.1,0,7,2020
"Drew Lock",39517,"QB","DEN",1,13,15.4,0,10,2,3,23.1,0,61.5,0,0,6,2,3,0,13,8,0,1,1,6,1,7.7,7.7,1,46.2,7.7,7,2020
"Kyle Allen",26152,"QB","WAS",1,11,0,0,32,1,1,9.1,0,54.5,18.2,0,4,0,1,0,11,6,2,2,2,4,1,18.2,18.2,2,36.4,9.1,7,2020
"Joe Burrow",28022,"QB","CIN",1,11,9.1,0,7,0,2,0,36.4,63.6,0,0,4,1,0,4,11,7,0,2,1,4,0,18.2,9.1,2,36.4,0,7,2020
"Deshaun Watson",11767,"QB","HST",1,11,9.1,0,13,0,0,18.2,9.1,81.8,0,0,2,1,2,1,11,9,0,6,1,2,0,54.5,9.1,2,18.2,0,7,2020
"Derek Carr",8671,"QB","LV",1,11,0,0,23,0,1,18.2,18.2,81.8,0,0,3,0,2,2,11,9,0,3,2,3,1,27.3,18.2,2,27.3,9.1,7,2020
"Daniel Jones",39395,"QB","NYG",1,10,0,0,21,1,0,30,50,80,10,0,1,0,3,5,10,8,1,1,3,1,0,10,30,0,10,0,7,2020
"Matthew Stafford",4924,"QB","DET",1,10,0,0,11,0,1,20,10,80,10,0,1,0,2,1,10,8,1,2,2,1,1,20,20,0,10,10,7,2020
"Kyler Murray",38334,"QB","ARZ",1,10,40,0,1,0,1,10,10,80,10,0,1,4,1,1,10,8,1,0,2,1,0,0,20,0,10,0,7,2020
"Ben Roethlisberger",1732,"QB","PIT",1,9,77.8,0,25,0,0,11.1,44.4,100,0,0,0,7,1,4,9,9,0,1,0,0,0,11.1,0,0,0,0,7,2020
"Ryan Tannehill",7014,"QB","TEN",1,8,25,0,31,0,0,0,0,75,25,0,0,2,0,0,8,6,2,3,2,0,0,37.5,25,0,0,0,7,2020
"Andy Dalton",6187,"QB","DAL",1,8,25,0,9,0,1,0,12.5,50,37.5,0,1,2,0,1,8,4,3,0,2,1,0,0,25,0,12.5,0,7,2020
"Matt Ryan",4317,"QB","ATL",1,8,37.5,0,2,0,0,25,37.5,87.5,12.5,0,0,3,2,3,8,7,1,0,0,0,1,0,0,0,0,12.5,7,2020
"Jared Goff",10635,"QB","LA",1,7,42.9,0,26,0,0,14.3,14.3,100,0,0,0,3,1,1,7,7,0,2,2,0,0,28.6,28.6,0,0,0,7,2020
"Teddy Bridgewater",8667,"QB","CAR",1,7,0,0,5,0,1,14.3,0,71.4,14.3,0,1,0,1,0,7,5,1,4,0,1,0,57.1,0,0,14.3,0,7,2020
"Patrick Mahomes",11765,"QB","KC",1,7,28.6,0,16,1,0,0,0,85.7,0,0,1,2,0,0,7,6,0,1,1,1,2,14.3,14.3,0,14.3,28.6,7,2020
"Justin Herbert",28237,"QB","LAC",1,7,14.3,0,27,0,0,0,14.3,71.4,14.3,0,1,1,0,1,7,5,1,1,2,1,0,14.3,28.6,1,14.3,0,7,2020
"Cam Newton",6153,"QB","NE",1,6,0,0,19,0,2,0,16.7,66.7,0,0,2,0,0,1,6,4,0,1,2,2,1,16.7,33.3,0,33.3,16.7,7,2020
"Aaron Rodgers",2241,"QB","GB",1,5,20,0,12,0,1,0,20,60,20,0,1,1,0,1,5,3,1,1,0,1,0,20,0,0,20,0,7,2020
"Jarrett Stidham",13725,"QB","NE",1,4,0,0,19,0,1,25,0,75,0,0,1,0,1,0,4,3,0,2,0,1,0,50,0,0,25,0,7,2020
"Ben DiNucci",34311,"QB","DAL",1,4,0,0,9,0,0,25,50,75,0,0,1,0,1,2,4,3,0,0,1,1,0,0,25,1,25,0,7,2020
"Drew Brees",802,"QB","NO",1,4,0,0,20,0,0,25,50,100,0,0,0,0,1,2,4,4,0,0,1,0,0,0,25,0,0,0,7,2020
"Tom Brady",698,"QB","TB",1,2,0,0,30,0,0,0,50,100,0,0,0,0,0,1,2,2,0,1,1,0,0,50,50,0,0,0,7,2020
"Baker Mayfield",46518,"QB","CLV",1,2,0,0,8,0,0,0,50,100,0,0,0,0,0,1,2,2,0,1,0,0,0,50,0,0,0,0,7,2020
"Jimmy Garoppolo",8697,"QB","SF",1,2,100,0,28,0,0,0,0,100,0,0,0,2,0,0,2,2,0,0,1,0,0,0,50,0,0,0,7,2020
"Chad Henne",4371,"QB","KC",1,1,0,0,16,0,0,0,0,0,0,0,1,0,0,0,1,0,0,0,0,1,0,0,0,1,100,0,7,2020
"Lamar Jackson",46416,"QB","BLT",1,18,22.2,0,3,0,2,16.7,0,77.8,5.6,0,3,4,3,0,18,14,1,4,6,3,0,22.2,33.3,1,16.7,0,8,2020
"Daniel Jones",39395,"QB","NYG",1,18,11.1,0,21,1,0,27.8,16.7,83.3,11.1,0,1,2,5,3,18,15,2,0,4,1,2,0,22.2,0,5.6,11.1,8,2020
"Nick Foles",7089,"QB","CHI",1,16,25,0,6,0,0,25,37.5,100,0,0,1,4,4,6,16,16,0,1,5,1,0,6.3,31.3,1,6.3,0,8,2020
"Drew Lock",39517,"QB","DEN",1,16,6.3,0,10,0,0,12.5,12.5,87.5,6.3,0,1,1,2,2,16,14,1,8,3,1,0,50,18.8,1,6.3,0,8,2020
"Ben DiNucci",34311,"QB","DAL",1,15,26.7,0,9,0,1,20,6.7,86.7,0,0,2,4,3,1,15,13,0,3,6,2,0,20,40,1,13.3,0,8,2020
"Matt Ryan",4317,"QB","ATL",1,13,0,0,2,0,1,23.1,23.1,84.6,0,0,1,0,3,3,13,11,0,2,2,1,4,15.4,15.4,0,7.7,30.8,8,2020
"Cam Newton",6153,"QB","NE",1,12,8.3,0,19,0,0,25,8.3,58.3,41.7,0,0,1,3,1,12,7,5,1,1,0,0,8.3,8.3,0,0,0,8,2020
"Matthew Stafford",4924,"QB","DET",1,12,16.7,0,11,0,0,33.3,8.3,91.7,8.3,0,0,2,4,1,12,11,1,3,3,0,1,25,25,0,0,8.3,8,2020
"Jared Goff",10635,"QB","LA",1,11,27.3,0,26,0,0,9.1,9.1,81.8,9.1,0,0,3,1,1,11,9,1,1,4,0,2,9.1,36.4,0,0,18.2,8,2020
"Philip Rivers",1725,"QB","IND",1,11,0,0,14,0,1,0,18.2,72.7,18.2,0,1,0,0,2,11,8,2,2,4,1,0,18.2,36.4,0,9.1,0,8,2020
"Drew Brees",802,"QB","NO",1,11,18.2,0,20,0,0,9.1,0,100,0,0,0,2,1,0,11,11,0,8,2,0,0,72.7,18.2,0,0,0,8,2020
"Aaron Rodgers",2241,"QB","GB",1,10,0,0,12,0,1,10,20,80,0,0,2,0,1,2,10,8,0,1,4,2,0,10,40,1,20,0,8,2020
"Justin Herbert",28237,"QB","LAC",1,10,30,0,27,0,0,30,30,90,0,0,2,3,3,3,10,9,0,1,0,2,1,10,0,2,20,10,8,2020
"Carson Wentz",10636,"QB","PHI",1,10,0,0,24,1,1,10,10,50,10,0,4,0,1,1,10,5,1,1,2,4,0,10,20,2,40,0,8,2020
"Teddy Bridgewater",8667,"QB","CAR",1,9,11.1,0,5,0,0,11.1,33.3,77.8,22.2,0,0,1,1,3,9,7,2,0,3,0,0,0,33.3,0,0,0,8,2020
"Tom Brady",698,"QB","TB",1,8,12.5,0,30,0,0,25,37.5,100,0,0,0,1,2,3,8,8,0,2,1,0,0,25,12.5,0,0,0,8,2020
"Ben Roethlisberger",1732,"QB","PIT",1,8,12.5,0,25,0,0,25,12.5,87.5,0,0,1,1,2,1,8,7,0,2,3,1,0,25,37.5,1,12.5,0,8,2020
"Josh Allen",46601,"QB","BUF",1,7,14.3,0,4,1,0,14.3,28.6,85.7,0,0,2,1,1,2,7,6,0,2,0,2,0,28.6,0,1,28.6,0,8,2020
"Patrick Mahomes",11765,"QB","KC",1,7,0,0,16,1,0,28.6,14.3,85.7,0,0,1,0,2,1,7,6,0,2,2,1,0,28.6,28.6,0,14.3,0,8,2020
"Sam Darnold",29048,"QB","NYJ",1,7,28.6,0,22,0,1,57.1,14.3,85.7,0,0,1,2,4,1,7,6,0,0,1,1,0,0,14.3,0,14.3,0,8,2020
"Ryan Tannehill",7014,"QB","TEN",1,7,28.6,0,31,0,0,0,42.9,100,0,0,0,2,0,3,7,7,0,1,1,0,0,14.3,14.3,0,0,0,8,2020
"Nick Mullens",12282,"QB","SF",1,6,0,0,28,1,0,33.3,0,66.7,0,0,1,0,2,0,6,4,0,1,1,1,1,16.7,16.7,0,16.7,16.7,8,2020
"Jimmy Garoppolo",8697,"QB","SF",1,6,66.7,0,28,0,0,33.3,0,83.3,16.7,0,0,4,2,0,6,5,1,0,0,0,0,0,0,0,0,0,8,2020
"Derek Carr",8671,"QB","LV",1,6,0,0,23,0,1,0,33.3,83.3,0,0,1,0,0,2,6,5,0,2,3,1,0,33.3,50,0,16.7,0,8,2020
"Russell Wilson",7077,"QB","SEA",1,6,16.7,0,29,0,0,16.7,0,83.3,16.7,0,0,1,1,0,6,5,1,1,2,0,1,16.7,33.3,0,0,16.7,8,2020
"Joe Burrow",28022,"QB","CIN",1,5,0,0,7,0,0,40,60,100,0,0,0,0,2,3,5,5,0,0,2,0,0,0,40,0,0,0,8,2020
"Tua Tagovailoa",60326,"QB","MIA",1,4,0,0,17,0,0,50,0,100,0,0,0,0,2,0,4,4,0,1,1,0,0,25,25,0,0,0,8,2020
"Baker Mayfield",46518,"QB","CLV",1,2,0,0,8,0,2,0,0,0,0,0,2,0,0,0,2,0,0,0,0,2,0,0,0,0,100,0,8,2020
"Cedrick Wilson",48170,"WR","DAL",1,2,0,0,9,0,0,0,0,50,50,0,1,0,0,0,2,1,1,0,1,0,0,0,50,1,0,0,8,2020
"Tom Brady",698,"QB","TB",1,20,15,0,30,0,0,35,30,90,5,0,2,3,7,6,20,18,1,2,2,2,0,10,10,2,10,0,9,2020
"Drew Lock",39517,"QB","DEN",1,20,10,0,10,1,2,15,10,75,5,0,3,2,3,2,20,15,1,6,3,3,2,30,15,0,15,10,9,2020
"Garrett Gilbert",8848,"QB","DAL",1,18,16.7,0,9,0,1,16.7,16.7,83.3,11.1,0,1,3,3,3,18,15,2,1,5,1,0,5.6,27.8,0,5.6,0,9,2020
"Teddy Bridgewater",8667,"QB","CAR",1,17,11.8,0,5,2,0,0,11.8,70.6,11.8,0,3,2,0,2,17,12,2,6,2,3,0,35.3,11.8,1,17.6,0,9,2020
"Josh Allen",46601,"QB","BUF",1,17,23.5,0,4,0,2,17.6,5.9,64.7,11.8,0,4,4,3,1,17,11,2,2,2,4,1,11.8,11.8,2,23.5,5.9,9,2020
"Deshaun Watson",11767,"QB","HST",1,16,18.8,0,13,0,1,0,12.5,87.5,6.3,0,1,3,0,2,16,14,1,7,5,1,0,43.8,31.3,0,6.3,0,9,2020
"Nick Foles",7089,"QB","CHI",1,16,12.5,0,6,1,0,18.8,37.5,87.5,0,0,1,2,3,6,16,14,0,3,2,1,2,18.8,12.5,0,6.3,12.5,9,2020
"Russell Wilson",7077,"QB","SEA",1,13,7.7,0,29,1,0,23.1,15.4,53.8,23.1,0,3,1,3,2,13,7,3,0,0,3,1,0,0,2,23.1,7.7,9,2020
"Jake Luton",17287,"QB","JAX",1,12,0,0,15,0,1,8.3,0,66.7,25,0,1,0,1,0,12,8,3,3,3,1,1,25,25,0,8.3,8.3,9,2020
"Matt Ryan",4317,"QB","ATL",1,11,9.1,0,2,0,0,18.2,9.1,100,0,0,0,1,2,1,11,11,0,2,5,0,0,18.2,45.5,0,0,0,9,2020
"Justin Herbert",28237,"QB","LAC",1,11,9.1,0,27,0,0,27.3,36.4,100,0,0,0,1,3,4,11,11,0,0,3,0,0,0,27.3,0,0,0,9,2020
"Drew Brees",802,"QB","NO",1,11,27.3,0,20,0,0,18.2,18.2,90.9,-18.2,0,0,3,2,2,11,10,-2,4,2,0,4,36.4,18.2,0,0,36.4,9,2020
"Patrick Mahomes",11765,"QB","KC",1,10,0,0,16,0,0,50,20,90,0,0,1,0,5,2,10,9,0,1,2,1,0,10,20,1,10,0,9,2020
"Cam Newton",6153,"QB","NE",1,10,20,0,19,0,1,10,30,90,0,0,1,2,1,3,10,9,0,4,0,1,0,40,0,0,10,0,9,2020
"Daniel Jones",39395,"QB","NYG",1,10,10,0,21,1,0,30,10,70,-10,0,3,1,3,1,10,7,-1,3,0,3,1,30,0,2,30,10,9,2020
"Tua Tagovailoa",60326,"QB","MIA",1,9,0,0,17,0,0,0,33.3,88.9,11.1,0,0,0,0,3,9,8,1,2,2,0,1,22.2,22.2,0,0,11.1,9,2020
"Joe Flacco",4332,"QB","NYJ",1,9,22.2,0,22,0,1,33.3,55.6,88.9,0,0,1,2,3,5,9,8,0,0,1,1,0,0,11.1,0,11.1,0,9,2020
"Ryan Tannehill",7014,"QB","TEN",1,9,11.1,0,31,0,0,22.2,11.1,77.8,11.1,0,0,1,2,1,9,7,1,3,1,0,2,33.3,11.1,0,0,22.2,9,2020
"Nick Mullens",12282,"QB","SF",1,9,11.1,0,28,0,0,11.1,66.7,100,0,0,0,1,1,6,9,9,0,2,1,0,1,22.2,11.1,0,0,11.1,9,2020
"Kyler Murray",38334,"QB","ARZ",1,9,22.2,0,1,0,0,22.2,22.2,77.8,11.1,0,1,2,2,2,9,7,1,0,1,1,0,0,11.1,1,11.1,0,9,2020
"Kirk Cousins",7102,"QB","MIN",1,8,25,0,18,0,1,12.5,12.5,87.5,0,0,1,2,1,1,8,7,0,2,0,1,1,25,0,0,12.5,12.5,9,2020
"Derek Carr",8671,"QB","LV",1,8,12.5,0,23,0,1,12.5,25,87.5,0,0,1,1,1,2,8,7,0,1,3,1,0,12.5,37.5,0,12.5,0,9,2020
"Philip Rivers",1725,"QB","IND",1,7,0,0,14,0,1,28.6,14.3,71.4,14.3,0,1,0,2,1,7,5,1,1,1,1,0,14.3,14.3,0,14.3,0,9,2020
"Alex Smith",2218,"QB","WAS",1,7,28.6,0,32,0,1,28.6,0,71.4,14.3,0,1,2,2,0,7,5,1,0,2,1,0,0,28.6,0,14.3,0,9,2020
"Matthew Stafford",4924,"QB","DET",1,7,14.3,0,11,1,0,28.6,0,71.4,0,0,2,1,2,0,7,5,0,2,2,2,0,28.6,28.6,1,28.6,0,9,2020
"Lamar Jackson",46416,"QB","BLT",1,7,0,0,3,0,1,14.3,0,14.3,57.1,0,3,0,1,0,7,1,4,0,0,3,0,0,0,2,42.9,0,9,2020
"Ben Roethlisberger",1732,"QB","PIT",1,6,0,0,25,0,0,16.7,83.3,100,0,0,0,0,1,5,6,6,0,0,1,0,0,0,16.7,0,0,0,9,2020
"Aaron Rodgers",2241,"QB","GB",1,5,0,0,12,0,3,0,20,40,0,0,3,0,0,1,5,2,0,1,1,3,0,20,20,0,60,0,9,2020
"Mason Rudolph",46569,"QB","PIT",1,1,0,0,25,0,0,0,0,100,0,0,0,0,0,0,1,1,0,0,1,0,0,0,100,0,0,0,9,2020
"Jameis Winston",9434,"QB","NO",1,1,100,0,20,0,0,0,0,100,0,0,0,1,0,0,1,1,0,1,0,0,0,100,0,0,0,0,9,2020
"Russell Wilson",7077,"QB","SEA",1,25,20,0,29,1,3,20,4,68,8,0,8,5,5,1,25,17,2,4,3,8,1,16,12,4,32,4,10,2020
"Carson Wentz",10636,"QB","PHI",1,17,11.8,0,24,1,1,5.9,11.8,58.8,23.5,0,3,2,1,2,17,10,4,5,0,3,2,29.4,0,1,17.6,11.8,10,2020
"Joe Burrow",28022,"QB","CIN",1,16,12.5,0,7,0,1,25,18.8,87.5,6.3,0,2,2,4,3,16,14,1,3,4,2,0,18.8,25,1,12.5,0,10,2020
"Tom Brady",698,"QB","TB",1,15,33.3,0,30,0,1,13.3,33.3,93.3,0,0,1,5,2,5,15,14,0,2,2,1,1,13.3,13.3,0,6.7,6.7,10,2020
"Alex Smith",2218,"QB","WAS",1,14,7.1,0,32,0,2,7.1,35.7,78.6,0,0,3,1,1,5,14,11,0,0,5,3,0,0,35.7,1,21.4,0,10,2020
"Lamar Jackson",46416,"QB","BLT",1,14,0,0,3,0,3,7.1,28.6,64.3,7.1,0,4,0,1,4,14,9,1,0,6,4,0,0,42.9,1,28.6,0,10,2020
"Josh Allen",46601,"QB","BUF",1,13,7.7,0,4,1,0,15.4,30.8,84.6,7.7,0,1,1,2,4,13,11,1,3,0,1,1,23.1,0,0,7.7,7.7,10,2020
"Daniel Jones",39395,"QB","NYG",1,12,16.7,0,21,0,0,50,33.3,91.7,-8.3,0,1,2,6,4,12,11,-1,1,2,1,1,8.3,16.7,1,8.3,8.3,10,2020
"Nick Mullens",12282,"QB","SF",1,12,8.3,0,28,0,1,8.3,16.7,50,41.7,0,1,1,1,2,12,6,5,1,2,1,0,8.3,16.7,0,8.3,0,10,2020
"Jake Luton",17287,"QB","JAX",1,11,0,0,15,0,1,27.3,36.4,90.9,0,0,1,0,3,4,11,10,0,0,7,1,0,0,63.6,0,9.1,0,10,2020
"Drew Lock",39517,"QB","DEN",1,11,9.1,0,10,1,2,18.2,0,63.6,9.1,0,3,1,2,0,11,7,1,0,5,3,0,0,45.5,0,27.3,0,10,2020
"Justin Herbert",28237,"QB","LAC",1,10,0,0,27,1,0,0,10,50,30,0,2,0,0,1,10,5,3,2,2,2,1,20,20,1,20,10,10,2020
"Deshaun Watson",11767,"QB","HST",1,9,0,0,13,0,2,11.1,22.2,55.6,22.2,0,3,0,1,2,9,5,2,0,2,3,0,0,22.2,1,33.3,0,10,2020
"Ryan Tannehill",7014,"QB","TEN",1,9,11.1,0,31,0,0,44.4,11.1,77.8,22.2,0,0,1,4,1,9,7,2,1,0,0,0,11.1,0,0,0,0,10,2020
"Kirk Cousins",7102,"QB","MIN",1,9,22.2,0,18,2,0,0,0,77.8,0,0,2,2,0,0,9,7,0,3,3,2,0,33.3,33.3,0,22.2,0,10,2020
"Kyler Murray",38334,"QB","ARZ",1,9,0,0,1,1,2,11.1,0,33.3,11.1,0,6,0,1,0,9,3,1,0,1,6,1,0,11.1,3,66.7,11.1,10,2020
"Nick Foles",7089,"QB","CHI",1,7,14.3,0,6,0,0,14.3,0,100,-14.3,0,0,1,1,0,7,7,-1,1,4,0,1,14.3,57.1,0,0,14.3,10,2020
"Jared Goff",10635,"QB","LA",1,6,0,0,26,0,0,16.7,16.7,83.3,0,0,2,0,1,1,6,5,0,1,0,2,2,16.7,0,2,33.3,33.3,10,2020
"Tua Tagovailoa",60326,"QB","MIA",1,6,16.7,0,17,0,0,0,33.3,66.7,33.3,0,0,1,0,2,6,4,2,0,2,0,0,0,33.3,0,0,0,10,2020
"Cam Newton",6153,"QB","NE",1,5,0,0,19,0,0,40,20,100,0,0,0,0,2,1,5,5,0,0,1,0,1,0,20,0,0,20,10,2020
"Ben Roethlisberger",1732,"QB","PIT",1,5,0,0,25,0,0,20,80,80,20,0,0,0,1,4,5,4,1,0,0,0,0,0,0,0,0,0,10,2020
"Teddy Bridgewater",8667,"QB","CAR",1,5,0,0,5,1,2,20,0,40,-20,0,3,0,1,0,5,2,-1,1,0,3,1,20,0,0,60,20,10,2020
"Jameis Winston",9434,"QB","NO",1,4,25,0,20,0,0,25,0,100,0,0,0,1,1,0,4,4,0,2,0,0,1,50,0,0,0,25,10,2020
"Derek Carr",8671,"QB","LV",1,4,25,0,23,0,0,0,25,100,0,0,0,1,0,1,4,4,0,2,0,0,0,50,0,0,0,0,10,2020
"Matthew Stafford",4924,"QB","DET",1,4,25,0,11,0,1,25,0,50,0,0,2,1,1,0,4,2,0,0,0,2,0,0,0,1,50,0,10,2020
"Philip Rivers",1725,"QB","IND",1,4,25,0,14,0,1,0,0,75,0,0,1,1,0,0,4,3,0,2,0,1,0,50,0,0,25,0,10,2020
"Aaron Rodgers",2241,"QB","GB",1,3,33.3,0,12,0,0,0,0,100,0,0,0,1,0,0,3,3,0,0,2,0,0,0,66.7,0,0,0,10,2020
"Phillip Walker",12134,"QB","CAR",1,2,0,0,5,0,0,0,50,50,0,0,1,0,0,1,2,1,0,0,0,1,0,0,0,1,50,0,10,2020
"Baker Mayfield",46518,"QB","CLV",1,2,0,0,8,0,0,0,0,100,0,0,0,0,0,0,2,2,0,1,1,0,0,50,50,0,0,0,10,2020
"Tyler Bray",8440,"QB","CHI",1,2,0,0,6,0,0,0,50,100,0,0,0,0,0,1,2,2,0,0,1,0,0,0,50,0,0,0,10,2020
"Joseph Charlton",33672,"P","CAR",1,1,0,0,5,0,0,0,0,0,100,0,1,0,0,0,1,0,1,0,0,0,0,0,0,1,0,0,10,2020
"C.J. Beathard",11859,"QB","SF",1,1,100,0,28,0,0,0,0,100,0,0,0,1,0,0,1,1,0,0,0,0,0,0,0,0,0,0,10,2020
"Jakobi Meyers",47468,"WR","NE",1,1,0,0,19,0,0,100,0,100,0,0,0,0,1,0,1,1,0,0,0,0,0,0,0,0,0,0,10,2020
"Taysom Hill",12112,"QB","NO",1,1,0,0,20,0,0,100,0,100,0,0,0,0,1,0,1,1,0,0,0,0,0,0,0,0,0,0,10,2020
"Matt Ryan",4317,"QB","ATL",1,22,13.6,0,2,0,1,18.2,9.1,54.5,18.2,0,6,3,4,2,22,12,4,1,5,6,0,4.5,22.7,5,27.3,0,11,2020
"Kyler Murray",38334,"QB","ARZ",1,16,25,0,1,1,2,0,12.5,62.5,12.5,0,4,4,0,2,16,10,2,1,3,4,1,6.3,18.8,1,25,6.3,11,2020
"Justin Herbert",28237,"QB","LAC",1,16,25,0,27,0,1,43.8,18.8,81.3,6.3,0,2,4,7,3,16,13,1,4,3,2,0,25,18.8,1,12.5,0,11,2020
"Russell Wilson",7077,"QB","SEA",1,16,12.5,0,29,2,0,6.3,31.3,68.8,18.8,0,2,2,1,5,16,11,3,1,2,2,0,6.3,12.5,0,12.5,0,11,2020
"Jake Luton",17287,"QB","JAX",1,14,7.1,0,15,2,1,14.3,7.1,64.3,14.3,0,3,1,2,1,14,9,2,1,4,3,1,7.1,28.6,0,21.4,7.1,11,2020
"Carson Wentz",10636,"QB","PHI",1,13,0,0,24,0,0,7.7,69.2,92.3,7.7,0,0,0,1,9,13,12,1,1,5,0,1,7.7,38.5,0,0,7.7,11,2020
"Tua Tagovailoa",60326,"QB","MIA",1,11,9.1,0,17,0,0,27.3,36.4,90.9,9.1,0,2,1,3,4,11,10,1,2,3,2,0,18.2,27.3,2,18.2,0,11,2020
"Joe Flacco",4332,"QB","NYJ",1,11,9.1,0,22,2,0,0,9.1,90.9,-9.1,0,2,1,0,1,11,10,-1,2,6,2,1,18.2,54.5,0,18.2,9.1,11,2020
"Ryan Tannehill",7014,"QB","TEN",1,11,0,0,31,0,0,9.1,36.4,90.9,9.1,0,0,0,1,4,11,10,1,1,1,0,3,9.1,9.1,0,0,27.3,11,2020
"Kirk Cousins",7102,"QB","MIN",1,11,9.1,0,18,2,0,36.4,36.4,90.9,0,0,3,1,4,4,11,10,0,1,2,3,0,9.1,18.2,1,27.3,0,11,2020
"Derek Carr",8671,"QB","LV",1,11,45.5,0,23,0,1,27.3,18.2,81.8,9.1,0,1,5,3,2,11,9,1,2,0,1,0,18.2,0,0,9.1,0,11,2020
"Jared Goff",10635,"QB","LA",1,11,18.2,0,26,0,0,18.2,9.1,90.9,0,0,0,2,2,1,11,10,0,1,4,0,1,9.1,36.4,0,0,9.1,11,2020
"Deshaun Watson",11767,"QB","HST",1,11,36.4,0,13,0,1,0,27.3,90.9,0,0,1,4,0,3,11,10,0,1,4,1,0,9.1,36.4,0,9.1,0,11,2020
"Tom Brady",698,"QB","TB",1,11,27.3,0,30,0,0,18.2,27.3,100,0,0,0,3,2,3,11,11,0,4,1,0,0,36.4,9.1,0,0,0,11,2020
"Patrick Mahomes",11765,"QB","KC",1,10,10,0,16,2,1,10,30,80,0,0,3,1,1,3,10,8,0,2,2,3,1,20,20,0,30,10,11,2020
"Philip Rivers",1725,"QB","IND",1,10,30,0,14,0,1,10,10,90,0,0,1,3,1,1,10,9,0,1,3,1,0,10,30,0,10,0,11,2020
"Taysom Hill",12112,"QB","NO",1,10,10,0,20,0,1,30,10,60,10,0,3,1,3,1,10,6,1,1,1,3,1,10,10,2,30,10,11,2020
"Lamar Jackson",46416,"QB","BLT",1,9,11.1,0,3,1,2,33.3,11.1,66.7,0,0,3,1,3,1,9,6,0,0,2,3,0,0,22.2,0,33.3,0,11,2020
"Ryan Finley",46426,"QB","CIN",1,9,11.1,0,7,0,0,55.6,0,100,0,0,0,1,5,0,9,9,0,1,3,0,0,11.1,33.3,0,0,0,11,2020
"Aaron Rodgers",2241,"QB","GB",1,9,22.2,0,12,0,0,33.3,11.1,100,0,0,0,2,3,1,9,9,0,1,3,0,0,11.1,33.3,0,0,0,11,2020
"Matthew Stafford",4924,"QB","DET",1,9,0,0,11,0,0,55.6,22.2,100,0,0,0,0,5,2,9,9,0,2,3,0,0,22.2,33.3,0,0,0,11,2020
"Drew Lock",39517,"QB","DEN",1,9,11.1,0,10,1,0,11.1,11.1,66.7,22.2,0,1,1,1,1,9,6,2,2,0,1,1,22.2,0,0,11.1,11.1,11,2020
"Baker Mayfield",46518,"QB","CLV",1,7,28.6,0,8,0,1,14.3,14.3,85.7,0,0,1,2,1,1,7,6,0,1,1,1,0,14.3,14.3,0,14.3,0,11,2020
"Phillip Walker",12134,"QB","CAR",1,6,16.7,0,5,0,0,0,50,66.7,16.7,0,1,1,0,3,6,4,1,0,0,1,0,0,0,1,16.7,0,11,2020
"Joe Burrow",28022,"QB","CIN",1,6,0,0,7,0,0,66.7,16.7,100,0,0,0,0,4,1,6,6,0,1,2,0,0,16.7,33.3,0,0,0,11,2020
"Cam Newton",6153,"QB","NE",1,6,0,0,19,0,0,16.7,50,66.7,33.3,0,0,0,1,3,6,4,2,1,0,0,0,16.7,0,0,0,0,11,2020
"Alex Smith",2218,"QB","WAS",1,5,20,0,32,0,0,0,40,80,0,0,1,1,0,2,5,4,0,1,0,1,0,20,0,1,20,0,11,2020
"Ben Roethlisberger",1732,"QB","PIT",1,5,20,0,25,0,0,40,40,100,0,0,0,1,2,2,5,5,0,1,0,0,0,20,0,0,0,0,11,2020
"Andy Dalton",6187,"QB","DAL",1,4,0,0,9,0,0,25,25,50,25,0,1,0,1,1,4,2,1,0,0,1,0,0,0,1,25,0,11,2020
"Ryan Fitzpatrick",2467,"QB","MIA",1,4,0,0,17,0,0,0,75,100,0,0,0,0,0,3,4,4,0,1,0,0,0,25,0,0,0,0,11,2020
"Justin Herbert",28237,"QB","LAC",1,18,16.7,0,27,0,0,22.2,22.2,94.4,0,0,0,3,4,4,18,17,0,5,7,0,1,27.8,38.9,0,0,5.6,12,2020
"Patrick Mahomes",11765,"QB","KC",1,17,5.9,0,16,0,2,5.9,17.6,82.4,0,0,3,1,1,3,17,14,0,7,4,3,0,41.2,23.5,1,17.6,0,12,2020
"Carson Wentz",10636,"QB","PHI",1,15,6.7,0,24,0,0,13.3,13.3,86.7,13.3,0,0,1,2,2,15,13,2,3,5,0,1,20,33.3,0,0,6.7,12,2020
"Kirk Cousins",7102,"QB","MIN",1,15,33.3,0,18,2,0,26.7,13.3,80,0,0,3,5,4,2,15,12,0,1,1,3,0,6.7,6.7,1,20,0,12,2020
"Matt Ryan",4317,"QB","ATL",1,15,20,0,2,1,2,20,13.3,66.7,13.3,0,4,3,3,2,15,10,2,2,4,4,0,13.3,26.7,1,26.7,0,12,2020
"Ryan Fitzpatrick",2467,"QB","MIA",1,13,7.7,0,17,1,0,15.4,30.8,76.9,-7.7,0,3,1,2,4,13,10,-1,4,1,3,2,30.8,7.7,2,23.1,15.4,12,2020
"Derek Carr",8671,"QB","LV",1,12,0,0,23,0,0,0,16.7,91.7,8.3,0,1,0,0,2,12,11,1,4,8,1,1,33.3,66.7,1,8.3,8.3,12,2020
"Mike Glennon",7854,"QB","JAX",1,12,0,0,15,0,2,8.3,33.3,83.3,-8.3,0,2,0,1,4,12,10,-1,3,3,2,1,25,25,0,16.7,8.3,12,2020
"Russell Wilson",7077,"QB","SEA",1,11,36.4,0,29,0,0,0,18.2,100,0,0,0,4,0,2,11,11,0,2,5,0,0,18.2,45.5,0,0,0,12,2020
"Philip Rivers",1725,"QB","IND",1,11,9.1,0,14,0,0,36.4,36.4,90.9,0,0,1,1,4,4,11,10,0,4,0,1,0,36.4,0,1,9.1,0,12,2020
"Sam Darnold",29048,"QB","NYJ",1,11,27.3,0,22,1,2,9.1,9.1,63.6,9.1,0,3,3,1,1,11,7,1,2,3,3,0,18.2,27.3,0,27.3,0,12,2020
"Matthew Stafford",4924,"QB","DET",1,11,9.1,0,11,0,0,36.4,9.1,72.7,18.2,0,1,1,4,1,11,8,2,2,2,1,0,18.2,18.2,1,9.1,0,12,2020
"Andy Dalton",6187,"QB","DAL",1,10,10,0,9,0,0,50,40,100,0,0,0,1,5,4,10,10,0,3,2,0,0,30,20,0,0,0,12,2020
"Brandon Allen",10835,"QB","CIN",1,10,10,0,7,0,1,10,30,80,10,0,1,1,1,3,10,8,1,2,4,1,0,20,40,0,10,0,12,2020
"Nick Mullens",12282,"QB","SF",1,10,20,0,28,0,0,0,20,100,0,0,0,2,0,2,10,10,0,4,4,0,0,40,40,0,0,0,12,2020
"Tom Brady",698,"QB","TB",1,9,11.1,0,30,0,0,33.3,11.1,66.7,22.2,0,1,1,3,1,9,6,2,1,0,1,0,11.1,0,1,11.1,0,12,2020
"Mitchell Trubisky",11757,"QB","CHI",1,9,0,0,6,1,2,22.2,22.2,55.6,0,0,4,0,2,2,9,5,0,0,2,4,0,0,22.2,1,44.4,0,12,2020
"Deshaun Watson",11767,"QB","HST",1,9,11.1,0,13,0,1,11.1,11.1,77.8,11.1,0,1,1,1,1,9,7,1,2,2,1,1,22.2,22.2,0,11.1,11.1,12,2020
"Josh Allen",46601,"QB","BUF",1,9,22.2,0,4,1,0,33.3,22.2,88.9,0,0,1,2,3,2,9,8,0,3,1,1,0,33.3,11.1,0,11.1,0,12,2020
"Jared Goff",10635,"QB","LA",1,8,12.5,0,26,0,1,0,12.5,75,12.5,0,1,1,0,1,8,6,1,3,1,1,0,37.5,12.5,0,12.5,0,12,2020
"Alex Smith",2218,"QB","WAS",1,8,0,0,32,0,0,25,37.5,100,0,0,0,0,2,3,8,8,0,1,4,0,0,12.5,50,0,0,0,12,2020
"Robert Griffin III",7008,"QB","BLT",1,7,14.3,0,3,0,0,28.6,14.3,100,0,0,0,1,2,1,7,7,0,0,3,0,0,0,42.9,0,0,0,12,2020
"Cam Newton",6153,"QB","NE",1,7,14.3,0,19,0,0,14.3,14.3,57.1,14.3,0,2,1,1,1,7,4,1,0,1,2,0,0,14.3,2,28.6,0,12,2020
"Taysom Hill",12112,"QB","NO",1,7,14.3,0,20,1,0,14.3,14.3,85.7,0,0,1,1,1,1,7,6,0,2,1,1,1,28.6,14.3,0,14.3,14.3,12,2020
"Kyler Murray",38334,"QB","ARZ",1,7,57.1,0,1,0,0,14.3,14.3,71.4,14.3,0,1,4,1,1,7,5,1,0,0,1,0,0,0,1,14.3,0,12,2020
"Aaron Rodgers",2241,"QB","GB",1,6,0,0,12,0,1,16.7,16.7,83.3,0,0,1,0,1,1,6,5,0,2,2,1,1,33.3,33.3,0,16.7,16.7,12,2020
"Ben Roethlisberger",1732,"QB","PIT",1,5,40,0,25,0,0,0,20,80,20,0,0,2,0,1,5,4,1,0,1,0,0,0,20,0,0,0,12,2020
"Baker Mayfield",46518,"QB","CLV",1,5,0,0,8,0,1,0,20,60,20,0,2,0,0,1,5,3,1,2,0,2,0,40,0,1,40,0,12,2020
"Teddy Bridgewater",8667,"QB","CAR",1,5,0,0,5,1,1,20,20,60,0,0,2,0,1,1,5,3,0,2,0,2,0,40,0,0,40,0,12,2020
"Ryan Tannehill",7014,"QB","TEN",1,4,0,0,31,0,0,25,25,75,-25,0,1,0,1,1,4,3,-1,0,1,1,1,0,25,1,25,25,12,2020
"Kendall Hinton",34045,"QB","DEN",1,3,0,0,10,1,0,0,33.3,33.3,33.3,0,2,0,0,1,3,1,1,0,0,2,0,0,0,1,66.7,0,12,2020
"Trace McSorley",32819,"QB","BLT",1,2,0,0,3,0,0,50,0,100,0,0,0,0,1,0,2,2,0,1,1,0,0,50,50,0,0,0,12,2020
"Nathan Peterman",11926,"QB","LV",1,2,0,0,23,0,0,0,0,0,0,0,2,0,0,0,2,0,0,0,0,2,0,0,0,2,100,0,12,2020
"Golden Tate",5585,"WR","NYG",1,1,0,0,21,0,0,0,0,100,0,0,0,0,0,0,1,1,0,0,1,0,0,0,100,0,0,0,12,2020
"Colt McCoy",5609,"QB","NYG",1,1,0,0,21,0,0,0,0,100,0,0,0,0,0,0,1,1,0,1,0,0,0,100,0,0,0,0,12,2020
"Jacoby Brissett",10725,"QB","IND",1,1,100,0,14,0,0,0,0,100,0,0,1,1,0,0,1,1,0,0,0,1,0,0,0,1,100,0,12,2020
"CeeDee Lamb",61570,"WR","DAL",1,1,0,0,9,0,0,0,0,0,100,0,1,0,0,0,1,0,1,0,0,0,0,0,0,1,0,0,12,2020
"Deshaun Watson",11767,"QB","HST",1,21,19,0,13,1,2,28.6,14.3,81,4.8,0,4,4,6,3,21,17,1,4,4,4,0,19,19,1,19,0,13,2020
"Derek Carr",8671,"QB","LV",1,19,10.5,0,23,0,1,31.6,15.8,89.5,0,0,1,2,6,3,19,17,0,3,6,1,1,15.8,31.6,0,5.3,5.3,13,2020
"Matt Ryan",4317,"QB","ATL",1,18,5.6,0,2,0,3,27.8,16.7,77.8,0,0,4,1,5,3,18,14,0,1,5,4,0,5.6,27.8,1,22.2,0,13,2020
"Alex Smith",2218,"QB","WAS",1,17,11.8,0,32,0,0,17.6,35.3,100,0,0,1,2,3,6,17,17,0,5,4,1,0,29.4,23.5,1,5.9,0,13,2020
"Justin Herbert",28237,"QB","LAC",1,17,29.4,0,27,0,2,35.3,17.6,88.2,0,0,2,5,6,3,17,15,0,2,3,2,1,11.8,17.6,0,11.8,5.9,13,2020
"Sam Darnold",29048,"QB","NYJ",1,15,6.7,0,22,0,1,26.7,26.7,86.7,6.7,0,1,1,4,4,15,13,1,3,4,1,0,20,26.7,0,6.7,0,13,2020
"Kirk Cousins",7102,"QB","MIN",1,15,0,0,18,2,0,40,13.3,66.7,6.7,0,4,0,6,2,15,10,1,1,3,4,0,6.7,20,2,26.7,0,13,2020
"Russell Wilson",7077,"QB","SEA",1,14,7.1,0,29,0,0,28.6,21.4,78.6,14.3,0,1,1,4,3,14,11,2,1,3,1,0,7.1,21.4,1,7.1,0,13,2020
"Patrick Mahomes",11765,"QB","KC",1,13,15.4,0,16,0,1,23.1,0,92.3,0,0,1,2,3,0,13,12,0,3,4,1,1,23.1,30.8,0,7.7,7.7,13,2020
"Nick Mullens",12282,"QB","SF",1,13,7.7,0,28,0,0,0,23.1,100,0,0,0,1,0,3,13,13,0,6,4,0,1,46.2,30.8,0,0,7.7,13,2020
"Matthew Stafford",4924,"QB","DET",1,13,0,0,11,0,0,23.1,38.5,100,0,0,0,0,3,5,13,13,0,1,3,0,1,7.7,23.1,0,0,7.7,13,2020
"Ben Roethlisberger",1732,"QB","PIT",1,12,8.3,0,25,0,0,33.3,25,91.7,8.3,0,0,1,4,3,12,11,1,1,3,0,1,8.3,25,0,0,8.3,13,2020
"Ryan Tannehill",7014,"QB","TEN",1,12,8.3,0,31,1,2,16.7,33.3,75,0,0,3,1,2,4,12,9,0,1,1,3,1,8.3,8.3,0,25,8.3,13,2020
"Mike Glennon",7854,"QB","JAX",1,12,16.7,0,15,1,0,8.3,41.7,83.3,8.3,0,2,2,1,5,12,10,1,3,3,2,0,25,25,1,16.7,0,13,2020
"Aaron Rodgers",2241,"QB","GB",1,12,8.3,0,12,1,1,8.3,0,75,0,0,3,1,1,0,12,9,0,1,4,3,2,8.3,33.3,1,25,16.7,13,2020
"Josh Allen",46601,"QB","BUF",1,10,20,0,4,1,3,10,20,70,0,0,4,2,1,2,10,7,0,1,0,4,1,10,0,0,40,10,13,2020
"Kyler Murray",38334,"QB","ARZ",1,10,10,0,1,0,0,10,20,90,10,0,0,1,1,2,10,9,1,5,1,0,0,50,10,0,0,0,13,2020
"Brandon Allen",10835,"QB","CIN",1,9,11.1,0,7,0,0,22.2,11.1,100,0,0,0,1,2,1,9,9,0,2,6,0,0,22.2,66.7,0,0,0,13,2020
"Taysom Hill",12112,"QB","NO",1,9,11.1,0,20,0,0,22.2,0,100,0,0,0,1,2,0,9,9,0,5,2,0,0,55.6,22.2,0,0,0,13,2020
"Andy Dalton",6187,"QB","DAL",1,9,22.2,0,9,0,1,22.2,11.1,88.9,0,0,1,2,2,1,9,8,0,2,2,1,0,22.2,22.2,0,11.1,0,13,2020
"Philip Rivers",1725,"QB","IND",1,8,12.5,0,14,0,0,12.5,37.5,87.5,12.5,0,0,1,1,3,8,7,1,2,0,0,0,25,0,0,0,0,13,2020
"Jared Goff",10635,"QB","LA",1,8,0,0,26,1,0,25,37.5,75,12.5,0,1,0,2,3,8,6,1,1,2,1,0,12.5,25,0,12.5,0,13,2020
"Mitchell Trubisky",11757,"QB","CHI",1,8,0,0,6,1,1,0,12.5,62.5,12.5,0,2,0,0,1,8,5,1,3,2,2,0,37.5,25,0,25,0,13,2020
"Carson Wentz",10636,"QB","PHI",1,7,0,0,24,0,0,14.3,0,85.7,14.3,0,1,0,1,0,7,6,1,4,2,1,0,57.1,28.6,1,14.3,0,13,2020
"Colt McCoy",5609,"QB","NYG",1,7,0,0,21,0,1,28.6,0,28.6,57.1,0,1,0,2,0,7,2,4,0,0,1,0,0,0,0,14.3,0,13,2020
"Drew Lock",39517,"QB","DEN",1,7,14.3,0,10,0,0,14.3,14.3,85.7,14.3,0,0,1,1,1,7,6,1,2,2,0,0,28.6,28.6,0,0,0,13,2020
"Jalen Hurts",40291,"QB","PHI",1,7,0,0,24,0,0,28.6,0,57.1,14.3,0,2,0,2,0,7,4,1,1,1,2,0,14.3,14.3,2,28.6,0,13,2020
"Lamar Jackson",46416,"QB","BLT",1,6,0,0,3,0,2,0,0,66.7,0,0,2,0,0,0,6,4,0,1,3,2,0,16.7,50,0,33.3,0,13,2020
"Tua Tagovailoa",60326,"QB","MIA",1,4,0,0,17,0,1,25,0,75,0,0,1,0,1,0,4,3,0,0,2,1,0,0,50,0,25,0,13,2020
"Cam Newton",6153,"QB","NE",1,4,0,0,19,0,0,25,0,100,0,0,0,0,1,0,4,4,0,2,1,0,0,50,25,0,0,0,13,2020
"Ryan Finley",46426,"QB","CIN",1,4,0,0,7,0,0,50,25,100,0,0,0,0,2,1,4,4,0,0,2,0,0,0,50,0,0,0,13,2020
"Baker Mayfield",46518,"QB","CLV",1,2,0,0,8,0,0,0,50,50,50,0,0,0,0,1,2,1,1,0,0,0,0,0,0,0,0,0,13,2020
"Jarrett Stidham",13725,"QB","NE",1,1,0,0,19,0,0,0,0,100,0,0,0,0,0,0,1,1,0,1,1,0,0,100,100,0,0,0,13,2020
"Josh Allen",46601,"QB","BUF",1,20,30,0,4,1,1,35,5,80,10,0,2,6,7,1,20,16,2,2,1,2,0,10,5,0,10,0,14,2020
"Deshaun Watson",11767,"QB","HST",1,16,6.3,0,13,0,2,31.3,18.8,81.3,0,0,5,1,5,3,16,13,0,4,6,5,0,25,37.5,3,31.3,0,14,2020
"Daniel Jones",39395,"QB","NYG",1,16,0,0,21,0,0,31.3,31.3,87.5,6.3,0,2,0,5,5,16,14,1,2,6,2,0,12.5,37.5,2,12.5,0,14,2020
"Tua Tagovailoa",60326,"QB","MIA",1,15,13.3,0,17,0,0,26.7,20,86.7,13.3,0,1,2,4,3,15,13,2,3,2,1,0,20,13.3,1,6.7,0,14,2020
"Kirk Cousins",7102,"QB","MIN",1,15,13.3,0,18,0,0,26.7,13.3,93.3,6.7,0,0,2,4,2,15,14,1,8,1,0,0,53.3,6.7,0,0,0,14,2020
"Nick Mullens",12282,"QB","SF",1,14,14.3,0,28,1,2,35.7,7.1,64.3,7.1,0,6,2,5,1,14,9,1,0,2,6,0,0,14.3,3,42.9,0,14,2020
"Baker Mayfield",46518,"QB","CLV",1,13,0,0,8,1,1,30.8,23.1,76.9,7.7,0,2,0,4,3,13,10,1,4,3,2,0,30.8,23.1,0,15.4,0,14,2020
"Taysom Hill",12112,"QB","NO",1,13,7.7,0,20,0,0,23.1,30.8,92.3,-15.4,0,1,1,3,4,13,12,-2,2,2,1,3,15.4,15.4,1,7.7,23.1,14,2020
"Teddy Bridgewater",8667,"QB","CAR",1,12,16.7,0,5,1,0,16.7,33.3,75,0,0,2,2,2,4,12,9,0,1,1,2,1,8.3,8.3,1,16.7,8.3,14,2020
"Patrick Mahomes",11765,"QB","KC",1,12,0,0,16,2,1,8.3,0,58.3,0,0,5,0,1,0,12,7,0,2,3,5,1,16.7,25,2,41.7,8.3,14,2020
"Ben Roethlisberger",1732,"QB","PIT",1,11,9.1,0,25,1,0,9.1,18.2,45.5,45.5,0,1,1,1,2,11,5,5,0,2,1,0,0,18.2,0,9.1,0,14,2020
"Cam Newton",6153,"QB","NE",1,10,10,0,19,0,0,20,20,80,10,0,1,1,2,2,10,8,1,2,1,1,0,20,10,1,10,0,14,2020
"Lamar Jackson",46416,"QB","BLT",1,10,10,0,3,0,0,0,20,100,0,0,0,1,0,2,10,10,0,2,6,0,0,20,60,0,0,0,14,2020
"Justin Herbert",28237,"QB","LAC",1,10,10,0,27,0,2,0,20,90,0,0,2,1,0,2,10,9,0,3,4,2,0,30,40,0,20,0,14,2020
"Sam Darnold",29048,"QB","NYJ",1,9,0,0,22,0,0,44.4,11.1,100,-22.2,0,1,0,4,1,9,9,-2,1,3,1,2,11.1,33.3,1,11.1,22.2,14,2020
"Derek Carr",8671,"QB","LV",1,9,0,0,23,0,3,22.2,11.1,55.6,11.1,0,3,0,2,1,9,5,1,0,2,3,0,0,22.2,0,33.3,0,14,2020
"Kyler Murray",38334,"QB","ARZ",1,9,44.4,0,1,0,0,22.2,11.1,100,0,0,0,4,2,1,9,9,0,0,2,0,0,0,22.2,0,0,0,14,2020
"Jared Goff",10635,"QB","LA",1,8,75,0,26,0,0,12.5,25,100,0,0,0,6,1,2,8,8,0,0,0,0,0,0,0,0,0,0,14,2020
"Drew Lock",39517,"QB","DEN",1,8,12.5,0,10,0,0,0,25,75,25,0,0,1,0,2,8,6,2,3,0,0,0,37.5,0,0,0,0,14,2020
"Andy Dalton",6187,"QB","DAL",1,7,14.3,0,9,1,0,14.3,85.7,85.7,0,0,1,1,1,6,7,6,0,0,1,1,0,0,14.3,0,14.3,0,14,2020
"Alex Smith",2218,"QB","WAS",1,7,0,0,32,0,2,28.6,0,42.9,28.6,0,2,0,2,0,7,3,2,0,1,2,0,0,14.3,0,28.6,0,14,2020
"Matt Ryan",4317,"QB","ATL",1,7,28.6,0,2,1,0,57.1,28.6,85.7,0,0,1,2,4,2,7,6,0,0,0,1,0,0,0,0,14.3,0,14,2020
"Matthew Stafford",4924,"QB","DET",1,7,0,0,11,0,1,14.3,0,57.1,0,0,3,0,1,0,7,4,0,1,2,3,0,14.3,28.6,2,42.9,0,14,2020
"Jalen Hurts",40291,"QB","PHI",1,7,28.6,0,24,0,1,0,42.9,85.7,0,0,1,2,0,3,7,6,0,2,2,1,1,28.6,28.6,0,14.3,14.3,14,2020
"Gardner Minshew",41401,"QB","JAX",1,6,0,0,15,1,2,16.7,16.7,50,0,0,3,0,1,1,6,3,0,0,1,3,0,0,16.7,0,50,0,14,2020
"Mitchell Trubisky",11757,"QB","CHI",1,6,50,0,6,0,0,0,0,83.3,16.7,0,0,3,0,0,6,5,1,0,2,0,0,0,33.3,0,0,0,14,2020
"Ryan Tannehill",7014,"QB","TEN",1,5,0,0,31,0,0,0,80,100,0,0,0,0,0,4,5,5,0,2,1,0,0,40,20,0,0,0,14,2020
"Mike Glennon",7854,"QB","JAX",1,5,0,0,15,0,0,0,60,100,0,0,0,0,0,3,5,5,0,1,1,0,0,20,20,0,0,0,14,2020
"Aaron Rodgers",2241,"QB","GB",1,5,20,0,12,0,0,0,0,80,20,0,0,1,0,0,5,4,1,0,3,0,0,0,60,0,0,0,14,2020
"Brandon Allen",10835,"QB","CIN",1,4,0,0,7,0,0,0,50,100,0,0,0,0,0,2,4,4,0,1,2,0,0,25,50,0,0,0,14,2020
"Jarrett Stidham",13725,"QB","NE",1,4,0,0,19,0,0,25,25,100,0,0,0,0,1,1,4,4,0,1,2,0,0,25,50,0,0,0,14,2020
"Colt McCoy",5609,"QB","NYG",1,3,0,0,21,0,0,0,66.7,100,0,0,0,0,0,2,3,3,0,0,1,0,0,0,33.3,0,0,0,14,2020
"Russell Wilson",7077,"QB","SEA",1,3,66.7,0,29,0,0,0,33.3,100,0,0,0,2,0,1,3,3,0,0,0,0,0,0,0,0,0,0,14,2020
"Ryan Finley",46426,"QB","CIN",1,2,0,0,7,0,0,100,0,100,0,0,0,0,2,0,2,2,0,0,0,0,0,0,0,0,0,0,14,2020
"Tom Brady",698,"QB","TB",1,2,0,0,30,0,0,0,0,100,0,0,0,0,0,0,2,2,0,1,0,0,1,50,0,0,0,50,14,2020
"Geno Smith",7820,"QB","SEA",1,2,0,0,29,0,0,100,50,100,0,0,0,0,2,1,2,2,0,0,0,0,0,0,0,0,0,0,14,2020
"Trace McSorley",32819,"QB","BLT",1,2,0,0,3,0,0,50,50,100,0,0,0,0,1,1,2,2,0,0,0,0,0,0,0,0,0,0,14,2020
"Philip Rivers",1725,"QB","IND",1,1,0,0,14,0,0,0,100,100,0,0,0,0,0,1,1,1,0,0,0,0,0,0,0,0,0,0,14,2020
"A.J. McCarron",8799,"QB","HST",1,1,0,0,13,0,0,0,0,0,0,0,1,0,0,0,1,0,0,0,0,1,0,0,0,1,100,0,14,2020
"Isaiah Wright",40113,"WR","WAS",1,1,0,0,32,1,0,0,0,0,100,0,1,0,0,0,1,0,1,0,0,0,0,0,0,0,0,0,14,2020
"Lynn Bowden Jr.",61361,"WR","MIA",1,1,0,0,17,1,0,0,0,0,100,0,1,0,0,0,1,0,1,0,0,0,0,0,0,0,0,0,14,2020
"Dwayne Haskins",41897,"QB","WAS",1,1,0,0,32,0,0,0,0,0,100,0,0,0,0,0,1,0,1,0,0,0,0,0,0,0,0,0,14,2020
"Russell Gage",44771,"WR","ATL",1,1,0,0,2,1,0,0,0,0,0,0,1,0,0,0,1,0,0,0,0,1,0,0,0,0,100,0,14,2020
"Chase Daniel",5214,"QB","DET",1,1,0,0,11,0,0,100,0,100,0,0,0,0,1,0,1,1,0,0,0,0,0,0,0,0,0,0,14,2020
"Patrick Mahomes",11765,"QB","KC",1,20,5,0,16,2,4,20,25,70,0,0,8,1,4,5,20,14,0,4,2,8,0,20,10,2,40,0,15,2020
"Jalen Hurts",40291,"QB","PHI",1,19,0,0,24,0,3,21.1,15.8,78.9,-5.3,0,5,0,4,3,19,15,-1,1,7,5,3,5.3,36.8,2,26.3,15.8,15,2020
"Matt Ryan",4317,"QB","ATL",1,17,17.6,0,2,0,0,29.4,0,88.2,11.8,0,0,3,5,0,17,15,2,2,4,0,2,11.8,23.5,0,0,11.8,15,2020
"Kirk Cousins",7102,"QB","MIN",1,16,18.8,0,18,1,0,43.8,18.8,81.3,0,0,2,3,7,3,16,13,0,2,2,2,1,12.5,12.5,1,12.5,6.3,15,2020
"Justin Herbert",28237,"QB","LAC",1,15,20,0,27,1,0,20,13.3,86.7,6.7,0,1,3,3,2,15,13,1,3,5,1,1,20,33.3,0,6.7,6.7,15,2020
"Jared Goff",10635,"QB","LA",1,14,28.6,0,26,0,0,21.4,14.3,100,0,0,0,4,3,2,14,14,0,4,1,0,1,28.6,7.1,0,0,7.1,15,2020
"Dwayne Haskins",41897,"QB","WAS",1,14,7.1,0,32,3,2,14.3,21.4,64.3,7.1,0,6,1,2,3,14,9,1,1,5,6,0,7.1,35.7,1,42.9,0,15,2020
"Gardner Minshew",41401,"QB","JAX",1,14,14.3,0,15,0,1,7.1,14.3,78.6,0,0,2,2,1,2,14,11,0,1,4,2,2,7.1,28.6,1,14.3,14.3,15,2020
"Sam Darnold",29048,"QB","NYJ",1,14,21.4,0,22,0,0,35.7,0,85.7,7.1,0,1,3,5,0,14,12,1,7,0,1,0,50,0,1,7.1,0,15,2020
"Nick Mullens",12282,"QB","SF",1,14,14.3,0,28,0,0,14.3,14.3,92.9,7.1,0,0,2,2,2,14,13,1,6,3,0,1,42.9,21.4,0,0,7.1,15,2020
"Deshaun Watson",11767,"QB","HST",1,14,0,0,13,0,2,14.3,21.4,64.3,7.1,0,5,0,2,3,14,9,1,3,3,5,0,21.4,21.4,3,35.7,0,15,2020
"Drew Brees",802,"QB","NO",1,13,0,0,20,0,1,23.1,15.4,84.6,7.7,0,1,0,3,2,13,11,1,1,5,1,0,7.7,38.5,0,7.7,0,15,2020
"Drew Lock",39517,"QB","DEN",1,13,7.7,0,10,0,2,23.1,0,69.2,15.4,0,2,1,3,0,13,9,2,0,4,2,2,0,30.8,0,15.4,15.4,15,2020
"Josh Allen",46601,"QB","BUF",1,13,0,0,4,1,0,15.4,23.1,84.6,7.7,0,1,0,2,3,13,11,1,6,2,1,1,46.2,15.4,0,7.7,7.7,15,2020
"Ben Roethlisberger",1732,"QB","PIT",1,13,7.7,0,25,0,0,0,53.8,92.3,7.7,0,0,1,0,7,13,12,1,2,2,0,0,15.4,15.4,0,0,0,15,2020
"Teddy Bridgewater",8667,"QB","CAR",1,12,50,0,5,0,0,0,16.7,100,0,0,1,6,0,2,12,12,0,4,4,1,0,33.3,33.3,1,8.3,0,15,2020
"Tom Brady",698,"QB","TB",1,11,27.3,0,30,1,2,0,45.5,63.6,0,0,3,3,0,5,11,7,0,0,0,3,1,0,0,0,27.3,9.1,15,2020
"Matthew Stafford",4924,"QB","DET",1,10,20,0,11,3,0,10,30,70,0,0,3,2,1,3,10,7,0,1,0,3,0,10,0,0,30,0,15,2020
"Russell Wilson",7077,"QB","SEA",1,9,0,0,29,0,1,22.2,22.2,88.9,0,0,1,0,2,2,9,8,0,2,2,1,1,22.2,22.2,0,11.1,11.1,15,2020
"Andy Dalton",6187,"QB","DAL",1,9,11.1,0,9,0,1,11.1,22.2,88.9,0,0,1,1,1,2,9,8,0,3,3,1,0,33.3,33.3,0,11.1,0,15,2020
"Tua Tagovailoa",60326,"QB","MIA",1,8,0,0,17,0,0,12.5,37.5,62.5,25,0,1,0,1,3,8,5,2,0,1,1,0,0,12.5,1,12.5,0,15,2020
"Cam Newton",6153,"QB","NE",1,8,50,0,19,0,0,0,37.5,100,0,0,0,4,0,3,8,8,0,1,0,0,0,12.5,0,0,0,0,15,2020
"Colt McCoy",5609,"QB","NYG",1,7,14.3,0,21,0,0,57.1,28.6,100,0,0,0,1,4,2,7,7,0,1,3,0,0,14.3,42.9,0,0,0,15,2020
"Ryan Finley",46426,"QB","CIN",1,7,14.3,0,7,0,1,0,42.9,71.4,0,0,2,1,0,3,7,5,0,2,1,2,0,28.6,14.3,1,28.6,0,15,2020
"Aaron Rodgers",2241,"QB","GB",1,6,0,0,12,0,0,50,16.7,100,0,0,0,0,3,1,6,6,0,1,1,0,0,16.7,16.7,0,0,0,15,2020
"Philip Rivers",1725,"QB","IND",1,6,50,0,14,0,0,16.7,0,100,0,0,0,3,1,0,6,6,0,0,3,0,0,0,50,0,0,0,15,2020
"Ryan Tannehill",7014,"QB","TEN",1,6,16.7,0,31,0,0,0,66.7,100,0,0,0,1,0,4,6,6,0,2,0,0,0,33.3,0,0,0,0,15,2020
"Kyler Murray",38334,"QB","ARZ",1,6,16.7,0,1,0,0,0,50,83.3,16.7,0,0,1,0,3,6,5,1,1,1,0,0,16.7,16.7,0,0,0,15,2020
"Mitchell Trubisky",11757,"QB","CHI",1,6,0,0,6,0,1,16.7,33.3,83.3,0,0,1,0,1,2,6,5,0,0,0,1,2,0,0,0,16.7,33.3,15,2020
"Marcus Mariota",9435,"QB","LV",1,5,0,0,23,1,0,0,40,40,40,0,1,0,0,2,5,2,2,0,0,1,0,0,0,0,20,0,15,2020
"Derek Carr",8671,"QB","LV",1,5,0,0,23,0,0,20,20,100,0,0,1,0,1,1,5,5,0,1,2,1,1,20,40,1,20,20,15,2020
"Lamar Jackson",46416,"QB","BLT",1,5,0,0,3,0,1,0,0,60,0,0,2,0,0,0,5,3,0,0,3,2,0,0,60,1,40,0,15,2020
"Baker Mayfield",46518,"QB","CLV",1,4,25,0,8,0,1,50,0,75,0,0,1,1,2,0,4,3,0,1,0,1,0,25,0,0,25,0,15,2020
"Chase Daniel",5214,"QB","DET",1,4,0,0,11,1,1,0,25,50,0,0,2,0,0,1,4,2,0,0,2,2,0,0,50,0,50,0,15,2020
"Tyler Huntley",46448,"QB","BLT",1,2,0,0,3,0,0,0,50,100,0,0,0,0,0,1,2,2,0,1,0,0,0,50,0,0,0,0,15,2020
"Jalen Hurts",40291,"QB","PHI",1,17,5.9,0,24,0,4,5.9,35.3,64.7,5.9,0,6,1,1,6,17,11,1,0,3,6,0,0,17.6,2,35.3,0,16,2020
"Jared Goff",10635,"QB","LA",1,15,20,0,26,0,0,6.7,33.3,80,13.3,0,1,3,1,5,15,12,2,2,2,1,2,13.3,13.3,1,6.7,13.3,16,2020
"Justin Herbert",28237,"QB","LAC",1,15,13.3,0,27,1,1,20,26.7,80,6.7,0,3,2,3,4,15,12,1,1,2,3,0,6.7,13.3,1,20,0,16,2020
"Russell Wilson",7077,"QB","SEA",1,14,14.3,0,29,1,0,50,14.3,85.7,0,0,3,2,7,2,14,12,0,3,3,3,0,21.4,21.4,2,21.4,0,16,2020
"Kyler Murray",38334,"QB","ARZ",1,14,7.1,0,1,0,2,21.4,0,57.1,21.4,0,3,1,3,0,14,8,3,3,2,3,0,21.4,14.3,1,21.4,0,16,2020
"Matt Ryan",4317,"QB","ATL",1,14,7.1,0,2,0,0,42.9,0,100,0,0,0,1,6,0,14,14,0,4,2,0,1,28.6,14.3,0,0,7.1,16,2020
"Sam Darnold",29048,"QB","NYJ",1,14,21.4,0,22,1,0,21.4,28.6,92.9,0,0,1,3,3,4,14,13,0,5,4,1,0,35.7,28.6,0,7.1,0,16,2020
"Patrick Mahomes",11765,"QB","KC",1,14,7.1,0,16,1,5,21.4,7.1,57.1,0,0,6,1,3,1,14,8,0,4,0,6,0,28.6,0,0,42.9,0,16,2020
"Philip Rivers",1725,"QB","IND",1,12,8.3,0,14,0,0,8.3,33.3,83.3,16.7,0,1,1,1,4,12,10,2,2,4,1,0,16.7,33.3,1,8.3,0,16,2020
"Daniel Jones",39395,"QB","NYG",1,12,8.3,0,21,0,0,16.7,33.3,83.3,8.3,0,1,1,2,4,12,10,1,0,5,1,0,0,41.7,1,8.3,0,16,2020
"Baker Mayfield",46518,"QB","CLV",1,12,0,0,8,0,1,16.7,33.3,83.3,0,0,2,0,2,4,12,10,0,3,1,2,1,25,8.3,1,16.7,8.3,16,2020
"Andy Dalton",6187,"QB","DAL",1,11,0,0,9,1,0,9.1,27.3,90.9,9.1,0,1,0,1,3,11,10,1,2,6,1,0,18.2,54.5,0,9.1,0,16,2020
"Ryan Tannehill",7014,"QB","TEN",1,11,9.1,0,31,0,2,9.1,9.1,81.8,-9.1,0,2,1,1,1,11,9,-1,4,5,2,2,36.4,45.5,0,18.2,18.2,16,2020
"Deshaun Watson",11767,"QB","HST",1,11,9.1,0,13,1,1,0,36.4,81.8,0,0,2,1,0,4,11,9,0,0,4,2,0,0,36.4,0,18.2,0,16,2020
"Derek Carr",8671,"QB","LV",1,11,18.2,0,23,0,1,18.2,36.4,90.9,0,0,1,2,2,4,11,10,0,0,2,1,1,0,18.2,0,9.1,9.1,16,2020
"Drew Lock",39517,"QB","DEN",1,10,20,0,10,1,0,10,20,90,0,0,3,2,1,2,10,9,0,3,3,3,0,30,30,2,30,0,16,2020
"Lamar Jackson",46416,"QB","BLT",1,9,22.2,0,3,0,2,11.1,22.2,77.8,0,0,2,2,1,2,9,7,0,2,0,2,0,22.2,0,0,22.2,0,16,2020
"Kirk Cousins",7102,"QB","MIN",1,9,44.4,0,18,1,0,44.4,22.2,88.9,0,0,1,4,4,2,9,8,0,1,0,1,1,11.1,0,0,11.1,11.1,16,2020
"Teddy Bridgewater",8667,"QB","CAR",1,9,22.2,0,5,0,0,33.3,66.7,100,0,0,0,2,3,6,9,9,0,1,0,0,0,11.1,0,0,0,0,16,2020
"Ben Roethlisberger",1732,"QB","PIT",1,9,11.1,0,25,1,0,0,11.1,88.9,0,0,1,1,0,1,9,8,0,3,3,1,0,33.3,33.3,0,11.1,0,16,2020
"C.J. Beathard",11859,"QB","SF",1,8,12.5,0,28,0,1,25,12.5,87.5,0,0,1,1,2,1,8,7,0,2,3,1,0,25,37.5,0,12.5,0,16,2020
"Dwayne Haskins",41897,"QB","WAS",1,7,14.3,0,32,0,1,0,14.3,85.7,0,0,1,1,0,1,7,6,0,2,3,1,0,28.6,42.9,0,14.3,0,16,2020
"Josh Allen",46601,"QB","BUF",1,7,0,0,4,0,1,0,28.6,85.7,0,0,1,0,0,2,7,6,0,3,1,1,0,42.9,14.3,0,14.3,0,16,2020
"David Blough",46508,"QB","DET",1,7,0,0,11,0,0,14.3,0,85.7,14.3,0,0,0,1,0,7,6,1,2,3,0,0,28.6,42.9,0,0,0,16,2020
"Cam Newton",6153,"QB","NE",1,7,28.6,0,19,0,0,0,28.6,100,0,0,0,2,0,2,7,7,0,2,0,0,1,28.6,0,0,0,14.3,16,2020
"Mitchell Trubisky",11757,"QB","CHI",1,6,0,0,6,1,0,16.7,66.7,100,0,0,1,0,1,4,6,6,0,0,0,1,1,0,0,0,16.7,16.7,16,2020
"Chase Daniel",5214,"QB","DET",1,6,33.3,0,11,0,1,0,16.7,66.7,16.7,0,1,2,0,1,6,4,1,0,1,1,0,0,16.7,0,16.7,0,16,2020
"Tua Tagovailoa",60326,"QB","MIA",1,5,20,0,17,1,0,20,20,80,0,0,2,1,1,1,5,4,0,1,2,2,0,20,40,1,40,0,16,2020
"Taylor Heinicke",9896,"QB","WAS",1,5,0,0,32,1,0,20,0,40,20,0,2,0,1,0,5,2,1,0,1,2,0,0,20,1,40,0,16,2020
"Tom Brady",698,"QB","TB",1,5,20,0,30,0,0,0,40,100,0,0,0,1,0,2,5,5,0,3,0,0,0,60,0,0,0,0,16,2020
"Ryan Fitzpatrick",2467,"QB","MIA",1,4,0,0,17,1,0,50,25,75,0,0,1,0,2,1,4,3,0,1,0,1,0,25,0,0,25,0,16,2020
"Mike Glennon",7854,"QB","JAX",1,4,25,0,15,0,1,25,0,50,25,0,1,1,1,0,4,2,1,0,0,1,0,0,0,0,25,0,16,2020
"Blaine Gabbert",6162,"QB","TB",1,4,25,0,30,0,0,0,25,100,0,0,0,1,0,1,4,4,0,1,2,0,0,25,50,0,0,0,16,2020
"Aaron Rodgers",2241,"QB","GB",1,4,0,0,12,0,0,25,25,50,50,0,0,0,1,1,4,2,2,0,0,0,0,0,0,0,0,0,16,2020
"Jarrett Stidham",13725,"QB","NE",1,3,33.3,0,19,0,0,0,33.3,100,0,0,1,1,0,1,3,3,0,0,1,1,0,0,33.3,1,33.3,0,16,2020
"Brandon Allen",10835,"QB","CIN",1,3,33.3,0,7,0,0,0,33.3,100,0,0,0,1,0,1,3,3,0,1,1,0,0,33.3,33.3,0,0,0,16,2020
"Drew Brees",802,"QB","NO",1,2,0,0,20,0,0,0,0,100,0,0,0,0,0,0,2,2,0,2,1,0,0,100,50,0,0,0,16,2020
"Matthew Stafford",4924,"QB","DET",1,1,0,0,11,0,0,0,0,0,100,0,0,0,0,0,1,0,1,0,0,0,0,0,0,0,0,0,16,2020
"Andy Dalton",6187,"QB","DAL",1,17,23.5,0,9,1,1,17.6,41.2,76.5,5.9,0,3,4,3,7,17,13,1,4,1,3,0,23.5,5.9,1,17.6,0,17,2020
"John Wolford",46454,"QB","LA",1,16,12.5,0,26,0,0,37.5,18.8,81.3,12.5,0,1,2,6,3,16,13,2,0,4,1,0,0,25,1,6.3,0,17,2020
"Justin Herbert",28237,"QB","LAC",1,15,6.7,0,27,1,0,20,13.3,73.3,20,0,1,1,3,2,15,11,3,4,1,1,1,26.7,6.7,0,6.7,6.7,17,2020
"Ryan Tannehill",7014,"QB","TEN",1,15,0,0,31,0,0,13.3,13.3,86.7,0,0,1,0,2,2,15,13,0,5,2,1,5,33.3,13.3,1,6.7,33.3,17,2020
"Kirk Cousins",7102,"QB","MIN",1,15,26.7,0,18,0,1,13.3,26.7,93.3,6.7,0,1,4,2,4,15,14,1,1,3,1,0,6.7,20,0,6.7,0,17,2020
"Russell Wilson",7077,"QB","SEA",1,14,7.1,0,29,0,2,0,21.4,64.3,21.4,0,2,1,0,3,14,9,3,3,1,2,1,21.4,7.1,0,14.3,7.1,17,2020
"Alex Smith",2218,"QB","WAS",1,14,0,0,32,1,2,21.4,7.1,71.4,7.1,0,3,0,3,1,14,10,1,5,2,3,0,35.7,14.3,0,21.4,0,17,2020
"Mike Glennon",7854,"QB","JAX",1,13,15.4,0,15,0,0,7.7,53.8,84.6,7.7,0,1,2,1,7,13,11,1,2,3,1,0,15.4,23.1,1,7.7,0,17,2020
"C.J. Beathard",11859,"QB","SF",1,12,33.3,0,28,1,0,25,16.7,75,0,0,3,4,3,2,12,9,0,1,2,3,0,8.3,16.7,2,25,0,17,2020
"Tua Tagovailoa",60326,"QB","MIA",1,12,0,0,17,0,1,16.7,25,83.3,8.3,0,1,0,2,3,12,10,1,2,4,1,0,16.7,33.3,0,8.3,0,17,2020
"Mason Rudolph",46569,"QB","PIT",1,12,16.7,0,25,0,0,0,25,91.7,8.3,0,0,2,0,3,12,11,1,4,2,0,0,33.3,16.7,0,0,0,17,2020
"Jalen Hurts",40291,"QB","PHI",1,11,18.2,0,24,2,0,18.2,18.2,100,0,0,2,2,2,2,11,11,0,0,4,2,2,0,36.4,0,18.2,18.2,17,2020
"Cam Newton",6153,"QB","NE",1,10,20,0,19,1,0,10,40,80,10,0,1,2,1,4,10,8,1,1,1,1,0,10,10,0,10,0,17,2020
"Baker Mayfield",46518,"QB","CLV",1,10,10,0,8,0,0,10,20,100,0,0,1,1,1,2,10,10,0,4,0,1,2,40,0,1,10,20,17,2020
"Matt Ryan",4317,"QB","ATL",1,9,11.1,0,2,3,0,11.1,22.2,66.7,0,0,3,1,1,2,9,6,0,3,1,3,0,33.3,11.1,0,33.3,0,17,2020
"Deshaun Watson",11767,"QB","HST",1,9,44.4,0,13,0,0,0,33.3,88.9,11.1,0,0,4,0,3,9,8,1,1,2,0,0,11.1,22.2,0,0,0,17,2020
"Lamar Jackson",46416,"QB","BLT",1,8,0,0,3,0,0,12.5,50,87.5,12.5,0,0,0,1,4,8,7,1,1,3,0,0,12.5,37.5,0,0,0,17,2020
"Sam Darnold",29048,"QB","NYJ",1,8,0,0,22,0,0,25,12.5,87.5,12.5,0,0,0,2,1,8,7,1,3,1,0,0,37.5,12.5,0,0,0,17,2020
"Drew Lock",39517,"QB","DEN",1,8,0,0,10,0,0,0,0,75,12.5,0,1,0,0,0,8,6,1,3,4,1,0,37.5,50,1,12.5,0,17,2020
"Derek Carr",8671,"QB","LV",1,7,14.3,0,23,0,0,14.3,42.9,85.7,0,0,1,1,1,3,7,6,0,2,2,1,0,28.6,28.6,1,14.3,0,17,2020
"Aaron Rodgers",2241,"QB","GB",1,7,28.6,0,12,1,0,14.3,42.9,71.4,14.3,0,1,2,1,3,7,5,1,0,0,1,0,0,0,0,14.3,0,17,2020
"Nate Sudfeld",10821,"QB","PHI",1,7,14.3,0,24,1,2,0,14.3,28.6,14.3,0,4,1,0,1,7,2,1,0,0,4,0,0,0,1,57.1,0,17,2020
"Josh Allen",46601,"QB","BUF",1,7,0,0,4,0,2,0,28.6,57.1,14.3,0,2,0,0,2,7,4,1,2,1,2,0,28.6,14.3,0,28.6,0,17,2020
"Phillip Walker",12134,"QB","CAR",1,7,0,0,5,0,0,14.3,42.9,85.7,14.3,0,0,0,1,3,7,6,1,3,2,0,0,42.9,28.6,0,0,0,17,2020
"Daniel Jones",39395,"QB","NYG",1,7,0,0,21,1,1,14.3,0,71.4,0,0,2,0,1,0,7,5,0,3,0,2,1,42.9,0,0,28.6,14.3,17,2020
"Chris Streveler",46440,"QB","ARZ",1,6,16.7,0,1,1,0,33.3,0,66.7,0,0,2,1,2,0,6,4,0,1,1,2,0,16.7,16.7,1,33.3,0,17,2020
"Matthew Stafford",4924,"QB","DET",1,6,0,0,11,0,0,66.7,16.7,100,0,0,0,0,4,1,6,6,0,1,1,0,0,16.7,16.7,0,0,0,17,2020
"Teddy Bridgewater",8667,"QB","CAR",1,5,40,0,5,0,1,40,20,60,20,0,1,2,2,1,5,3,1,0,1,1,0,0,20,0,20,0,17,2020
"Brandon Allen",10835,"QB","CIN",1,5,0,0,7,0,0,0,20,80,20,0,0,0,0,1,5,4,1,0,3,0,0,0,60,0,0,0,17,2020
"Philip Rivers",1725,"QB","IND",1,4,0,0,14,0,0,50,50,100,0,0,0,0,2,2,4,4,0,0,0,0,0,0,0,0,0,0,17,2020
"Chad Henne",4371,"QB","KC",1,4,0,0,16,0,0,0,25,100,0,0,0,0,0,1,4,4,0,0,3,0,0,0,75,0,0,0,17,2020
"Drew Brees",802,"QB","NO",1,4,0,0,20,0,1,0,0,75,0,0,2,0,0,0,4,3,0,2,0,2,1,50,0,1,50,25,17,2020
"Mitchell Trubisky",11757,"QB","CHI",1,3,0,0,6,0,1,0,66.7,66.7,0,0,1,0,0,2,3,2,0,0,0,1,0,0,0,0,33.3,0,17,2020
"Tom Brady",698,"QB","TB",1,3,33.3,0,30,0,0,0,0,66.7,33.3,0,0,1,0,0,3,2,1,0,1,0,0,0,33.3,0,0,0,17,2020
"Kyler Murray",38334,"QB","ARZ",1,3,33.3,0,1,0,0,0,0,100,0,0,0,1,0,0,3,3,0,1,1,0,0,33.3,33.3,0,0,0,17,2020
"Matt Barkley",7880,"QB","BUF",1,2,50,0,4,0,0,100,0,100,0,0,0,1,2,0,2,2,0,1,0,0,0,50,0,0,0,0,17,2020
"Taysom Hill",12112,"QB","NO",1,1,0,0,20,0,0,0,0,0,100,0,0,0,0,0,1,0,1,0,0,0,0,0,0,0,0,0,17,2020
"Calvin Ridley",48262,"WR","ATL",1,1,100,0,2,0,0,0,0,100,0,0,0,1,0,0,1,1,0,0,0,0,0,0,0,0,0,0,17,2020
"Matthew Stafford",4924,"QB","DET",1,20,15,0,11,0,0,0,35,90,10,0,0,3,0,7,20,18,2,5,7,0,0,25,35,0,0,0,1,2019
"Mitchell Trubisky",11757,"QB","CHI",1,19,0,0,6,0,2,31.6,26.3,73.7,5.3,0,5,0,6,5,19,14,1,6,2,5,0,31.6,10.5,3,26.3,0,1,2019
"Andy Dalton",6187,"QB","CIN",1,18,5.6,0,7,0,1,22.2,27.8,77.8,11.1,0,3,1,4,5,18,14,2,0,6,3,0,0,33.3,2,16.7,0,1,2019
"Matt Ryan",4317,"QB","ATL",1,16,6.3,0,2,0,1,12.5,31.3,93.8,0,0,1,1,2,5,16,15,0,1,6,1,1,6.3,37.5,0,6.3,6.3,1,2019
"Deshaun Watson",11767,"QB","HST",1,15,0,0,13,0,1,20,33.3,86.7,0,0,2,0,3,5,15,13,0,3,3,2,1,20,20,1,13.3,6.7,1,2019
"Case Keenum",7323,"QB","WAS",1,14,21.4,0,32,0,1,14.3,21.4,92.9,0,0,1,3,2,3,14,13,0,1,6,1,0,7.1,42.9,0,7.1,0,1,2019
"Tom Brady",698,"QB","NE",1,14,14.3,0,19,0,0,7.1,7.1,92.9,-7.1,0,1,2,1,1,14,13,-1,8,2,1,1,57.1,14.3,1,7.1,7.1,1,2019
"Kyler Murray",38334,"QB","ARZ",1,14,0,0,1,0,1,21.4,14.3,78.6,14.3,0,4,0,3,2,14,11,2,1,6,4,0,7.1,42.9,3,28.6,0,1,2019
"Sam Darnold",29048,"QB","NYJ",1,13,23.1,0,22,0,0,23.1,15.4,100,-7.7,0,0,3,3,2,13,13,-1,2,3,0,2,15.4,23.1,0,0,15.4,1,2019
"Ryan Fitzpatrick",2467,"QB","MIA",1,12,0,0,17,0,0,16.7,33.3,83.3,8.3,0,1,0,2,4,12,10,1,3,1,1,1,25,8.3,1,8.3,8.3,1,2019
"Philip Rivers",1725,"QB","LAC",1,12,8.3,0,27,1,1,16.7,33.3,83.3,0,0,2,1,2,4,12,10,0,3,2,2,1,25,16.7,0,16.7,8.3,1,2019
"Jameis Winston",9434,"QB","TB",1,12,8.3,0,30,0,1,0,41.7,91.7,0,0,1,1,0,5,12,11,0,4,1,1,2,33.3,8.3,0,8.3,16.7,1,2019
"Jared Goff",10635,"QB","LA",1,11,36.4,0,26,0,0,27.3,0,100,0,0,1,4,3,0,11,11,0,1,5,1,1,9.1,45.5,1,9.1,9.1,1,2019
"Baker Mayfield",46518,"QB","CLV",1,11,9.1,0,8,0,1,18.2,0,72.7,9.1,0,2,1,2,0,11,8,1,0,6,2,0,0,54.5,1,18.2,0,1,2019
"Russell Wilson",7077,"QB","SEA",1,10,40,0,29,0,0,10,30,90,10,0,0,4,1,3,10,9,1,0,2,0,0,0,20,0,0,0,1,2019
"Aaron Rodgers",2241,"QB","GB",1,10,30,0,12,1,1,20,20,90,0,0,2,3,2,2,10,9,0,3,1,2,1,30,10,0,20,10,1,2019
"Josh Allen",46601,"QB","BUF",1,9,11.1,0,4,0,0,33.3,44.4,100,0,0,0,1,3,4,9,9,0,1,2,0,0,11.1,22.2,0,0,0,1,2019
"Eli Manning",1722,"QB","NYG",1,9,11.1,0,21,0,2,0,22.2,66.7,0,0,3,1,0,2,9,6,0,1,2,3,0,11.1,22.2,1,33.3,0,1,2019
"Ben Roethlisberger",1732,"QB","PIT",1,9,0,0,25,0,0,44.4,22.2,88.9,0,0,1,0,4,2,9,8,0,0,2,1,0,0,22.2,1,11.1,0,1,2019
"Cam Newton",6153,"QB","CAR",1,9,22.2,0,5,0,0,44.4,33.3,100,0,0,0,2,4,3,9,9,0,2,0,0,0,22.2,0,0,0,0,1,2019
"Marcus Mariota",9435,"QB","TEN",1,9,0,0,31,1,0,22.2,33.3,77.8,0,0,2,0,2,3,9,7,0,3,1,2,0,33.3,11.1,1,22.2,0,1,2019
"Carson Wentz",10636,"QB","PHI",1,9,11.1,0,24,0,0,11.1,0,77.8,11.1,0,1,1,1,0,9,7,1,2,3,1,1,22.2,33.3,1,11.1,11.1,1,2019
"Jacoby Brissett",10725,"QB","IND",1,8,12.5,0,14,0,0,12.5,12.5,100,0,0,0,1,1,1,8,8,0,2,3,0,0,25,37.5,0,0,0,1,2019
"Drew Brees",802,"QB","NO",1,8,25,0,20,0,1,25,25,87.5,0,0,1,2,2,2,8,7,0,1,0,1,0,12.5,0,0,12.5,0,1,2019
"Joe Flacco",4332,"QB","DEN",1,8,0,0,10,0,0,0,25,87.5,0,0,1,0,0,2,8,7,0,3,2,1,0,37.5,25,1,12.5,0,1,2019
"Gardner Minshew",41401,"QB","JAX",1,7,0,0,15,0,0,14.3,28.6,100,0,0,0,0,1,2,7,7,0,3,1,0,0,42.9,14.3,0,0,0,1,2019
"Patrick Mahomes",11765,"QB","KC",1,6,0,0,16,0,0,16.7,33.3,100,0,0,0,0,1,2,6,6,0,2,2,0,0,33.3,33.3,0,0,0,1,2019
"Jimmy Garoppolo",8697,"QB","SF",1,5,40,0,28,0,0,0,0,60,40,0,0,2,0,0,5,3,2,0,0,0,1,0,0,0,0,20,1,2019
"Lamar Jackson",46416,"QB","BLT",1,5,0,0,3,0,1,40,0,60,0,0,2,0,2,0,5,3,0,1,0,2,0,20,0,1,40,0,1,2019
"Kirk Cousins",7102,"QB","MIN",1,4,25,0,18,0,1,50,0,75,0,0,1,1,2,0,4,3,0,0,0,1,0,0,0,0,25,0,1,2019
"Daniel Jones",39395,"QB","NYG",1,4,0,0,21,0,0,0,0,100,0,0,0,0,0,0,4,4,0,3,2,0,0,75,50,0,0,0,1,2019
"Derek Carr",8671,"QB","OAK",1,4,0,0,23,0,0,25,25,100,0,0,0,0,1,1,4,4,0,0,1,0,1,0,25,0,0,25,1,2019
"Josh Rosen",35460,"QB","MIA",1,3,0,0,17,0,0,0,0,66.7,33.3,0,0,0,0,0,3,2,1,0,2,0,0,0,66.7,0,0,0,1,2019
"Dak Prescott",10769,"QB","DAL",1,2,0,0,9,0,0,50,0,50,50,0,0,0,1,0,2,1,1,0,0,0,0,0,0,0,0,0,1,2019
"Nick Foles",7089,"QB","JAX",1,2,0,0,15,0,0,0,0,100,0,0,0,0,0,0,2,2,0,2,0,0,0,100,0,0,0,0,1,2019
"Robert Griffin III",7008,"QB","BLT",1,1,0,0,3,0,0,0,0,0,100,0,0,0,0,0,1,0,1,0,0,0,0,0,0,0,0,0,1,2019
"Gardner Minshew",41401,"QB","JAX",1,19,0,0,15,1,3,21.1,26.3,73.7,5.3,0,4,0,4,5,19,14,1,5,4,4,0,26.3,21.1,0,21.1,0,2,2019
"Kirk Cousins",7102,"QB","MIN",1,18,27.8,0,18,0,1,33.3,16.7,88.9,5.6,0,1,5,6,3,18,16,1,2,1,1,2,11.1,5.6,0,5.6,11.1,2,2019
"Jared Goff",10635,"QB","LA",1,17,23.5,0,26,0,0,17.6,29.4,94.1,5.9,0,0,4,3,5,17,16,1,8,3,0,0,47.1,17.6,0,0,0,2,2019
"Carson Wentz",10636,"QB","PHI",1,16,12.5,0,24,1,1,43.8,18.8,87.5,0,0,2,2,7,3,16,14,0,2,2,2,0,12.5,12.5,0,12.5,0,2,2019
"Joe Flacco",4332,"QB","DEN",1,15,6.7,0,10,0,0,26.7,26.7,86.7,6.7,0,1,1,4,4,15,13,1,1,3,1,1,6.7,20,1,6.7,6.7,2,2019
"Cam Newton",6153,"QB","CAR",1,15,26.7,0,5,0,0,6.7,53.3,100,0,0,0,4,1,8,15,15,0,2,2,0,0,13.3,13.3,0,0,0,2,2019
"Aaron Rodgers",2241,"QB","GB",1,14,0,0,12,1,0,14.3,42.9,85.7,0,0,1,0,2,6,14,12,0,4,0,1,2,28.6,0,0,7.1,14.3,2,2019
"Andy Dalton",6187,"QB","CIN",1,14,7.1,0,7,0,0,35.7,28.6,92.9,0,0,1,1,5,4,14,13,0,0,3,1,2,0,21.4,1,7.1,14.3,2,2019
"Jameis Winston",9434,"QB","TB",1,13,7.7,0,30,0,1,15.4,38.5,69.2,7.7,0,3,1,2,5,13,9,1,0,2,3,1,0,15.4,2,23.1,7.7,2,2019
"Deshaun Watson",11767,"QB","HST",1,12,8.3,0,13,1,0,16.7,8.3,75,-16.7,0,3,1,2,1,12,9,-2,2,3,3,2,16.7,25,2,25,16.7,2,2019
"Kyler Murray",38334,"QB","ARZ",1,12,0,0,1,1,1,8.3,25,58.3,25,0,2,0,1,3,12,7,3,1,3,2,0,8.3,25,0,16.7,0,2,2019
"Derek Carr",8671,"QB","OAK",1,12,0,0,23,0,1,41.7,8.3,91.7,0,0,1,0,5,1,12,11,0,5,2,1,0,41.7,16.7,0,8.3,0,2,2019
"Matt Ryan",4317,"QB","ATL",1,12,0,0,2,0,1,25,33.3,91.7,0,0,1,0,3,4,12,11,0,1,4,1,0,8.3,33.3,0,8.3,0,2,2019
"Teddy Bridgewater",8667,"QB","NO",1,11,0,0,20,0,0,9.1,18.2,90.9,0,0,0,0,1,2,11,10,0,3,3,0,3,27.3,27.3,0,0,27.3,2,2019
"Philip Rivers",1725,"QB","LAC",1,11,9.1,0,27,0,1,9.1,18.2,63.6,27.3,0,1,1,1,2,11,7,3,2,2,1,0,18.2,18.2,0,9.1,0,2,2019
"Josh Allen",46601,"QB","BUF",1,10,10,0,4,0,0,30,30,90,10,0,0,1,3,3,10,9,1,1,4,0,0,10,40,0,0,0,2,2019
"Baker Mayfield",46518,"QB","CLV",1,10,0,0,8,0,1,20,30,80,0,0,2,0,2,3,10,8,0,3,1,2,1,30,10,1,20,10,2,2019
"Case Keenum",7323,"QB","WAS",1,9,0,0,32,1,2,22.2,0,55.6,0,0,4,0,2,0,9,5,0,0,3,4,0,0,33.3,1,44.4,0,2,2019
"Marcus Mariota",9435,"QB","TEN",1,9,11.1,0,31,0,1,22.2,0,77.8,0,0,2,1,2,0,9,7,0,1,3,2,1,11.1,33.3,1,22.2,11.1,2,2019
"Eli Manning",1722,"QB","NYG",1,8,25,0,21,1,0,12.5,50,87.5,0,0,1,2,1,4,8,7,0,1,2,1,0,12.5,25,0,12.5,0,2,2019
"Josh Rosen",35460,"QB","MIA",1,8,0,0,17,0,1,25,12.5,75,0,0,2,0,2,1,8,6,0,3,2,2,0,37.5,25,1,25,0,2,2019
"Ryan Fitzpatrick",2467,"QB","MIA",1,8,12.5,0,17,0,2,12.5,0,62.5,12.5,0,2,1,1,0,8,5,1,1,2,2,0,12.5,25,0,25,0,2,2019
"Russell Wilson",7077,"QB","SEA",1,8,12.5,0,29,0,0,25,25,100,0,0,0,1,2,2,8,8,0,4,2,0,0,50,25,0,0,0,2,2019
"Jacoby Brissett",10725,"QB","IND",1,7,14.3,0,14,0,1,14.3,14.3,71.4,0,0,2,1,1,1,7,5,0,4,1,2,0,57.1,14.3,1,28.6,0,2,2019
"Luke Falk",46586,"QB","NYJ",1,7,14.3,0,22,0,1,14.3,57.1,85.7,0,0,1,1,1,4,7,6,0,1,2,1,0,14.3,28.6,0,14.3,0,2,2019
"Lamar Jackson",46416,"QB","BLT",1,6,0,0,3,0,0,16.7,16.7,83.3,16.7,0,0,0,1,1,6,5,1,0,3,0,0,0,50,0,0,0,2,2019
"Patrick Mahomes",11765,"QB","KC",1,6,0,0,16,0,0,33.3,0,100,0,0,0,0,2,0,6,6,0,2,0,0,2,33.3,0,0,0,33.3,2,2019
"Jimmy Garoppolo",8697,"QB","SF",1,5,40,0,28,0,0,20,0,100,-20,0,0,2,1,0,5,5,-1,3,1,0,1,60,20,0,0,20,2,2019
"Matthew Stafford",4924,"QB","DET",1,5,0,0,11,0,0,0,60,100,0,0,0,0,0,3,5,5,0,1,3,0,1,20,60,0,0,20,2,2019
"Dak Prescott",10769,"QB","DAL",1,5,0,0,9,0,0,80,0,100,0,0,0,0,4,0,5,5,0,1,0,0,0,20,0,0,0,0,2,2019
"Mitchell Trubisky",11757,"QB","CHI",1,5,40,0,6,0,0,0,40,100,0,0,0,2,0,2,5,5,0,0,1,0,0,0,20,0,0,0,2,2019
"Tom Brady",698,"QB","NE",1,4,0,0,19,0,0,0,75,100,0,0,0,0,0,3,4,4,0,1,1,0,0,25,25,0,0,0,2,2019
"Ben Roethlisberger",1732,"QB","PIT",1,4,0,0,25,0,0,0,25,50,25,0,1,0,0,1,4,2,1,1,0,1,0,25,0,1,25,0,2,2019
"Mason Rudolph",46569,"QB","PIT",1,4,0,0,25,0,0,50,0,75,25,0,0,0,2,0,4,3,1,0,1,0,0,0,25,0,0,0,2,2019
"Trevor Siemian",9683,"QB","NYJ",1,2,0,0,22,0,0,0,50,100,-50,0,0,0,0,1,2,2,-1,1,0,0,1,50,0,0,0,50,2,2019
"Drew Brees",802,"QB","NO",1,2,0,0,20,0,0,50,0,100,0,0,0,0,1,0,2,2,0,0,1,0,0,0,50,0,0,0,2,2019
"Josh McCown",1085,"QB","PHI",1,1,0,0,24,0,0,100,0,100,0,0,0,0,1,0,1,1,0,0,0,0,0,0,0,0,0,0,2,2019
"Daniel Jones",39395,"QB","NYG",1,22,22.7,0,21,2,0,4.5,36.4,77.3,9.1,0,3,5,1,8,22,17,2,0,3,3,1,0,13.6,1,13.6,4.5,3,2019
"Philip Rivers",1725,"QB","LAC",1,22,22.7,0,27,0,0,36.4,9.1,90.9,9.1,0,0,5,8,2,22,20,2,2,6,0,0,9.1,27.3,0,0,0,3,2019
"Josh Rosen",35460,"QB","MIA",1,17,11.8,0,17,0,0,11.8,41.2,100,-5.9,0,0,2,2,7,17,17,-1,1,9,0,1,5.9,52.9,0,0,5.9,3,2019
"Baker Mayfield",46518,"QB","CLV",1,16,6.3,0,8,0,4,18.8,6.3,68.8,0,0,6,1,3,1,16,11,0,4,3,6,1,25,18.8,2,37.5,6.3,3,2019
"Russell Wilson",7077,"QB","SEA",1,16,6.3,0,29,0,2,6.3,18.8,75,12.5,0,2,1,1,3,16,12,2,0,9,2,0,0,56.3,0,12.5,0,3,2019
"Jameis Winston",9434,"QB","TB",1,16,0,0,30,0,2,12.5,18.8,68.8,6.3,0,4,0,2,3,16,11,1,2,3,4,2,12.5,18.8,2,25,12.5,3,2019
"Marcus Mariota",9435,"QB","TEN",1,16,6.3,0,31,1,2,18.8,12.5,75,0,0,4,1,3,2,16,12,0,4,4,4,1,25,25,1,25,6.3,3,2019
"Case Keenum",7323,"QB","WAS",1,15,26.7,0,32,1,1,6.7,20,86.7,6.7,0,2,4,1,3,15,13,1,2,6,2,1,13.3,40,0,13.3,6.7,3,2019
"Jared Goff",10635,"QB","LA",1,14,0,0,26,0,0,28.6,28.6,100,0,0,0,0,4,4,14,14,0,5,1,0,1,35.7,7.1,0,0,7.1,3,2019
"Deshaun Watson",11767,"QB","HST",1,14,0,0,13,1,1,14.3,14.3,85.7,0,0,2,0,2,2,14,12,0,3,6,2,0,21.4,42.9,0,14.3,0,3,2019
"Joe Flacco",4332,"QB","DEN",1,14,21.4,0,10,0,0,14.3,21.4,85.7,14.3,0,0,3,2,3,14,12,2,0,7,0,0,0,50,0,0,0,3,2019
"Josh Allen",46601,"QB","BUF",1,13,0,0,4,0,1,23.1,15.4,84.6,7.7,0,1,0,3,2,13,11,1,2,3,1,1,15.4,23.1,0,7.7,7.7,3,2019
"Carson Wentz",10636,"QB","PHI",1,13,7.7,0,24,0,2,15.4,23.1,76.9,0,0,4,1,2,3,13,10,0,0,2,4,2,0,15.4,2,30.8,15.4,3,2019
"Kyler Murray",38334,"QB","ARZ",1,13,0,0,1,0,2,15.4,15.4,76.9,0,0,6,0,2,2,13,10,0,3,3,6,0,23.1,23.1,4,46.2,0,3,2019
"Lamar Jackson",46416,"QB","BLT",1,13,0,0,3,0,3,30.8,0,69.2,0,0,4,0,4,0,13,9,0,1,5,4,0,7.7,38.5,1,30.8,0,3,2019
"Aaron Rodgers",2241,"QB","GB",1,12,8.3,0,12,0,2,8.3,8.3,83.3,0,0,2,1,1,1,12,10,0,3,5,2,0,25,41.7,0,16.7,0,3,2019
"Andy Dalton",6187,"QB","CIN",1,11,9.1,0,7,0,0,18.2,54.5,90.9,0,0,1,1,2,6,11,10,0,4,1,1,0,36.4,9.1,1,9.1,0,3,2019
"Teddy Bridgewater",8667,"QB","NO",1,11,0,0,20,0,1,18.2,9.1,90.9,0,0,1,0,2,1,11,10,0,5,2,1,0,45.5,18.2,0,9.1,0,3,2019
"Matthew Stafford",4924,"QB","DET",1,11,27.3,0,11,1,0,18.2,18.2,90.9,0,0,1,3,2,2,11,10,0,2,2,1,1,18.2,18.2,0,9.1,9.1,3,2019
"Derek Carr",8671,"QB","OAK",1,11,0,0,23,0,0,9.1,54.5,100,0,0,1,0,1,6,11,11,0,0,3,1,2,0,27.3,1,9.1,18.2,3,2019
"Mitchell Trubisky",11757,"QB","CHI",1,10,0,0,6,0,0,10,10,100,0,0,2,0,1,1,10,10,0,7,3,2,0,70,30,2,20,0,3,2019
"Mason Rudolph",46569,"QB","PIT",1,10,20,0,25,1,0,50,60,100,0,0,2,2,5,6,10,10,0,1,4,2,0,10,40,1,20,0,3,2019
"Luke Falk",46586,"QB","NYJ",1,10,10,0,22,0,0,10,10,100,-20,0,0,1,1,1,10,10,-2,1,6,0,2,10,60,0,0,20,3,2019
"Dak Prescott",10769,"QB","DAL",1,9,44.4,0,9,1,2,22.2,0,55.6,-11.1,0,4,4,2,0,9,5,-1,1,1,4,1,11.1,11.1,1,44.4,11.1,3,2019
"Jacoby Brissett",10725,"QB","IND",1,9,22.2,0,14,1,1,22.2,22.2,77.8,0,0,3,2,2,2,9,7,0,3,2,3,0,33.3,22.2,1,33.3,0,3,2019
"Gardner Minshew",41401,"QB","JAX",1,8,12.5,0,15,2,1,12.5,12.5,62.5,0,0,3,1,1,1,8,5,0,1,1,3,0,12.5,12.5,0,37.5,0,3,2019
"Kyle Allen",26152,"QB","CAR",1,7,42.9,0,5,0,1,14.3,42.9,85.7,0,0,1,3,1,3,7,6,0,0,1,1,0,0,14.3,0,14.3,0,3,2019
"Matt Ryan",4317,"QB","ATL",1,7,28.6,0,2,0,0,28.6,0,100,0,0,0,2,2,0,7,7,0,3,1,0,1,42.9,14.3,0,0,14.3,3,2019
"Tom Brady",698,"QB","NE",1,6,0,0,19,2,0,16.7,33.3,66.7,0,0,2,0,1,2,6,4,0,1,0,2,0,16.7,0,0,33.3,0,3,2019
"Jimmy Garoppolo",8697,"QB","SF",1,6,16.7,0,28,0,0,0,33.3,100,0,0,0,1,0,2,6,6,0,1,2,0,0,16.7,33.3,0,0,0,3,2019
"Patrick Mahomes",11765,"QB","KC",1,5,0,0,16,0,0,20,20,80,0,0,1,0,1,1,5,4,0,0,2,1,0,0,40,1,20,0,3,2019
"Kirk Cousins",7102,"QB","MIN",1,3,66.7,0,18,0,0,66.7,0,100,0,0,0,2,2,0,3,3,0,0,1,0,0,0,33.3,0,0,0,3,2019
"Ryan Fitzpatrick",2467,"QB","MIA",1,1,0,0,17,0,0,0,100,100,0,0,0,0,0,1,1,1,0,0,1,0,0,0,100,0,0,0,3,2019
"Jarrett Stidham",13725,"QB","NE",1,1,100,0,19,0,0,0,0,100,0,0,0,1,0,0,1,1,0,0,0,0,0,0,0,0,0,0,3,2019
"Jared Goff",10635,"QB","LA",1,25,20,0,26,0,0,16,4,84,16,0,0,5,4,1,25,21,4,9,5,0,1,36,20,0,0,4,4,2019
"Aaron Rodgers",2241,"QB","GB",1,20,5,0,12,0,3,10,15,85,0,0,3,1,2,3,20,17,0,6,8,3,2,30,40,0,15,10,4,2019
"Matt Ryan",4317,"QB","ATL",1,19,26.3,0,2,0,1,21.1,5.3,89.5,5.3,0,2,5,4,1,19,17,1,5,2,2,0,26.3,10.5,1,10.5,0,4,2019
"Deshaun Watson",11767,"QB","HST",1,17,5.9,0,13,1,1,17.6,0,70.6,11.8,0,3,1,3,0,17,12,2,5,4,3,2,29.4,23.5,1,17.6,11.8,4,2019
"Andy Dalton",6187,"QB","CIN",1,17,23.5,0,7,0,0,29.4,11.8,100,-5.9,0,0,4,5,2,17,17,-1,4,7,0,2,23.5,41.2,0,0,11.8,4,2019
"Gardner Minshew",41401,"QB","JAX",1,16,12.5,0,15,1,2,0,18.8,75,-6.3,0,5,2,0,3,16,12,-1,3,4,5,1,18.8,25,2,31.3,6.3,4,2019
"Kirk Cousins",7102,"QB","MIN",1,16,18.8,0,18,0,2,12.5,25,81.3,6.3,0,2,3,2,4,16,13,1,4,3,2,0,25,18.8,0,12.5,0,4,2019
"Jacoby Brissett",10725,"QB","IND",1,14,0,0,14,0,3,21.4,21.4,71.4,7.1,0,3,0,3,3,14,10,1,4,2,3,0,28.6,14.3,0,21.4,0,4,2019
"Jameis Winston",9434,"QB","TB",1,14,0,0,30,0,0,21.4,21.4,92.9,0,0,0,0,3,3,14,13,0,3,4,0,1,21.4,28.6,0,0,7.1,4,2019
"Dak Prescott",10769,"QB","DAL",1,13,15.4,0,9,0,2,7.7,46.2,84.6,0,0,2,2,1,6,13,11,0,1,2,2,1,7.7,15.4,0,15.4,7.7,4,2019
"Russell Wilson",7077,"QB","SEA",1,12,0,0,29,0,0,8.3,16.7,83.3,8.3,0,1,0,1,2,12,10,1,0,6,1,1,0,50,1,8.3,8.3,4,2019
"Kyler Murray",38334,"QB","ARZ",1,12,25,0,1,0,2,0,8.3,58.3,8.3,0,4,3,0,1,12,7,1,2,3,4,0,16.7,25,2,33.3,0,4,2019
"Patrick Mahomes",11765,"QB","KC",1,12,0,0,16,2,3,16.7,8.3,58.3,0,0,5,0,2,1,12,7,0,3,2,5,0,25,16.7,0,41.7,0,4,2019
"Tom Brady",698,"QB","NE",1,11,18.2,0,19,0,0,9.1,27.3,100,0,0,0,2,1,3,11,11,0,3,4,0,0,27.3,36.4,0,0,0,4,2019
"Matthew Stafford",4924,"QB","DET",1,11,0,0,11,0,0,27.3,9.1,100,0,0,1,0,3,1,11,11,0,2,5,1,1,18.2,45.5,1,9.1,9.1,4,2019
"Kyle Allen",26152,"QB","CAR",1,10,60,0,5,0,0,20,0,80,0,0,2,6,2,0,10,8,0,1,1,2,0,10,10,2,20,0,4,2019
"Teddy Bridgewater",8667,"QB","NO",1,10,10,0,20,0,1,10,10,80,0,0,3,1,1,1,10,8,0,4,2,3,0,40,20,2,30,0,4,2019
"Josh Rosen",35460,"QB","MIA",1,9,0,0,17,0,0,11.1,22.2,88.9,-11.1,0,2,0,1,2,9,8,-1,3,4,2,1,33.3,44.4,2,22.2,11.1,4,2019
"Josh Allen",46601,"QB","BUF",1,8,12.5,0,4,0,0,25,12.5,75,0,0,2,1,2,1,8,6,0,1,1,2,0,12.5,12.5,2,25,0,4,2019
"Chase Daniel",5214,"QB","CHI",1,8,0,0,6,0,0,0,62.5,100,0,0,0,0,0,5,8,8,0,3,2,0,0,37.5,25,0,0,0,4,2019
"Philip Rivers",1725,"QB","LAC",1,8,37.5,0,27,0,1,0,37.5,87.5,0,0,1,3,0,3,8,7,0,0,1,1,1,0,12.5,0,12.5,12.5,4,2019
"Matt Barkley",7880,"QB","BUF",1,7,0,0,4,0,1,28.6,14.3,85.7,0,0,1,0,2,1,7,6,0,0,4,1,1,0,57.1,0,14.3,14.3,4,2019
"Carson Wentz",10636,"QB","PHI",1,7,28.6,0,24,0,0,42.9,28.6,100,0,0,0,2,3,2,7,7,0,0,3,0,0,0,42.9,0,0,0,4,2019
"Daniel Jones",39395,"QB","NYG",1,7,0,0,21,0,0,28.6,28.6,100,0,0,0,0,2,2,7,7,0,1,2,0,0,14.3,28.6,0,0,0,4,2019
"Lamar Jackson",46416,"QB","BLT",1,7,14.3,0,3,0,0,14.3,28.6,85.7,14.3,0,0,1,1,2,7,6,1,0,2,0,0,0,28.6,0,0,0,4,2019
"Joe Flacco",4332,"QB","DEN",1,6,0,0,10,0,1,16.7,0,83.3,0,0,1,0,1,0,6,5,0,3,1,1,0,50,16.7,0,16.7,0,4,2019
"Mason Rudolph",46569,"QB","PIT",1,6,0,0,25,0,1,50,0,100,0,0,1,0,3,0,6,6,0,3,0,1,0,50,0,0,16.7,0,4,2019
"Baker Mayfield",46518,"QB","CLV",1,6,0,0,8,0,0,0,50,100,0,0,0,0,0,3,6,6,0,4,0,0,0,66.7,0,0,0,0,4,2019
"Derek Carr",8671,"QB","OAK",1,6,0,0,23,0,0,33.3,16.7,83.3,0,0,1,0,2,1,6,5,0,0,1,1,1,0,16.7,1,16.7,16.7,4,2019
"Marcus Mariota",9435,"QB","TEN",1,5,0,0,31,0,1,0,0,80,0,0,1,0,0,0,5,4,0,2,2,1,1,40,40,0,20,20,4,2019
"Dwayne Haskins",41897,"QB","WAS",1,5,0,0,32,0,0,40,40,80,0,0,1,0,2,2,5,4,0,0,1,1,1,0,20,1,20,20,4,2019
"Case Keenum",7323,"QB","WAS",1,3,0,0,32,0,0,0,0,66.7,0,0,1,0,0,0,3,2,0,2,1,1,0,66.7,33.3,1,33.3,0,4,2019
"Odell Beckham Jr.",8647,"WR","CLV",1,1,0,0,8,0,0,0,0,100,0,0,0,0,0,0,1,1,0,1,0,0,0,100,0,0,0,0,4,2019
"Preston Williams",38855,"WR","MIA",1,1,0,0,17,0,0,0,0,0,100,0,1,0,0,0,1,0,1,0,0,0,0,0,0,1,0,0,4,2019
"Jared Goff",10635,"QB","LA",1,19,15.8,0,26,0,1,21.1,5.3,89.5,5.3,0,1,3,4,1,19,17,1,5,7,1,0,26.3,36.8,0,5.3,0,5,2019
"Gardner Minshew",41401,"QB","JAX",1,19,10.5,0,15,0,3,26.3,42.1,78.9,0,0,4,2,5,8,19,15,0,3,0,4,1,15.8,0,1,21.1,5.3,5,2019
"Dak Prescott",10769,"QB","DAL",1,16,12.5,0,9,1,1,6.3,37.5,87.5,0,0,2,2,1,6,16,14,0,2,6,2,0,12.5,37.5,0,12.5,0,5,2019
"Luke Falk",46586,"QB","NYJ",1,16,12.5,0,22,0,0,0,31.3,87.5,-12.5,0,3,2,0,5,16,14,-2,4,4,3,3,25,25,3,18.8,18.8,5,2019
"Patrick Mahomes",11765,"QB","KC",1,16,0,0,16,0,2,25,50,87.5,-6.3,0,3,0,4,8,16,14,-1,2,1,3,2,12.5,6.3,1,18.8,12.5,5,2019
"Philip Rivers",1725,"QB","LAC",1,16,6.3,0,27,0,0,25,62.5,100,0,0,0,1,4,10,16,16,0,0,3,0,0,0,18.8,0,0,0,5,2019
"Matt Ryan",4317,"QB","ATL",1,15,6.7,0,2,1,1,13.3,6.7,73.3,13.3,0,3,1,2,1,15,11,2,4,5,3,0,26.7,33.3,1,20,0,5,2019
"Baker Mayfield",46518,"QB","CLV",1,14,7.1,0,8,0,1,21.4,21.4,92.9,7.1,0,1,1,3,3,14,13,1,3,4,1,1,21.4,28.6,0,7.1,7.1,5,2019
"Tom Brady",698,"QB","NE",1,13,23.1,0,19,0,0,15.4,23.1,92.3,7.7,0,0,3,2,3,13,12,1,1,3,0,0,7.7,23.1,0,0,0,5,2019
"Aaron Rodgers",2241,"QB","GB",1,13,0,0,12,0,1,7.7,23.1,92.3,0,0,2,0,1,3,13,12,0,6,1,2,1,46.2,7.7,1,15.4,7.7,5,2019
"Colt McCoy",5609,"QB","WAS",1,13,15.4,0,32,0,1,23.1,23.1,69.2,0,0,4,2,3,3,13,9,0,2,2,4,0,15.4,15.4,3,30.8,0,5,2019
"Russell Wilson",7077,"QB","SEA",1,13,23.1,0,29,0,1,38.5,7.7,92.3,0,0,1,3,5,1,13,12,0,1,6,1,1,7.7,46.2,0,7.7,7.7,5,2019
"Jacoby Brissett",10725,"QB","IND",1,12,0,0,14,1,4,8.3,0,41.7,16.7,0,5,0,1,0,12,5,2,2,2,5,1,16.7,16.7,0,41.7,8.3,5,2019
"Daniel Jones",39395,"QB","NYG",1,12,16.7,0,21,0,0,16.7,25,75,8.3,0,2,2,2,3,12,9,1,1,3,2,0,8.3,25,2,16.7,0,5,2019
"Carson Wentz",10636,"QB","PHI",1,12,25,0,24,0,1,16.7,25,91.7,0,0,1,3,2,3,12,11,0,3,1,1,1,25,8.3,0,8.3,8.3,5,2019
"Jameis Winston",9434,"QB","TB",1,11,9.1,0,30,0,1,18.2,18.2,100,-9.1,0,1,1,2,2,11,11,-1,3,3,1,2,27.3,27.3,0,9.1,18.2,5,2019
"Lamar Jackson",46416,"QB","BLT",1,11,18.2,0,3,0,0,36.4,0,90.9,0,0,1,2,4,0,11,10,0,3,2,1,0,27.3,18.2,1,9.1,0,5,2019
"Chase Daniel",5214,"QB","CHI",1,11,9.1,0,6,0,2,0,18.2,72.7,0,0,3,1,0,2,11,8,0,1,4,3,0,9.1,36.4,1,27.3,0,5,2019
"Andy Dalton",6187,"QB","CIN",1,9,11.1,0,7,0,0,22.2,22.2,88.9,11.1,0,0,1,2,2,9,8,1,2,1,0,0,22.2,11.1,0,0,0,5,2019
"Marcus Mariota",9435,"QB","TEN",1,9,0,0,31,0,0,33.3,22.2,88.9,11.1,0,0,0,3,2,9,8,1,2,3,0,0,22.2,33.3,0,0,0,5,2019
"Josh Allen",46601,"QB","BUF",1,9,11.1,0,4,0,2,11.1,11.1,55.6,0,0,4,1,1,1,9,5,0,1,2,4,1,11.1,22.2,2,44.4,11.1,5,2019
"Joe Flacco",4332,"QB","DEN",1,9,0,0,10,1,2,0,22.2,66.7,0,0,3,0,0,2,9,6,0,2,2,3,0,22.2,22.2,0,33.3,0,5,2019
"Kyle Allen",26152,"QB","CAR",1,7,14.3,0,5,0,1,0,28.6,71.4,14.3,0,1,1,0,2,7,5,1,2,0,1,0,28.6,0,0,14.3,0,5,2019
"Mason Rudolph",46569,"QB","PIT",1,7,14.3,0,25,0,1,14.3,57.1,71.4,14.3,0,1,1,1,4,7,5,1,0,0,1,0,0,0,0,14.3,0,5,2019
"Kyler Murray",38334,"QB","ARZ",1,7,14.3,0,1,0,0,28.6,14.3,100,0,0,0,1,2,1,7,7,0,0,1,0,2,0,14.3,0,0,28.6,5,2019
"Teddy Bridgewater",8667,"QB","NO",1,6,0,0,20,0,2,16.7,0,83.3,0,0,2,0,1,0,6,5,0,3,1,2,0,50,16.7,0,33.3,0,5,2019
"Kirk Cousins",7102,"QB","MIN",1,6,0,0,18,0,1,0,0,66.7,0,0,2,0,0,0,6,4,0,3,0,2,1,50,0,1,33.3,16.7,5,2019
"Jimmy Garoppolo",8697,"QB","SF",1,5,0,0,28,0,0,20,0,80,20,0,0,0,1,0,5,4,1,2,2,0,0,40,40,0,0,0,5,2019
"Derek Carr",8671,"QB","OAK",1,5,40,0,23,0,0,0,0,80,20,0,0,2,0,0,5,4,1,0,2,0,0,0,40,0,0,0,5,2019
"Deshaun Watson",11767,"QB","HST",1,5,0,0,13,0,1,40,0,80,0,0,1,0,2,0,5,4,0,1,1,1,1,20,20,0,20,20,5,2019
"Devlin Hodges",29838,"QB","PIT",1,3,33.3,0,25,0,0,33.3,66.7,100,0,0,0,1,1,2,3,3,0,0,0,0,0,0,0,0,0,0,5,2019
"Taysom Hill",12112,"QB","NO",1,1,100,0,20,0,0,0,0,100,0,0,0,1,0,0,1,1,0,0,0,0,0,0,0,0,0,0,5,2019
"David Fales",8818,"QB","NYJ",1,1,0,0,22,0,0,0,100,100,0,0,0,0,0,1,1,1,0,0,0,0,0,0,0,0,0,0,5,2019
"Jameis Winston",9434,"QB","TB",1,21,4.8,0,30,0,2,9.5,9.5,71.4,14.3,0,6,1,2,2,21,15,3,5,6,6,0,23.8,28.6,4,28.6,0,6,2019
"Dak Prescott",10769,"QB","DAL",1,20,20,0,9,0,1,15,10,85,5,0,2,4,3,2,20,17,1,4,6,2,0,20,30,1,10,0,6,2019
"Philip Rivers",1725,"QB","LAC",1,20,15,0,27,1,0,20,20,90,0,0,2,3,4,4,20,18,0,5,6,2,0,25,30,1,10,0,6,2019
"Russell Wilson",7077,"QB","SEA",1,18,5.6,0,29,0,0,11.1,44.4,83.3,5.6,0,1,1,2,8,18,15,1,1,3,1,2,5.6,16.7,1,5.6,11.1,6,2019
"Daniel Jones",39395,"QB","NYG",1,18,5.6,0,21,4,2,0,16.7,55.6,0,0,7,1,0,3,18,10,0,1,5,7,1,5.6,27.8,1,38.9,5.6,6,2019
"Teddy Bridgewater",8667,"QB","NO",1,14,7.1,0,20,1,1,21.4,7.1,78.6,0,0,3,1,3,1,14,11,0,3,2,3,1,21.4,14.3,1,21.4,7.1,6,2019
"Carson Wentz",10636,"QB","PHI",1,13,7.7,0,24,0,0,7.7,69.2,92.3,7.7,0,0,1,1,9,13,12,1,0,4,0,0,0,30.8,0,0,0,6,2019
"Jared Goff",10635,"QB","LA",1,13,7.7,0,26,0,0,53.8,38.5,100,0,0,0,1,7,5,13,13,0,1,6,0,0,7.7,46.2,0,0,0,6,2019
"Jimmy Garoppolo",8697,"QB","SF",1,12,16.7,0,28,0,0,33.3,33.3,100,-8.3,0,0,2,4,4,12,12,-1,7,1,0,1,58.3,8.3,0,0,8.3,6,2019
"Gardner Minshew",41401,"QB","JAX",1,10,0,0,15,0,2,10,20,60,20,0,2,0,1,2,10,6,2,1,3,2,0,10,30,0,20,0,6,2019
"Patrick Mahomes",11765,"QB","KC",1,9,11.1,0,16,1,1,0,33.3,77.8,11.1,0,2,1,0,3,9,7,1,1,2,2,0,11.1,22.2,0,22.2,0,6,2019
"Josh Rosen",35460,"QB","MIA",1,9,11.1,0,17,0,0,44.4,11.1,88.9,0,0,1,1,4,1,9,8,0,1,2,1,0,11.1,22.2,1,11.1,0,6,2019
"Matt Ryan",4317,"QB","ATL",1,9,22.2,0,2,0,0,55.6,22.2,88.9,11.1,0,0,2,5,2,9,8,1,1,1,0,0,11.1,11.1,0,0,0,6,2019
"Baker Mayfield",46518,"QB","CLV",1,9,11.1,0,8,0,2,0,11.1,66.7,11.1,0,2,1,0,1,9,6,1,2,3,2,0,22.2,33.3,0,22.2,0,6,2019
"Tom Brady",698,"QB","NE",1,8,12.5,0,19,0,1,12.5,25,87.5,0,0,1,1,1,2,8,7,0,2,2,1,1,25,25,0,12.5,12.5,6,2019
"Sam Darnold",29048,"QB","NYJ",1,8,12.5,0,22,0,0,12.5,25,87.5,12.5,0,0,1,1,2,8,7,1,1,4,0,0,12.5,50,0,0,0,6,2019
"Aaron Rodgers",2241,"QB","GB",1,7,28.6,0,12,0,0,28.6,42.9,100,0,0,0,2,2,3,7,7,0,0,2,0,0,0,28.6,0,0,0,6,2019
"Kirk Cousins",7102,"QB","MIN",1,7,0,0,18,0,0,42.9,14.3,100,0,0,0,0,3,1,7,7,0,3,1,0,1,42.9,14.3,0,0,14.3,6,2019
"Matthew Stafford",4924,"QB","DET",1,7,0,0,11,0,0,28.6,14.3,100,0,0,0,0,2,1,7,7,0,2,3,0,0,28.6,42.9,0,0,0,6,2019
"Kyler Murray",38334,"QB","ARZ",1,7,0,0,1,0,0,0,57.1,85.7,14.3,0,0,0,0,4,7,6,1,1,1,0,0,14.3,14.3,0,0,0,6,2019
"Marcus Mariota",9435,"QB","TEN",1,7,14.3,0,31,1,1,28.6,0,57.1,0,0,3,1,2,0,7,4,0,2,0,3,0,28.6,0,1,42.9,0,6,2019
"Deshaun Watson",11767,"QB","HST",1,7,0,0,13,1,2,14.3,14.3,42.9,14.3,0,3,0,1,1,7,3,1,0,1,3,0,0,14.3,0,42.9,0,6,2019
"Joe Flacco",4332,"QB","DEN",1,6,0,0,10,0,0,16.7,0,83.3,16.7,0,0,0,1,0,6,5,1,1,2,0,1,16.7,33.3,0,0,16.7,6,2019
"Lamar Jackson",46416,"QB","BLT",1,6,16.7,0,3,0,0,33.3,0,100,0,0,0,1,2,0,6,6,0,0,2,0,1,0,33.3,0,0,16.7,6,2019
"Ryan Tannehill",7014,"QB","TEN",1,6,0,0,31,1,0,16.7,16.7,83.3,0,0,1,0,1,1,6,5,0,2,1,1,0,33.3,16.7,0,16.7,0,6,2019
"Andy Dalton",6187,"QB","CIN",1,6,16.7,0,7,0,0,50,50,100,0,0,0,1,3,3,6,6,0,1,0,0,1,16.7,0,0,0,16.7,6,2019
"Kyle Allen",26152,"QB","CAR",1,6,66.7,0,5,0,1,16.7,16.7,83.3,0,0,1,4,1,1,6,5,0,1,1,1,0,16.7,16.7,0,16.7,0,6,2019
"Devlin Hodges",29838,"QB","PIT",1,4,0,0,25,0,1,25,25,75,0,0,1,0,1,1,4,3,0,1,1,1,0,25,25,0,25,0,6,2019
"Case Keenum",7323,"QB","WAS",1,4,0,0,32,1,0,25,50,50,25,0,1,0,1,2,4,2,1,0,0,1,0,0,0,0,25,0,6,2019
"Ryan Fitzpatrick",2467,"QB","MIA",1,3,0,0,17,0,0,0,33.3,100,0,0,0,0,0,1,3,3,0,1,2,0,0,33.3,66.7,0,0,0,6,2019
"Jared Goff",10635,"QB","LA",1,19,15.8,0,26,0,1,21.1,5.3,89.5,5.3,0,1,3,4,1,19,17,1,5,7,1,0,26.3,36.8,0,5.3,0,5,2019
"Gardner Minshew",41401,"QB","JAX",1,19,10.5,0,15,0,3,26.3,42.1,78.9,0,0,4,2,5,8,19,15,0,3,0,4,1,15.8,0,1,21.1,5.3,5,2019
"Dak Prescott",10769,"QB","DAL",1,16,12.5,0,9,1,1,6.3,37.5,87.5,0,0,2,2,1,6,16,14,0,2,6,2,0,12.5,37.5,0,12.5,0,5,2019
"Luke Falk",46586,"QB","NYJ",1,16,12.5,0,22,0,0,0,31.3,87.5,-12.5,0,3,2,0,5,16,14,-2,4,4,3,3,25,25,3,18.8,18.8,5,2019
"Patrick Mahomes",11765,"QB","KC",1,16,0,0,16,0,2,25,50,87.5,-6.3,0,3,0,4,8,16,14,-1,2,1,3,2,12.5,6.3,1,18.8,12.5,5,2019
"Philip Rivers",1725,"QB","LAC",1,16,6.3,0,27,0,0,25,62.5,100,0,0,0,1,4,10,16,16,0,0,3,0,0,0,18.8,0,0,0,5,2019
"Matt Ryan",4317,"QB","ATL",1,15,6.7,0,2,1,1,13.3,6.7,73.3,13.3,0,3,1,2,1,15,11,2,4,5,3,0,26.7,33.3,1,20,0,5,2019
"Baker Mayfield",46518,"QB","CLV",1,14,7.1,0,8,0,1,21.4,21.4,92.9,7.1,0,1,1,3,3,14,13,1,3,4,1,1,21.4,28.6,0,7.1,7.1,5,2019
"Tom Brady",698,"QB","NE",1,13,23.1,0,19,0,0,15.4,23.1,92.3,7.7,0,0,3,2,3,13,12,1,1,3,0,0,7.7,23.1,0,0,0,5,2019
"Aaron Rodgers",2241,"QB","GB",1,13,0,0,12,0,1,7.7,23.1,92.3,0,0,2,0,1,3,13,12,0,6,1,2,1,46.2,7.7,1,15.4,7.7,5,2019
"Colt McCoy",5609,"QB","WAS",1,13,15.4,0,32,0,1,23.1,23.1,69.2,0,0,4,2,3,3,13,9,0,2,2,4,0,15.4,15.4,3,30.8,0,5,2019
"Russell Wilson",7077,"QB","SEA",1,13,23.1,0,29,0,1,38.5,7.7,92.3,0,0,1,3,5,1,13,12,0,1,6,1,1,7.7,46.2,0,7.7,7.7,5,2019
"Jacoby Brissett",10725,"QB","IND",1,12,0,0,14,1,4,8.3,0,41.7,16.7,0,5,0,1,0,12,5,2,2,2,5,1,16.7,16.7,0,41.7,8.3,5,2019
"Daniel Jones",39395,"QB","NYG",1,12,16.7,0,21,0,0,16.7,25,75,8.3,0,2,2,2,3,12,9,1,1,3,2,0,8.3,25,2,16.7,0,5,2019
"Carson Wentz",10636,"QB","PHI",1,12,25,0,24,0,1,16.7,25,91.7,0,0,1,3,2,3,12,11,0,3,1,1,1,25,8.3,0,8.3,8.3,5,2019
"Jameis Winston",9434,"QB","TB",1,11,9.1,0,30,0,1,18.2,18.2,100,-9.1,0,1,1,2,2,11,11,-1,3,3,1,2,27.3,27.3,0,9.1,18.2,5,2019
"Lamar Jackson",46416,"QB","BLT",1,11,18.2,0,3,0,0,36.4,0,90.9,0,0,1,2,4,0,11,10,0,3,2,1,0,27.3,18.2,1,9.1,0,5,2019
"Chase Daniel",5214,"QB","CHI",1,11,9.1,0,6,0,2,0,18.2,72.7,0,0,3,1,0,2,11,8,0,1,4,3,0,9.1,36.4,1,27.3,0,5,2019
"Andy Dalton",6187,"QB","CIN",1,9,11.1,0,7,0,0,22.2,22.2,88.9,11.1,0,0,1,2,2,9,8,1,2,1,0,0,22.2,11.1,0,0,0,5,2019
"Marcus Mariota",9435,"QB","TEN",1,9,0,0,31,0,0,33.3,22.2,88.9,11.1,0,0,0,3,2,9,8,1,2,3,0,0,22.2,33.3,0,0,0,5,2019
"Josh Allen",46601,"QB","BUF",1,9,11.1,0,4,0,2,11.1,11.1,55.6,0,0,4,1,1,1,9,5,0,1,2,4,1,11.1,22.2,2,44.4,11.1,5,2019
"Joe Flacco",4332,"QB","DEN",1,9,0,0,10,1,2,0,22.2,66.7,0,0,3,0,0,2,9,6,0,2,2,3,0,22.2,22.2,0,33.3,0,5,2019
"Kyle Allen",26152,"QB","CAR",1,7,14.3,0,5,0,1,0,28.6,71.4,14.3,0,1,1,0,2,7,5,1,2,0,1,0,28.6,0,0,14.3,0,5,2019
"Mason Rudolph",46569,"QB","PIT",1,7,14.3,0,25,0,1,14.3,57.1,71.4,14.3,0,1,1,1,4,7,5,1,0,0,1,0,0,0,0,14.3,0,5,2019
"Kyler Murray",38334,"QB","ARZ",1,7,14.3,0,1,0,0,28.6,14.3,100,0,0,0,1,2,1,7,7,0,0,1,0,2,0,14.3,0,0,28.6,5,2019
"Teddy Bridgewater",8667,"QB","NO",1,6,0,0,20,0,2,16.7,0,83.3,0,0,2,0,1,0,6,5,0,3,1,2,0,50,16.7,0,33.3,0,5,2019
"Kirk Cousins",7102,"QB","MIN",1,6,0,0,18,0,1,0,0,66.7,0,0,2,0,0,0,6,4,0,3,0,2,1,50,0,1,33.3,16.7,5,2019
"Jimmy Garoppolo",8697,"QB","SF",1,5,0,0,28,0,0,20,0,80,20,0,0,0,1,0,5,4,1,2,2,0,0,40,40,0,0,0,5,2019
"Derek Carr",8671,"QB","OAK",1,5,40,0,23,0,0,0,0,80,20,0,0,2,0,0,5,4,1,0,2,0,0,0,40,0,0,0,5,2019
"Deshaun Watson",11767,"QB","HST",1,5,0,0,13,0,1,40,0,80,0,0,1,0,2,0,5,4,0,1,1,1,1,20,20,0,20,20,5,2019
"Devlin Hodges",29838,"QB","PIT",1,3,33.3,0,25,0,0,33.3,66.7,100,0,0,0,1,1,2,3,3,0,0,0,0,0,0,0,0,0,0,5,2019
"Taysom Hill",12112,"QB","NO",1,1,100,0,20,0,0,0,0,100,0,0,0,1,0,0,1,1,0,0,0,0,0,0,0,0,0,0,5,2019
"David Fales",8818,"QB","NYJ",1,1,0,0,22,0,0,0,100,100,0,0,0,0,0,1,1,1,0,0,0,0,0,0,0,0,0,0,5,2019
"Jameis Winston",9434,"QB","TB",1,21,4.8,0,30,0,2,9.5,9.5,71.4,14.3,0,6,1,2,2,21,15,3,5,6,6,0,23.8,28.6,4,28.6,0,6,2019
"Dak Prescott",10769,"QB","DAL",1,20,20,0,9,0,1,15,10,85,5,0,2,4,3,2,20,17,1,4,6,2,0,20,30,1,10,0,6,2019
"Philip Rivers",1725,"QB","LAC",1,20,15,0,27,1,0,20,20,90,0,0,2,3,4,4,20,18,0,5,6,2,0,25,30,1,10,0,6,2019
"Russell Wilson",7077,"QB","SEA",1,18,5.6,0,29,0,0,11.1,44.4,83.3,5.6,0,1,1,2,8,18,15,1,1,3,1,2,5.6,16.7,1,5.6,11.1,6,2019
"Daniel Jones",39395,"QB","NYG",1,18,5.6,0,21,4,2,0,16.7,55.6,0,0,7,1,0,3,18,10,0,1,5,7,1,5.6,27.8,1,38.9,5.6,6,2019
"Teddy Bridgewater",8667,"QB","NO",1,14,7.1,0,20,1,1,21.4,7.1,78.6,0,0,3,1,3,1,14,11,0,3,2,3,1,21.4,14.3,1,21.4,7.1,6,2019
"Carson Wentz",10636,"QB","PHI",1,13,7.7,0,24,0,0,7.7,69.2,92.3,7.7,0,0,1,1,9,13,12,1,0,4,0,0,0,30.8,0,0,0,6,2019
"Jared Goff",10635,"QB","LA",1,13,7.7,0,26,0,0,53.8,38.5,100,0,0,0,1,7,5,13,13,0,1,6,0,0,7.7,46.2,0,0,0,6,2019
"Jimmy Garoppolo",8697,"QB","SF",1,12,16.7,0,28,0,0,33.3,33.3,100,-8.3,0,0,2,4,4,12,12,-1,7,1,0,1,58.3,8.3,0,0,8.3,6,2019
"Gardner Minshew",41401,"QB","JAX",1,10,0,0,15,0,2,10,20,60,20,0,2,0,1,2,10,6,2,1,3,2,0,10,30,0,20,0,6,2019
"Patrick Mahomes",11765,"QB","KC",1,9,11.1,0,16,1,1,0,33.3,77.8,11.1,0,2,1,0,3,9,7,1,1,2,2,0,11.1,22.2,0,22.2,0,6,2019
"Josh Rosen",35460,"QB","MIA",1,9,11.1,0,17,0,0,44.4,11.1,88.9,0,0,1,1,4,1,9,8,0,1,2,1,0,11.1,22.2,1,11.1,0,6,2019
"Matt Ryan",4317,"QB","ATL",1,9,22.2,0,2,0,0,55.6,22.2,88.9,11.1,0,0,2,5,2,9,8,1,1,1,0,0,11.1,11.1,0,0,0,6,2019
"Baker Mayfield",46518,"QB","CLV",1,9,11.1,0,8,0,2,0,11.1,66.7,11.1,0,2,1,0,1,9,6,1,2,3,2,0,22.2,33.3,0,22.2,0,6,2019
"Tom Brady",698,"QB","NE",1,8,12.5,0,19,0,1,12.5,25,87.5,0,0,1,1,1,2,8,7,0,2,2,1,1,25,25,0,12.5,12.5,6,2019
"Sam Darnold",29048,"QB","NYJ",1,8,12.5,0,22,0,0,12.5,25,87.5,12.5,0,0,1,1,2,8,7,1,1,4,0,0,12.5,50,0,0,0,6,2019
"Aaron Rodgers",2241,"QB","GB",1,7,28.6,0,12,0,0,28.6,42.9,100,0,0,0,2,2,3,7,7,0,0,2,0,0,0,28.6,0,0,0,6,2019
"Kirk Cousins",7102,"QB","MIN",1,7,0,0,18,0,0,42.9,14.3,100,0,0,0,0,3,1,7,7,0,3,1,0,1,42.9,14.3,0,0,14.3,6,2019
"Matthew Stafford",4924,"QB","DET",1,7,0,0,11,0,0,28.6,14.3,100,0,0,0,0,2,1,7,7,0,2,3,0,0,28.6,42.9,0,0,0,6,2019
"Kyler Murray",38334,"QB","ARZ",1,7,0,0,1,0,0,0,57.1,85.7,14.3,0,0,0,0,4,7,6,1,1,1,0,0,14.3,14.3,0,0,0,6,2019
"Marcus Mariota",9435,"QB","TEN",1,7,14.3,0,31,1,1,28.6,0,57.1,0,0,3,1,2,0,7,4,0,2,0,3,0,28.6,0,1,42.9,0,6,2019
"Deshaun Watson",11767,"QB","HST",1,7,0,0,13,1,2,14.3,14.3,42.9,14.3,0,3,0,1,1,7,3,1,0,1,3,0,0,14.3,0,42.9,0,6,2019
"Joe Flacco",4332,"QB","DEN",1,6,0,0,10,0,0,16.7,0,83.3,16.7,0,0,0,1,0,6,5,1,1,2,0,1,16.7,33.3,0,0,16.7,6,2019
"Lamar Jackson",46416,"QB","BLT",1,6,16.7,0,3,0,0,33.3,0,100,0,0,0,1,2,0,6,6,0,0,2,0,1,0,33.3,0,0,16.7,6,2019
"Ryan Tannehill",7014,"QB","TEN",1,6,0,0,31,1,0,16.7,16.7,83.3,0,0,1,0,1,1,6,5,0,2,1,1,0,33.3,16.7,0,16.7,0,6,2019
"Andy Dalton",6187,"QB","CIN",1,6,16.7,0,7,0,0,50,50,100,0,0,0,1,3,3,6,6,0,1,0,0,1,16.7,0,0,0,16.7,6,2019
"Kyle Allen",26152,"QB","CAR",1,6,66.7,0,5,0,1,16.7,16.7,83.3,0,0,1,4,1,1,6,5,0,1,1,1,0,16.7,16.7,0,16.7,0,6,2019
"Devlin Hodges",29838,"QB","PIT",1,4,0,0,25,0,1,25,25,75,0,0,1,0,1,1,4,3,0,1,1,1,0,25,25,0,25,0,6,2019
"Case Keenum",7323,"QB","WAS",1,4,0,0,32,1,0,25,50,50,25,0,1,0,1,2,4,2,1,0,0,1,0,0,0,0,25,0,6,2019
"Ryan Fitzpatrick",2467,"QB","MIA",1,3,0,0,17,0,0,0,33.3,100,0,0,0,0,0,1,3,3,0,1,2,0,0,33.3,66.7,0,0,0,6,2019
"Matthew Stafford",4924,"QB","DET",1,20,10,0,11,0,0,20,35,80,20,0,0,2,4,7,20,16,4,3,4,0,3,15,20,0,0,15,7,2019
"Philip Rivers",1725,"QB","LAC",1,18,16.7,0,27,0,1,44.4,16.7,94.4,0,0,1,3,8,3,18,17,0,1,7,1,0,5.6,38.9,0,5.6,0,7,2019
"Mitchell Trubisky",11757,"QB","CHI",1,18,22.2,0,6,0,0,16.7,16.7,88.9,5.6,0,1,4,3,3,18,16,1,3,3,1,1,16.7,16.7,1,5.6,5.6,7,2019
"Andy Dalton",6187,"QB","CIN",1,17,17.6,0,7,0,0,17.6,23.5,94.1,5.9,0,0,3,3,4,17,16,1,4,3,0,1,23.5,17.6,0,0,5.9,7,2019
"Jacoby Brissett",10725,"QB","IND",1,17,11.8,0,14,1,3,11.8,11.8,64.7,11.8,0,4,2,2,2,17,11,2,3,3,4,0,17.6,17.6,0,23.5,0,7,2019
"Russell Wilson",7077,"QB","SEA",1,15,13.3,0,29,0,1,0,13.3,80,6.7,0,2,2,0,2,15,12,1,3,4,2,1,20,26.7,1,13.3,6.7,7,2019
"Daniel Jones",39395,"QB","NYG",1,14,7.1,0,21,0,0,35.7,21.4,92.9,0,0,1,1,5,3,14,13,0,2,5,1,0,14.3,35.7,1,7.1,0,7,2019
"Ryan Fitzpatrick",2467,"QB","MIA",1,14,7.1,0,17,1,0,14.3,35.7,85.7,7.1,0,1,1,2,5,14,12,1,3,3,1,0,21.4,21.4,0,7.1,0,7,2019
"Gardner Minshew",41401,"QB","JAX",1,14,7.1,0,15,0,1,7.1,35.7,85.7,0,0,1,1,1,5,14,12,0,4,2,1,1,28.6,14.3,0,7.1,7.1,7,2019
"Joe Flacco",4332,"QB","DEN",1,13,15.4,0,10,0,0,0,30.8,84.6,15.4,0,1,2,0,4,13,11,2,1,4,1,1,7.7,30.8,1,7.7,7.7,7,2019
"Tom Brady",698,"QB","NE",1,12,8.3,0,19,1,1,0,16.7,75,8.3,0,2,1,0,2,12,9,1,4,2,2,0,33.3,16.7,0,16.7,0,7,2019
"Deshaun Watson",11767,"QB","HST",1,12,8.3,0,13,0,3,16.7,0,75,0,0,3,1,2,0,12,9,0,2,4,3,0,16.7,33.3,0,25,0,7,2019
"Carson Wentz",10636,"QB","PHI",1,11,18.2,0,24,0,1,0,45.5,72.7,18.2,0,1,2,0,5,11,8,2,0,3,1,0,0,27.3,0,9.1,0,7,2019
"Matt Ryan",4317,"QB","ATL",1,11,0,0,2,1,0,36.4,18.2,90.9,-9.1,0,1,0,4,2,11,10,-1,1,4,1,1,9.1,36.4,0,9.1,9.1,7,2019
"Sam Darnold",29048,"QB","NYJ",1,11,9.1,0,22,0,0,18.2,36.4,90.9,9.1,0,0,1,2,4,11,10,1,2,2,0,0,18.2,18.2,0,0,0,7,2019
"Kirk Cousins",7102,"QB","MIN",1,10,10,0,18,0,0,40,10,100,0,0,0,1,4,1,10,10,0,1,1,0,2,10,10,0,0,20,7,2019
"Ryan Tannehill",7014,"QB","TEN",1,9,11.1,0,31,0,1,0,11.1,88.9,0,0,2,1,0,1,9,8,0,1,4,2,1,11.1,44.4,1,22.2,11.1,7,2019
"Teddy Bridgewater",8667,"QB","NO",1,8,12.5,0,20,1,0,25,0,75,12.5,0,1,1,2,0,8,6,1,1,0,1,2,12.5,0,0,12.5,25,7,2019
"Jimmy Garoppolo",8697,"QB","SF",1,8,0,0,28,1,0,25,25,87.5,0,0,2,0,2,2,8,7,0,4,2,2,0,50,25,1,25,0,7,2019
"Aaron Rodgers",2241,"QB","GB",1,8,0,0,12,0,2,12.5,0,50,12.5,0,3,0,1,0,8,4,1,3,0,3,0,37.5,0,1,37.5,0,7,2019
"Derek Carr",8671,"QB","OAK",1,7,0,0,23,0,0,14.3,14.3,100,0,0,0,0,1,1,7,7,0,1,4,0,0,14.3,57.1,0,0,0,7,2019
"Josh Allen",46601,"QB","BUF",1,6,0,0,4,0,0,0,0,83.3,0,0,1,0,0,0,6,5,0,3,2,1,0,50,33.3,1,16.7,0,7,2019
"Matt Moore",4018,"QB","KC",1,6,0,0,16,0,0,50,33.3,83.3,0,0,1,0,3,2,6,5,0,1,0,1,0,16.7,0,1,16.7,0,7,2019
"Dak Prescott",10769,"QB","DAL",1,5,0,0,9,0,0,20,40,100,0,0,0,0,1,2,5,5,0,0,2,0,0,0,40,0,0,0,7,2019
"Jared Goff",10635,"QB","LA",1,5,0,0,26,1,0,0,40,80,0,0,1,0,0,2,5,4,0,0,1,1,1,0,20,0,20,20,7,2019
"Lamar Jackson",46416,"QB","BLT",1,5,20,0,3,0,0,20,20,80,0,0,1,1,1,1,5,4,0,1,0,1,0,20,0,1,20,0,7,2019
"Case Keenum",7323,"QB","WAS",1,4,50,0,32,0,0,25,25,100,0,0,0,2,1,1,4,4,0,0,1,0,0,0,25,0,0,0,7,2019
"Kyler Murray",38334,"QB","ARZ",1,3,0,0,1,0,0,33.3,0,66.7,0,0,1,0,1,0,3,2,0,1,0,1,0,33.3,0,1,33.3,0,7,2019
"Patrick Mahomes",11765,"QB","KC",1,2,0,0,16,0,0,0,50,100,0,0,0,0,0,1,2,2,0,2,0,0,0,100,0,0,0,0,7,2019
"Albert Wilson",8943,"WR","MIA",1,1,0,0,17,0,0,0,0,0,100,0,0,0,0,0,1,0,1,0,0,0,0,0,0,0,0,0,7,2019
"Matt Schaub",1811,"QB","ATL",1,1,0,0,2,0,0,0,0,100,0,0,0,0,0,0,1,1,0,0,1,0,0,0,100,0,0,0,7,2019
"Ryan Fitzpatrick",2467,"QB","MIA",1,18,5.6,0,17,1,1,22.2,22.2,77.8,5.6,0,4,1,4,4,18,14,1,1,7,4,0,5.6,38.9,2,22.2,0,8,2019
"Sam Darnold",29048,"QB","NYJ",1,18,5.6,0,22,0,0,22.2,22.2,88.9,5.6,0,1,1,4,4,18,16,1,4,3,1,1,22.2,16.7,1,5.6,5.6,8,2019
"Josh Allen",46601,"QB","BUF",1,16,6.3,0,4,0,1,25,12.5,75,12.5,0,3,1,4,2,16,12,2,2,5,3,1,12.5,31.3,2,18.8,6.3,8,2019
"Jameis Winston",9434,"QB","TB",1,16,18.8,0,30,1,3,6.3,6.3,68.8,6.3,0,4,3,1,1,16,11,1,1,7,4,0,6.3,43.8,0,25,0,8,2019
"Jacoby Brissett",10725,"QB","IND",1,16,18.8,0,14,0,2,12.5,12.5,81.3,0,0,3,3,2,2,16,13,0,3,6,3,1,18.8,37.5,1,18.8,6.3,8,2019
"Daniel Jones",39395,"QB","NYG",1,15,13.3,0,21,1,0,33.3,46.7,86.7,13.3,0,1,2,5,7,15,13,2,0,2,1,0,0,13.3,0,6.7,0,8,2019
"Kyle Allen",26152,"QB","CAR",1,13,15.4,0,5,0,1,15.4,30.8,92.3,0,0,2,2,2,4,13,12,0,3,3,2,0,23.1,23.1,1,15.4,0,8,2019
"Deshaun Watson",11767,"QB","HST",1,13,15.4,0,13,0,1,23.1,23.1,92.3,0,0,1,2,3,3,13,12,0,2,6,1,0,15.4,46.2,0,7.7,0,8,2019
"Aaron Rodgers",2241,"QB","GB",1,13,15.4,0,12,1,1,7.7,7.7,53.8,15.4,0,5,2,1,1,13,7,2,0,3,5,0,0,23.1,3,38.5,0,8,2019
"Andy Dalton",6187,"QB","CIN",1,13,7.7,0,7,0,0,46.2,46.2,100,0,0,0,1,6,6,13,13,0,2,3,0,0,15.4,23.1,0,0,0,8,2019
"Tom Brady",698,"QB","NE",1,13,0,0,19,0,0,0,46.2,100,0,0,0,0,0,6,13,13,0,4,5,0,0,30.8,38.5,0,0,0,8,2019
"Mitchell Trubisky",11757,"QB","CHI",1,12,0,0,6,0,0,0,33.3,75,8.3,0,3,0,0,4,12,9,1,3,3,3,0,25,25,3,25,0,8,2019
"Matt Schaub",1811,"QB","ATL",1,12,16.7,0,2,0,0,8.3,8.3,75,16.7,0,1,2,1,1,12,9,2,2,2,1,1,16.7,16.7,1,8.3,8.3,8,2019
"Baker Mayfield",46518,"QB","CLV",1,12,16.7,0,8,0,1,8.3,41.7,91.7,0,0,2,2,1,5,12,11,0,3,4,2,0,25,33.3,1,16.7,0,8,2019
"Gardner Minshew",41401,"QB","JAX",1,12,8.3,0,15,1,1,0,50,83.3,0,0,2,1,0,6,12,10,0,3,1,2,0,25,8.3,0,16.7,0,8,2019
"Mason Rudolph",46569,"QB","PIT",1,12,33.3,0,25,1,0,8.3,16.7,58.3,16.7,0,3,4,1,2,12,7,2,0,1,3,1,0,8.3,2,25,8.3,8,2019
"Joe Flacco",4332,"QB","DEN",1,11,9.1,0,10,0,0,18.2,54.5,81.8,0,0,2,1,2,6,11,9,0,1,1,2,0,9.1,9.1,2,18.2,0,8,2019
"Drew Brees",802,"QB","NO",1,11,9.1,0,20,0,2,18.2,18.2,81.8,0,0,2,1,2,2,11,9,0,1,3,2,0,9.1,27.3,0,18.2,0,8,2019
"Russell Wilson",7077,"QB","SEA",1,10,40,0,29,1,0,20,10,90,0,0,1,4,2,1,10,9,0,1,2,1,1,10,20,0,10,10,8,2019
"Kirk Cousins",7102,"QB","MIN",1,10,20,0,18,0,0,30,10,90,0,0,1,2,3,1,10,9,0,3,0,1,0,30,0,1,10,0,8,2019
"Ryan Tannehill",7014,"QB","TEN",1,10,10,0,31,0,0,30,10,90,10,0,0,1,3,1,10,9,1,3,0,0,1,30,0,0,0,10,8,2019
"Kyler Murray",38334,"QB","ARZ",1,9,0,0,1,0,0,0,33.3,88.9,11.1,0,1,0,0,3,9,8,1,1,4,1,0,11.1,44.4,1,11.1,0,8,2019
"Philip Rivers",1725,"QB","LAC",1,8,12.5,0,27,0,0,25,37.5,87.5,12.5,0,0,1,2,3,8,7,1,1,1,0,0,12.5,12.5,0,0,0,8,2019
"Matt Moore",4018,"QB","KC",1,8,0,0,16,1,1,37.5,50,75,0,0,2,0,3,4,8,6,0,0,1,2,0,0,12.5,0,25,0,8,2019
"Carson Wentz",10636,"QB","PHI",1,7,28.6,0,24,0,0,28.6,14.3,85.7,14.3,0,0,2,2,1,7,6,1,0,1,0,1,0,14.3,0,0,14.3,8,2019
"Matthew Stafford",4924,"QB","DET",1,7,28.6,0,11,0,0,14.3,14.3,100,0,0,1,2,1,1,7,7,0,2,2,1,1,28.6,28.6,1,14.3,14.3,8,2019
"Jimmy Garoppolo",8697,"QB","SF",1,6,0,0,28,0,0,16.7,50,83.3,0,0,1,0,1,3,6,5,0,0,0,1,1,0,0,1,16.7,16.7,8,2019
"Jared Goff",10635,"QB","LA",1,6,33.3,0,26,0,1,16.7,0,100,0,0,1,2,1,0,6,6,0,1,2,1,0,16.7,33.3,0,16.7,0,8,2019
"Case Keenum",7323,"QB","WAS",1,5,20,0,32,0,0,20,0,100,0,0,0,1,1,0,5,5,0,0,2,0,1,0,40,0,0,20,8,2019
"Derek Carr",8671,"QB","OAK",1,3,0,0,23,0,0,0,100,100,0,0,0,0,0,3,3,3,0,0,0,0,0,0,0,0,0,0,8,2019
"Dwayne Haskins",41897,"QB","WAS",1,2,0,0,32,0,0,50,50,100,0,0,1,0,1,1,2,2,0,0,0,1,0,0,0,1,50,0,8,2019
"Brett Hundley",9580,"QB","ARZ",1,1,0,0,1,0,0,0,0,0,0,0,1,0,0,0,1,0,0,0,0,1,0,0,0,1,100,0,8,2019
"Gardner Minshew",41401,"QB","JAX",1,16,18.8,0,15,1,2,31.3,6.3,75,0,0,4,3,5,1,16,12,0,3,3,4,1,18.8,18.8,1,25,6.3,9,2019
"Dak Prescott",10769,"QB","DAL",1,16,6.3,0,9,1,0,18.8,31.3,75,18.8,0,1,1,3,5,16,12,3,1,3,1,0,6.3,18.8,0,6.3,0,9,2019
"Daniel Jones",39395,"QB","NYG",1,16,18.8,0,21,1,2,12.5,12.5,81.3,0,0,3,3,2,2,16,13,0,4,6,3,0,25,37.5,0,18.8,0,9,2019
"Brian Hoyer",5277,"QB","IND",1,16,31.3,0,14,0,0,18.8,25,100,0,0,0,5,3,4,16,16,0,4,5,0,0,25,31.3,0,0,0,9,2019
"Sam Darnold",29048,"QB","NYJ",1,15,6.7,0,22,0,1,20,13.3,80,6.7,0,2,1,3,2,15,12,1,3,4,2,1,20,26.7,1,13.3,6.7,9,2019
"Russell Wilson",7077,"QB","SEA",1,14,7.1,0,29,0,1,21.4,14.3,78.6,7.1,0,1,1,3,2,14,11,1,2,3,1,1,14.3,21.4,0,7.1,7.1,9,2019
"Aaron Rodgers",2241,"QB","GB",1,13,15.4,0,12,0,2,15.4,30.8,84.6,0,0,2,2,2,4,13,11,0,2,3,2,0,15.4,23.1,0,15.4,0,9,2019
"Ryan Tannehill",7014,"QB","TEN",1,13,23.1,0,31,0,1,15.4,15.4,84.6,7.7,0,1,3,2,2,13,11,1,4,2,1,0,30.8,15.4,0,7.7,0,9,2019
"Kirk Cousins",7102,"QB","MIN",1,12,25,0,18,0,0,33.3,8.3,100,0,0,0,3,4,1,12,12,0,2,3,0,2,16.7,25,0,0,16.7,9,2019
"Deshaun Watson",11767,"QB","HST",1,12,0,0,13,3,0,8.3,33.3,75,0,0,3,0,1,4,12,9,0,4,0,3,0,33.3,0,0,25,0,9,2019
"Kyle Allen",26152,"QB","CAR",1,11,18.2,0,5,1,1,9.1,18.2,63.6,18.2,0,3,2,1,2,11,7,2,2,1,3,0,18.2,9.1,1,27.3,0,9,2019
"Mitchell Trubisky",11757,"QB","CHI",1,11,27.3,0,6,0,1,18.2,9.1,81.8,0,0,2,3,2,1,11,9,0,3,1,2,0,27.3,9.1,1,18.2,0,9,2019
"Matthew Stafford",4924,"QB","DET",1,10,10,0,11,0,0,10,30,90,10,0,0,1,1,3,10,9,1,4,1,0,0,40,10,0,0,0,9,2019
"Matt Moore",4018,"QB","KC",1,10,20,0,16,0,0,0,30,80,10,0,1,2,0,3,10,8,1,1,0,1,2,10,0,1,10,20,9,2019
"Dwayne Haskins",41897,"QB","WAS",1,10,0,0,32,0,0,10,40,80,10,0,2,0,1,4,10,8,1,3,1,2,0,30,10,2,20,0,9,2019
"Tom Brady",698,"QB","NE",1,9,0,0,19,1,0,33.3,44.4,77.8,11.1,0,1,0,3,4,9,7,1,1,0,1,0,11.1,0,0,11.1,0,9,2019
"Derek Carr",8671,"QB","OAK",1,9,44.4,0,23,0,0,0,33.3,100,0,0,0,4,0,3,9,9,0,0,3,0,0,0,33.3,0,0,0,9,2019
"Mason Rudolph",46569,"QB","PIT",1,8,0,0,25,0,3,0,37.5,50,0,0,4,0,0,3,8,4,0,0,1,4,0,0,12.5,1,50,0,9,2019
"Carson Wentz",10636,"QB","PHI",1,8,12.5,0,24,0,1,37.5,37.5,87.5,-12.5,0,1,1,3,3,8,7,-1,0,2,1,1,0,25,0,12.5,12.5,9,2019
"Lamar Jackson",46416,"QB","BLT",1,8,25,0,3,0,3,12.5,0,50,0,0,4,2,1,0,8,4,0,0,1,4,0,0,12.5,1,50,0,9,2019
"Jimmy Garoppolo",8697,"QB","SF",1,7,42.9,0,28,1,0,42.9,28.6,85.7,0,0,1,3,3,2,7,6,0,1,1,1,0,14.3,14.3,0,14.3,0,9,2019
"Kyler Murray",38334,"QB","ARZ",1,7,14.3,0,1,0,0,14.3,42.9,85.7,14.3,0,0,1,1,3,7,6,1,1,0,0,0,14.3,0,0,0,0,9,2019
"Brandon Allen",10835,"QB","DEN",1,7,0,0,10,0,1,0,71.4,71.4,14.3,0,1,0,0,5,7,5,1,0,0,1,0,0,0,0,14.3,0,9,2019
"Philip Rivers",1725,"QB","LAC",1,7,28.6,0,27,0,0,28.6,14.3,100,0,0,0,2,2,1,7,7,0,0,4,0,0,0,57.1,0,0,0,9,2019
"Ryan Fitzpatrick",2467,"QB","MIA",1,7,28.6,0,17,0,0,0,28.6,100,0,0,1,2,0,2,7,7,0,3,0,1,0,42.9,0,1,14.3,0,9,2019
"Baker Mayfield",46518,"QB","CLV",1,7,0,0,8,0,1,0,42.9,85.7,0,0,1,0,0,3,7,6,0,2,2,1,0,28.6,28.6,0,14.3,0,9,2019
"Jameis Winston",9434,"QB","TB",1,5,0,0,30,0,0,0,20,60,40,0,0,0,0,1,5,3,2,2,0,0,0,40,0,0,0,0,9,2019
"Josh Allen",46601,"QB","BUF",1,4,25,0,4,0,0,0,25,75,0,0,1,1,0,1,4,3,0,0,1,1,0,0,25,1,25,0,9,2019
"Jacoby Brissett",10725,"QB","IND",1,4,25,0,14,0,0,25,25,100,0,0,1,1,1,1,4,4,0,1,0,1,0,25,0,1,25,0,9,2019
"Kyle Allen",26152,"QB","CAR",1,22,27.3,0,5,0,0,13.6,50,100,-4.5,0,0,6,3,11,22,22,-1,6,1,0,1,27.3,4.5,0,0,4.5,10,2019
"Kyler Murray",38334,"QB","ARZ",1,17,17.6,0,1,0,1,5.9,11.8,94.1,-5.9,0,2,3,1,2,17,16,-1,4,8,2,1,23.5,47.1,1,11.8,5.9,10,2019
"Jimmy Garoppolo",8697,"QB","SF",1,17,11.8,0,28,0,2,11.8,17.6,70.6,11.8,0,3,2,2,3,17,12,2,3,5,3,1,17.6,29.4,1,17.6,5.9,10,2019
"Jared Goff",10635,"QB","LA",1,16,43.8,0,26,1,1,12.5,18.8,87.5,0,0,2,7,2,3,16,14,0,4,5,2,0,25,31.3,0,12.5,0,10,2019
"Ryan Fitzpatrick",2467,"QB","MIA",1,16,6.3,0,17,1,1,25,50,93.8,0,0,2,1,4,8,16,15,0,2,2,2,0,12.5,12.5,0,12.5,0,10,2019
"Russell Wilson",7077,"QB","SEA",1,16,12.5,0,29,0,2,12.5,25,75,6.3,0,3,2,2,4,16,12,1,0,2,3,2,0,12.5,1,18.8,12.5,10,2019
"Dak Prescott",10769,"QB","DAL",1,16,6.3,0,9,1,0,12.5,31.3,75,12.5,0,2,1,2,5,16,12,2,0,6,2,0,0,37.5,1,12.5,0,10,2019
"Drew Brees",802,"QB","NO",1,15,0,0,20,0,0,46.7,40,86.7,0,0,1,0,7,6,15,13,0,1,0,1,2,6.7,0,1,6.7,13.3,10,2019
"Jeff Driskel",10841,"QB","DET",1,15,6.7,0,11,0,1,26.7,0,86.7,0,0,2,1,4,0,15,13,0,3,4,2,2,20,26.7,1,13.3,13.3,10,2019
"Philip Rivers",1725,"QB","LAC",1,14,7.1,0,27,0,0,42.9,35.7,100,0,0,0,1,6,5,14,14,0,3,5,0,0,21.4,35.7,0,0,0,10,2019
"Daniel Jones",39395,"QB","NYG",1,13,15.4,0,21,0,1,7.7,38.5,69.2,23.1,0,1,2,1,5,13,9,3,2,2,1,0,15.4,15.4,0,7.7,0,10,2019
"Mason Rudolph",46569,"QB","PIT",1,12,16.7,0,25,0,0,25,16.7,100,-8.3,0,0,2,3,2,12,12,-1,2,4,0,1,16.7,33.3,0,0,8.3,10,2019
"Jameis Winston",9434,"QB","TB",1,12,8.3,0,30,0,0,25,8.3,100,0,0,0,1,3,1,12,12,0,5,4,0,0,41.7,33.3,0,0,0,10,2019
"Sam Darnold",29048,"QB","NYJ",1,12,25,0,22,0,0,16.7,8.3,100,-8.3,0,0,3,2,1,12,12,-1,4,2,0,1,33.3,16.7,0,0,8.3,10,2019
"Matt Ryan",4317,"QB","ATL",1,12,8.3,0,2,0,0,41.7,8.3,75,25,0,0,1,5,1,12,9,3,2,1,0,0,16.7,8.3,0,0,0,10,2019
"Ryan Finley",46426,"QB","CIN",1,12,16.7,0,7,1,1,8.3,25,66.7,0,0,3,2,1,3,12,8,0,1,1,3,1,8.3,8.3,1,25,8.3,10,2019
"Mitchell Trubisky",11757,"QB","CHI",1,11,9.1,0,6,1,1,18.2,9.1,63.6,0,0,5,1,2,1,11,7,0,1,2,5,0,9.1,18.2,3,45.5,0,10,2019
"Derek Carr",8671,"QB","OAK",1,10,0,0,23,0,2,30,30,80,0,0,3,0,3,3,10,8,0,2,1,3,0,20,10,1,30,0,10,2019
"Josh Allen",46601,"QB","BUF",1,9,11.1,0,4,0,1,44.4,33.3,88.9,0,0,1,1,4,3,9,8,0,1,2,1,0,11.1,22.2,0,11.1,0,10,2019
"Patrick Mahomes",11765,"QB","KC",1,8,0,0,16,1,2,0,37.5,50,0,0,4,0,0,3,8,4,0,0,1,4,0,0,12.5,1,50,0,10,2019
"Brian Hoyer",5277,"QB","IND",1,8,0,0,14,0,0,0,25,87.5,12.5,0,0,0,0,2,8,7,1,1,4,0,0,12.5,50,0,0,0,10,2019
"Baker Mayfield",46518,"QB","CLV",1,7,14.3,0,8,0,0,14.3,42.9,85.7,0,0,1,1,1,3,7,6,0,1,3,1,0,14.3,42.9,1,14.3,0,10,2019
"Kirk Cousins",7102,"QB","MIN",1,6,0,0,18,0,0,50,33.3,100,0,0,0,0,3,2,6,6,0,2,2,0,0,33.3,33.3,0,0,0,10,2019
"Aaron Rodgers",2241,"QB","GB",1,5,20,0,12,0,0,0,20,80,0,0,1,1,0,1,5,4,0,0,2,1,0,0,40,1,20,0,10,2019
"Ryan Tannehill",7014,"QB","TEN",1,5,20,0,31,0,0,20,20,80,0,0,1,1,1,1,5,4,0,1,0,1,0,20,0,1,20,0,10,2019
"Lamar Jackson",46416,"QB","BLT",1,4,0,0,3,1,0,50,0,75,0,0,1,0,2,0,4,3,0,1,0,1,0,25,0,0,25,0,10,2019
"Robert Griffin III",7008,"QB","BLT",1,2,0,0,3,0,0,0,50,50,0,0,1,0,0,1,2,1,0,0,0,1,0,0,0,1,50,0,10,2019
"Johnny Hekker",7252,"P","LA",1,1,0,0,26,1,0,0,0,0,0,0,1,0,0,0,1,0,0,0,0,1,0,0,0,0,100,0,10,2019
"Kyle Allen",26152,"QB","CAR",1,23,26.1,0,5,0,2,8.7,60.9,87,4.3,0,2,6,2,14,23,20,1,2,4,2,0,8.7,17.4,0,8.7,0,11,2019
"Mason Rudolph",46569,"QB","PIT",1,22,22.7,0,25,0,0,18.2,27.3,81.8,18.2,0,0,5,4,6,22,18,4,4,1,0,0,18.2,4.5,0,0,0,11,2019
"Jameis Winston",9434,"QB","TB",1,20,5,0,30,1,2,15,15,60,25,0,3,1,3,3,20,12,5,3,6,3,0,15,30,0,15,0,11,2019
"Jimmy Garoppolo",8697,"QB","SF",1,18,0,0,28,0,0,22.2,44.4,88.9,11.1,0,0,0,4,8,18,16,2,4,6,0,1,22.2,33.3,0,0,5.6,11,2019
"Ryan Fitzpatrick",2467,"QB","MIA",1,18,11.1,0,17,0,0,11.1,50,88.9,5.6,0,1,2,2,9,18,16,1,6,5,1,0,33.3,27.8,1,5.6,0,11,2019
"Carson Wentz",10636,"QB","PHI",1,17,17.6,0,24,3,1,23.5,11.8,64.7,5.9,0,5,3,4,2,17,11,1,2,3,5,0,11.8,17.6,1,29.4,0,11,2019
"Nick Foles",7089,"QB","JAX",1,13,0,0,15,0,0,7.7,46.2,92.3,7.7,0,0,0,1,6,13,12,1,5,4,0,0,38.5,30.8,0,0,0,11,2019
"Baker Mayfield",46518,"QB","CLV",1,13,38.5,0,8,1,1,0,7.7,84.6,0,0,2,5,0,1,13,11,0,3,6,2,0,23.1,46.2,0,15.4,0,11,2019
"Tom Brady",698,"QB","NE",1,12,33.3,0,19,0,2,8.3,33.3,83.3,0,0,2,4,1,4,12,10,0,1,3,2,0,8.3,25,0,16.7,0,11,2019
"Philip Rivers",1725,"QB","LAC",1,12,0,0,27,1,0,25,33.3,83.3,0,0,2,0,3,4,12,10,0,2,1,2,0,16.7,8.3,1,16.7,0,11,2019
"Dak Prescott",10769,"QB","DAL",1,12,8.3,0,9,1,0,0,41.7,83.3,8.3,0,1,1,0,5,12,10,1,1,3,1,1,8.3,25,0,8.3,8.3,11,2019
"Jeff Driskel",10841,"QB","DET",1,12,0,0,11,0,2,8.3,25,75,0,0,3,0,1,3,12,9,0,2,5,3,0,16.7,41.7,1,25,0,11,2019
"Ryan Finley",46426,"QB","CIN",1,11,0,0,7,0,1,18.2,36.4,90.9,0,0,1,0,2,4,11,10,0,1,5,1,0,9.1,45.5,0,9.1,0,11,2019
"Jacoby Brissett",10725,"QB","IND",1,11,0,0,14,1,3,0,27.3,63.6,-9.1,0,4,0,0,3,11,7,-1,2,4,4,1,18.2,36.4,0,36.4,9.1,11,2019
"Patrick Mahomes",11765,"QB","KC",1,11,0,0,16,1,2,18.2,36.4,54.5,18.2,0,3,0,2,4,11,6,2,1,0,3,0,9.1,0,0,27.3,0,11,2019
"Deshaun Watson",11767,"QB","HST",1,11,9.1,0,13,1,1,27.3,18.2,63.6,-9.1,0,4,1,3,2,11,7,-1,1,3,4,1,9.1,27.3,2,36.4,9.1,11,2019
"Sam Darnold",29048,"QB","NYJ",1,11,9.1,0,22,2,0,9.1,9.1,81.8,0,0,2,1,1,1,11,9,0,3,2,2,2,27.3,18.2,0,18.2,18.2,11,2019
"Kyler Murray",38334,"QB","ARZ",1,11,9.1,0,1,1,2,0,27.3,45.5,0,0,6,1,0,3,11,5,0,3,0,6,0,27.3,0,3,54.5,0,11,2019
"Matt Ryan",4317,"QB","ATL",1,11,18.2,0,2,0,0,18.2,9.1,90.9,0,0,1,2,2,1,11,10,0,1,3,1,2,9.1,27.3,1,9.1,18.2,11,2019
"Brandon Allen",10835,"QB","DEN",1,10,0,0,10,1,0,10,0,70,10,0,2,0,1,0,10,7,1,0,4,2,2,0,40,1,20,20,11,2019
"Mitchell Trubisky",11757,"QB","CHI",1,10,10,0,6,0,0,20,10,90,0,0,1,1,2,1,10,9,0,5,1,1,0,50,10,1,10,0,11,2019
"Dwayne Haskins",41897,"QB","WAS",1,9,0,0,32,1,1,11.1,11.1,44.4,11.1,0,4,0,1,1,9,4,1,0,1,4,1,0,11.1,2,44.4,11.1,11,2019
"Derek Carr",8671,"QB","OAK",1,8,0,0,23,0,0,12.5,37.5,100,0,0,0,0,1,3,8,8,0,2,2,0,0,25,25,0,0,0,11,2019
"Kirk Cousins",7102,"QB","MIN",1,6,0,0,18,0,0,16.7,33.3,83.3,0,0,1,0,1,2,6,5,0,2,1,1,0,33.3,16.7,1,16.7,0,11,2019
"Drew Brees",802,"QB","NO",1,6,33.3,0,20,0,0,0,0,83.3,16.7,0,0,2,0,0,6,5,1,2,1,0,0,33.3,16.7,0,0,0,11,2019
"Josh Allen",46601,"QB","BUF",1,5,0,0,4,1,1,20,20,60,0,0,2,0,1,1,5,3,0,1,1,2,0,20,20,0,40,0,11,2019
"Lamar Jackson",46416,"QB","BLT",1,4,0,0,3,0,2,25,25,50,0,0,2,0,1,1,4,2,0,0,0,2,0,0,0,0,50,0,11,2019
"Chase Daniel",5214,"QB","CHI",1,3,0,0,6,0,1,0,0,66.7,0,0,2,0,0,0,3,2,0,2,1,2,0,66.7,33.3,1,66.7,0,11,2019
"Jared Goff",10635,"QB","LA",1,2,0,0,26,0,1,0,50,50,0,0,1,0,0,1,2,1,0,0,0,1,0,0,0,0,50,0,11,2019
"A.J. McCarron",8799,"QB","HST",1,2,50,0,13,0,0,0,50,100,0,0,0,1,0,1,2,2,0,1,0,0,0,50,0,0,0,0,11,2019
"Taysom Hill",12112,"QB","NO",1,1,0,0,20,0,0,0,0,0,100,0,0,0,0,0,1,0,1,0,0,0,0,0,0,0,0,0,11,2019
"Matt Ryan",4317,"QB","ATL",1,21,0,0,2,1,0,19,28.6,90.5,0,0,1,0,4,6,21,19,0,5,6,1,2,23.8,28.6,0,4.8,9.5,12,2019
"Ryan Finley",46426,"QB","CIN",1,19,15.8,0,7,0,0,15.8,21.1,89.5,5.3,0,1,3,3,4,19,17,1,3,6,1,0,15.8,31.6,1,5.3,0,12,2019
"Ryan Fitzpatrick",2467,"QB","MIA",1,18,11.1,0,17,1,1,5.6,38.9,77.8,0,0,4,2,1,7,18,14,0,2,4,4,0,11.1,22.2,2,22.2,0,12,2019
"Nick Foles",7089,"QB","JAX",1,14,0,0,15,2,1,0,14.3,57.1,21.4,0,3,0,0,2,14,8,3,4,4,3,0,28.6,28.6,0,21.4,0,12,2019
"Carson Wentz",10636,"QB","PHI",1,14,21.4,0,24,0,0,21.4,28.6,100,-7.1,0,0,3,3,4,14,14,-1,2,6,0,2,14.3,42.9,0,0,14.3,12,2019
"Daniel Jones",39395,"QB","NYG",1,14,14.3,0,21,1,1,14.3,35.7,85.7,0,0,2,2,2,5,14,12,0,2,5,2,0,14.3,35.7,0,14.3,0,12,2019
"Jeff Driskel",10841,"QB","DET",1,13,23.1,0,11,1,0,7.7,0,46.2,15.4,0,5,3,1,0,13,6,2,2,2,5,0,15.4,15.4,4,38.5,0,12,2019
"Aaron Rodgers",2241,"QB","GB",1,13,7.7,0,12,0,1,7.7,46.2,84.6,0,0,2,1,1,6,13,11,0,3,2,2,0,23.1,15.4,1,15.4,0,12,2019
"Kyle Allen",26152,"QB","CAR",1,11,36.4,0,5,0,0,0,36.4,90.9,0,0,1,4,0,4,11,10,0,1,1,1,1,9.1,9.1,1,9.1,9.1,12,2019
"Jacoby Brissett",10725,"QB","IND",1,11,9.1,0,14,2,4,9.1,9.1,54.5,0,0,6,1,1,1,11,6,0,0,5,6,0,0,45.5,0,54.5,0,12,2019
"Tom Brady",698,"QB","NE",1,10,0,0,19,0,0,0,50,100,0,0,0,0,0,5,10,10,0,3,2,0,1,30,20,0,0,10,12,2019
"Russell Wilson",7077,"QB","SEA",1,10,20,0,29,1,0,10,0,70,20,0,2,2,1,0,10,7,2,3,2,2,2,30,20,1,20,20,12,2019
"Lamar Jackson",46416,"QB","BLT",1,10,20,0,3,1,0,30,0,60,30,0,3,2,3,0,10,6,3,0,1,3,0,0,10,2,30,0,12,2019
"Sam Darnold",29048,"QB","NYJ",1,9,22.2,0,22,0,1,11.1,0,88.9,0,0,1,2,1,0,9,8,0,4,1,1,0,44.4,11.1,0,11.1,0,12,2019
"Mason Rudolph",46569,"QB","PIT",1,9,33.3,0,25,0,0,33.3,22.2,100,0,0,0,3,3,2,9,9,0,4,2,0,0,44.4,22.2,0,0,0,12,2019
"Drew Brees",802,"QB","NO",1,9,0,0,20,0,0,44.4,44.4,100,0,0,0,0,4,4,9,9,0,1,2,0,0,11.1,22.2,0,0,0,12,2019
"Josh Allen",46601,"QB","BUF",1,9,22.2,0,4,0,1,0,22.2,77.8,11.1,0,1,2,0,2,9,7,1,4,1,1,0,44.4,11.1,0,11.1,0,12,2019
"Dak Prescott",10769,"QB","DAL",1,8,12.5,0,9,0,0,25,12.5,87.5,12.5,0,0,1,2,1,8,7,1,1,1,0,1,12.5,12.5,0,0,12.5,12,2019
"Brandon Allen",10835,"QB","DEN",1,8,12.5,0,10,0,0,37.5,12.5,87.5,0,0,1,1,3,1,8,7,0,0,1,1,2,0,12.5,1,12.5,25,12,2019
"Mitchell Trubisky",11757,"QB","CHI",1,8,12.5,0,6,0,1,12.5,25,75,0,0,2,1,1,2,8,6,0,2,2,2,0,25,25,1,25,0,12,2019
"Jared Goff",10635,"QB","LA",1,7,14.3,0,26,0,0,14.3,0,71.4,28.6,0,0,1,1,0,7,5,2,1,1,0,1,14.3,14.3,0,0,14.3,12,2019
"Dwayne Haskins",41897,"QB","WAS",1,7,0,0,32,0,0,14.3,28.6,85.7,0,0,1,0,1,2,7,6,0,2,3,1,0,28.6,42.9,1,14.3,0,12,2019
"Derek Carr",8671,"QB","OAK",1,7,0,0,23,0,0,0,28.6,71.4,14.3,0,1,0,0,2,7,5,1,1,1,1,1,14.3,14.3,1,14.3,14.3,12,2019
"Deshaun Watson",11767,"QB","HST",1,7,0,0,13,1,2,0,0,42.9,0,0,4,0,0,0,7,3,0,1,3,4,0,14.3,42.9,1,57.1,0,12,2019
"Baker Mayfield",46518,"QB","CLV",1,6,0,0,8,0,1,0,50,83.3,0,0,1,0,0,3,6,5,0,2,1,1,0,33.3,16.7,0,16.7,0,12,2019
"Jameis Winston",9434,"QB","TB",1,5,0,0,30,0,0,40,60,100,0,0,0,0,2,3,5,5,0,1,0,0,0,20,0,0,0,0,12,2019
"Devlin Hodges",29838,"QB","PIT",1,5,0,0,25,1,0,20,20,60,0,0,2,0,1,1,5,3,0,1,1,2,0,20,20,1,40,0,12,2019
"Jimmy Garoppolo",8697,"QB","SF",1,5,20,0,28,0,1,0,40,60,0,0,2,1,0,2,5,3,0,0,1,2,0,0,20,1,40,0,12,2019
"Ryan Tannehill",7014,"QB","TEN",1,3,33.3,0,31,0,0,0,33.3,100,0,0,0,1,0,1,3,3,0,0,1,0,0,0,33.3,0,0,0,12,2019
"Mike Glennon",7854,"QB","OAK",1,3,0,0,23,1,0,0,0,0,66.7,0,1,0,0,0,3,0,2,0,0,1,0,0,0,0,33.3,0,12,2019
"Robert Griffin III",7008,"QB","BLT",1,1,0,0,3,0,0,0,0,100,0,0,0,0,0,0,1,1,0,1,0,0,0,100,0,0,0,0,12,2019
"Matt Schaub",1811,"QB","ATL",1,1,0,0,2,0,0,0,0,100,0,0,0,0,0,0,1,1,0,1,0,0,0,100,0,0,0,0,12,2019
"Matt Ryan",4317,"QB","ATL",1,27,18.5,0,2,2,2,11.1,11.1,66.7,11.1,0,7,5,3,3,27,18,3,4,8,7,0,14.8,29.6,3,25.9,0,13,2019
"Sam Darnold",29048,"QB","NYJ",1,22,18.2,0,22,0,0,13.6,27.3,100,0,0,0,4,3,6,22,22,0,4,7,0,1,18.2,31.8,0,0,4.5,13,2019
"Kyle Allen",26152,"QB","CAR",1,19,5.3,0,5,0,0,42.1,26.3,89.5,0,0,2,1,8,5,19,17,0,3,3,2,0,15.8,15.8,2,10.5,0,13,2019
"Tom Brady",698,"QB","NE",1,15,13.3,0,19,2,1,33.3,6.7,86.7,0,0,3,2,5,1,15,13,0,1,4,3,1,6.7,26.7,0,20,6.7,13,2019
"Ryan Fitzpatrick",2467,"QB","MIA",1,15,0,0,17,1,1,26.7,40,86.7,0,0,2,0,4,6,15,13,0,6,2,2,0,40,13.3,0,13.3,0,13,2019
"Daniel Jones",39395,"QB","NYG",1,14,28.6,0,21,0,1,14.3,35.7,85.7,0,0,2,4,2,5,14,12,0,1,2,2,0,7.1,14.3,1,14.3,0,13,2019
"Gardner Minshew",41401,"QB","JAX",1,13,0,0,15,1,1,23.1,38.5,76.9,7.7,0,2,0,3,5,13,10,1,2,3,2,0,15.4,23.1,0,15.4,0,13,2019
"Baker Mayfield",46518,"QB","CLV",1,13,7.7,0,8,0,0,7.7,23.1,92.3,0,0,1,1,1,3,13,12,0,3,5,1,0,23.1,38.5,1,7.7,0,13,2019
"Dwayne Haskins",41897,"QB","WAS",1,12,8.3,0,32,2,0,8.3,16.7,58.3,8.3,0,4,1,1,2,12,7,1,0,4,4,0,0,33.3,2,33.3,0,13,2019
"Dak Prescott",10769,"QB","DAL",1,12,8.3,0,9,1,0,33.3,25,75,0,0,3,1,4,3,12,9,0,0,1,3,0,0,8.3,2,25,0,13,2019
"Jacoby Brissett",10725,"QB","IND",1,11,18.2,0,14,0,2,0,9.1,54.5,9.1,0,4,2,0,1,11,6,1,2,1,4,1,18.2,9.1,2,36.4,9.1,13,2019
"Derek Carr",8671,"QB","OAK",1,11,0,0,23,0,2,9.1,18.2,72.7,0,0,3,0,1,2,11,8,0,3,1,3,1,27.3,9.1,1,27.3,9.1,13,2019
"Jared Goff",10635,"QB","LA",1,11,45.5,0,26,0,0,27.3,9.1,100,0,0,0,5,3,1,11,11,0,1,2,0,1,9.1,18.2,0,0,9.1,13,2019
"Kyler Murray",38334,"QB","ARZ",1,11,18.2,0,1,0,2,9.1,9.1,36.4,18.2,0,6,2,1,1,11,4,2,1,0,6,0,9.1,0,4,54.5,0,13,2019
"David Blough",46508,"QB","DET",1,11,36.4,0,11,0,0,9.1,18.2,81.8,18.2,0,0,4,1,2,11,9,2,1,3,0,0,9.1,27.3,0,0,0,13,2019
"Carson Wentz",10636,"QB","PHI",1,10,40,0,24,1,0,30,0,80,0,0,3,4,3,0,10,8,0,1,1,3,0,10,10,2,30,0,13,2019
"Josh Allen",46601,"QB","BUF",1,9,0,0,4,0,1,11.1,22.2,77.8,0,0,2,0,1,2,9,7,0,1,4,2,0,11.1,44.4,1,22.2,0,13,2019
"Patrick Mahomes",11765,"QB","KC",1,9,0,0,16,1,1,11.1,11.1,77.8,0,0,2,0,1,1,9,7,0,2,2,2,1,22.2,22.2,0,22.2,11.1,13,2019
"Aaron Rodgers",2241,"QB","GB",1,9,0,0,12,0,2,22.2,11.1,77.8,0,0,2,0,2,1,9,7,0,4,1,2,0,44.4,11.1,0,22.2,0,13,2019
"Jameis Winston",9434,"QB","TB",1,9,22.2,0,30,2,0,11.1,11.1,66.7,0,0,3,2,1,1,9,6,0,2,2,3,0,22.2,22.2,1,33.3,0,13,2019
"Deshaun Watson",11767,"QB","HST",1,8,12.5,0,13,0,1,37.5,12.5,87.5,-12.5,0,1,1,3,1,8,7,-1,2,1,1,1,25,12.5,0,12.5,12.5,13,2019
"Ryan Tannehill",7014,"QB","TEN",1,8,25,0,31,0,0,0,0,75,25,0,0,2,0,0,8,6,2,2,2,0,3,25,25,0,0,37.5,13,2019
"Kirk Cousins",7102,"QB","MIN",1,8,12.5,0,18,0,1,25,25,87.5,0,0,1,1,2,2,8,7,0,4,3,1,0,50,37.5,0,12.5,0,13,2019
"Nick Foles",7089,"QB","JAX",1,7,14.3,0,15,0,0,14.3,28.6,85.7,0,0,1,1,1,2,7,6,0,1,2,1,0,14.3,28.6,1,14.3,0,13,2019
"Devlin Hodges",29838,"QB","PIT",1,7,0,0,25,2,0,0,0,28.6,28.6,0,3,0,0,0,7,2,2,1,1,3,0,14.3,14.3,1,42.9,0,13,2019
"Philip Rivers",1725,"QB","LAC",1,7,0,0,27,0,1,14.3,14.3,71.4,0,0,2,0,1,1,7,5,0,0,3,2,0,0,42.9,1,28.6,0,13,2019
"Russell Wilson",7077,"QB","SEA",1,7,0,0,29,1,0,0,14.3,42.9,14.3,0,3,0,0,1,7,3,1,1,1,3,0,14.3,14.3,2,42.9,0,13,2019
"Jimmy Garoppolo",8697,"QB","SF",1,6,16.7,0,28,0,0,33.3,16.7,66.7,33.3,0,0,1,2,1,6,4,2,3,0,0,0,50,0,0,0,0,13,2019
"Andy Dalton",6187,"QB","CIN",1,6,33.3,0,7,0,0,66.7,0,83.3,16.7,0,0,2,4,0,6,5,1,0,0,0,0,0,0,0,0,0,13,2019
"Mitchell Trubisky",11757,"QB","CHI",1,6,0,0,6,0,3,0,33.3,66.7,0,0,3,0,0,2,6,4,0,1,1,3,0,16.7,16.7,0,50,0,13,2019
"Drew Brees",802,"QB","NO",1,5,0,0,20,0,0,60,60,100,0,0,0,0,3,3,5,5,0,0,0,0,0,0,0,0,0,0,13,2019
"Drew Lock",39517,"QB","DEN",1,4,25,0,10,0,1,25,0,75,0,0,1,1,1,0,4,3,0,1,0,1,0,25,0,0,25,0,13,2019
"Lamar Jackson",46416,"QB","BLT",1,3,0,0,3,0,0,0,0,66.7,0,0,1,0,0,0,3,2,0,1,2,1,0,33.3,66.7,1,33.3,0,13,2019
"Josh Allen",46601,"QB","BUF",1,20,15,0,4,2,4,10,20,60,0,0,7,3,2,4,20,12,0,1,5,7,2,5,25,1,35,10,14,2019
"Deshaun Watson",11767,"QB","HST",1,19,0,0,13,1,2,31.6,21.1,78.9,0,0,5,0,6,4,19,15,0,1,4,5,2,5.3,21.1,2,26.3,10.5,14,2019
"Kyle Allen",26152,"QB","CAR",1,18,5.6,0,5,0,0,11.1,55.6,83.3,0,0,1,1,2,10,18,15,0,1,3,1,2,5.6,16.7,1,5.6,11.1,14,2019
"Carson Wentz",10636,"QB","PHI",1,17,17.6,0,24,2,2,11.8,11.8,82.4,5.9,0,4,3,2,2,17,14,1,5,5,4,0,29.4,29.4,0,23.5,0,14,2019
"Dak Prescott",10769,"QB","DAL",1,17,11.8,0,9,2,2,0,17.6,58.8,11.8,0,6,2,0,3,17,10,2,3,2,6,1,17.6,11.8,2,35.3,5.9,14,2019
"Ryan Fitzpatrick",2467,"QB","MIA",1,16,31.3,0,17,2,1,31.3,0,68.8,6.3,0,4,5,5,0,16,11,1,3,1,4,0,18.8,6.3,1,25,0,14,2019
"Jacoby Brissett",10725,"QB","IND",1,16,12.5,0,14,2,1,18.8,25,81.3,-6.3,0,3,2,3,4,16,13,-1,4,3,3,1,25,18.8,0,18.8,6.3,14,2019
"Kyler Murray",38334,"QB","ARZ",1,14,7.1,0,1,0,1,14.3,14.3,78.6,0,0,3,1,2,2,14,11,0,2,5,3,0,14.3,35.7,2,21.4,0,14,2019
"Patrick Mahomes",11765,"QB","KC",1,13,0,0,16,2,3,15.4,30.8,61.5,0,0,6,0,2,4,13,8,0,2,0,6,0,15.4,0,1,46.2,0,14,2019
"Sam Darnold",29048,"QB","NYJ",1,12,16.7,0,22,0,0,16.7,16.7,83.3,16.7,0,0,2,2,2,12,10,2,4,2,0,0,33.3,16.7,0,0,0,14,2019
"Andy Dalton",6187,"QB","CIN",1,12,16.7,0,7,1,1,25,16.7,83.3,0,0,2,2,3,2,12,10,0,4,1,2,0,33.3,8.3,0,16.7,0,14,2019
"Jameis Winston",9434,"QB","TB",1,12,16.7,0,30,0,1,0,33.3,83.3,8.3,0,1,2,0,4,12,10,1,2,2,1,2,16.7,16.7,0,8.3,16.7,14,2019
"Russell Wilson",7077,"QB","SEA",1,12,16.7,0,29,2,0,25,0,75,0,0,3,2,3,0,12,9,0,3,3,3,0,25,25,1,25,0,14,2019
"Aaron Rodgers",2241,"QB","GB",1,11,27.3,0,12,2,1,9.1,9.1,63.6,0,0,4,3,1,1,11,7,0,2,2,4,0,18.2,18.2,1,36.4,0,14,2019
"Tom Brady",698,"QB","NE",1,11,36.4,0,19,0,1,0,36.4,100,0,0,1,4,0,4,11,11,0,3,2,1,0,27.3,18.2,0,9.1,0,14,2019
"David Blough",46508,"QB","DET",1,11,0,0,11,1,1,18.2,0,45.5,0,0,6,0,2,0,11,5,0,2,1,6,1,18.2,9.1,4,54.5,9.1,14,2019
"Drew Brees",802,"QB","NO",1,10,10,0,20,0,0,20,40,90,10,0,0,1,2,4,10,9,1,3,1,0,0,30,10,0,0,0,14,2019
"Drew Lock",39517,"QB","DEN",1,10,10,0,10,0,1,10,10,70,20,0,1,1,1,1,10,7,2,3,2,1,0,30,20,0,10,0,14,2019
"Devlin Hodges",29838,"QB","PIT",1,10,10,0,25,0,0,20,10,80,0,0,2,1,2,1,10,8,0,2,2,2,0,20,20,2,20,0,14,2019
"Kirk Cousins",7102,"QB","MIN",1,9,22.2,0,18,1,0,0,44.4,88.9,0,0,1,2,0,4,9,8,0,2,1,1,0,22.2,11.1,0,11.1,0,14,2019
"Gardner Minshew",41401,"QB","JAX",1,9,0,0,15,0,1,11.1,11.1,66.7,22.2,0,1,0,1,1,9,6,2,2,3,1,0,22.2,33.3,0,11.1,0,14,2019
"Mitchell Trubisky",11757,"QB","CHI",1,9,11.1,0,6,1,1,11.1,33.3,77.8,0,0,2,1,1,3,9,7,0,0,1,2,1,0,11.1,0,22.2,11.1,14,2019
"Dwayne Haskins",41897,"QB","WAS",1,9,33.3,0,32,0,0,22.2,33.3,100,0,0,0,3,2,3,9,9,0,1,3,0,0,11.1,33.3,0,0,0,14,2019
"Eli Manning",1722,"QB","NYG",1,8,12.5,0,21,0,1,25,37.5,87.5,0,0,1,1,2,3,8,7,0,0,1,1,0,0,12.5,0,12.5,0,14,2019
"Jared Goff",10635,"QB","LA",1,8,12.5,0,26,0,1,0,0,87.5,0,0,1,1,0,0,8,7,0,2,4,1,0,25,50,0,12.5,0,14,2019
"Matt Ryan",4317,"QB","ATL",1,7,42.9,0,2,0,1,14.3,0,71.4,14.3,0,1,3,1,0,7,5,1,1,1,1,0,14.3,14.3,0,14.3,0,14,2019
"Derek Carr",8671,"QB","OAK",1,6,0,0,23,0,0,0,0,83.3,0,0,2,0,0,0,6,5,0,2,2,2,1,33.3,33.3,2,33.3,16.7,14,2019
"Philip Rivers",1725,"QB","LAC",1,6,0,0,27,0,0,16.7,16.7,100,0,0,0,0,1,1,6,6,0,1,4,0,0,16.7,66.7,0,0,0,14,2019
"Ryan Tannehill",7014,"QB","TEN",1,6,0,0,31,0,0,16.7,0,66.7,33.3,0,0,0,1,0,6,4,2,2,1,0,0,33.3,16.7,0,0,0,14,2019
"Jimmy Garoppolo",8697,"QB","SF",1,6,33.3,0,28,0,1,33.3,16.7,83.3,0,0,1,2,2,1,6,5,0,0,1,1,0,0,16.7,0,16.7,0,14,2019
"Baker Mayfield",46518,"QB","CLV",1,5,0,0,8,0,2,0,0,60,0,0,2,0,0,0,5,3,0,0,1,2,2,0,20,0,40,40,14,2019
"Lamar Jackson",46416,"QB","BLT",1,4,0,0,3,1,0,25,25,75,25,0,1,0,1,1,4,3,1,0,1,1,0,0,25,0,25,0,14,2019
"Taysom Hill",12112,"QB","NO",1,1,0,0,20,0,0,0,0,100,0,0,0,0,0,0,1,1,0,1,0,0,0,100,0,0,0,0,14,2019
"Ryan Griffin",7983,"QB","TB",1,1,0,0,30,0,0,0,0,100,0,0,0,0,0,0,1,1,0,1,0,0,0,100,0,0,0,0,14,2019
"Tyrod Taylor",6332,"QB","LAC",1,1,0,0,27,0,0,100,0,100,0,0,0,0,1,0,1,1,0,0,1,0,0,0,100,0,0,0,14,2019
"Mitchell Trubisky",11757,"QB","CHI",1,22,9.1,0,6,0,5,9.1,18.2,77.3,0,0,6,2,2,4,22,17,0,4,5,6,0,18.2,22.7,1,27.3,0,15,2019
"Carson Wentz",10636,"QB","PHI",1,17,17.6,0,24,0,0,17.6,11.8,88.2,5.9,0,1,3,3,2,17,15,1,6,2,1,0,35.3,11.8,1,5.9,0,15,2019
"Matt Ryan",4317,"QB","ATL",1,15,13.3,0,2,0,1,46.7,0,93.3,-6.7,0,2,2,7,0,15,14,-1,5,1,2,1,33.3,6.7,1,13.3,6.7,15,2019
"Jared Goff",10635,"QB","LA",1,14,21.4,0,26,0,0,28.6,28.6,100,0,0,0,3,4,4,14,14,0,3,7,0,0,21.4,50,0,0,0,15,2019
"Ryan Fitzpatrick",2467,"QB","MIA",1,14,21.4,0,17,1,1,14.3,14.3,64.3,21.4,0,2,3,2,2,14,9,3,1,2,2,1,7.1,14.3,0,14.3,7.1,15,2019
"Jameis Winston",9434,"QB","TB",1,13,7.7,0,30,0,1,0,38.5,76.9,0,0,2,1,0,5,13,10,0,3,0,2,2,23.1,0,1,15.4,15.4,15,2019
"Sam Darnold",29048,"QB","NYJ",1,12,16.7,0,22,1,2,16.7,8.3,75,0,0,3,2,2,1,12,9,0,1,3,3,1,8.3,25,0,25,8.3,15,2019
"David Blough",46508,"QB","DET",1,12,0,0,11,0,2,0,25,66.7,8.3,0,3,0,0,3,12,8,1,0,2,3,3,0,16.7,1,25,25,15,2019
"Derek Carr",8671,"QB","OAK",1,11,0,0,23,0,1,0,54.5,90.9,-9.1,0,1,0,0,6,11,10,-1,2,3,1,2,18.2,27.3,0,9.1,18.2,15,2019
"Devlin Hodges",29838,"QB","PIT",1,10,10,0,25,0,1,10,20,70,20,0,2,1,1,2,10,7,2,0,4,2,0,0,40,1,20,0,15,2019
"Aaron Rodgers",2241,"QB","GB",1,10,20,0,12,0,1,10,10,70,20,0,1,2,1,1,10,7,2,3,0,1,0,30,0,0,10,0,15,2019
"Baker Mayfield",46518,"QB","CLV",1,10,10,0,8,0,0,10,10,100,0,0,0,1,1,1,10,10,0,4,2,0,1,40,20,0,0,10,15,2019
"Drew Lock",39517,"QB","DEN",1,10,10,0,10,0,0,30,10,80,10,0,1,1,3,1,10,8,1,1,3,1,0,10,30,1,10,0,15,2019
"Jimmy Garoppolo",8697,"QB","SF",1,9,11.1,0,28,0,0,0,22.2,88.9,11.1,0,0,1,0,2,9,8,1,5,1,0,0,55.6,11.1,0,0,0,15,2019
"Dwayne Haskins",41897,"QB","WAS",1,9,0,0,32,0,3,11.1,33.3,66.7,-11.1,0,3,0,1,3,9,6,-1,2,0,3,1,22.2,0,0,33.3,11.1,15,2019
"Josh Allen",46601,"QB","BUF",1,9,33.3,0,4,1,1,22.2,0,77.8,0,0,2,3,2,0,9,7,0,1,2,2,0,11.1,22.2,0,22.2,0,15,2019
"Patrick Mahomes",11765,"QB","KC",1,9,11.1,0,16,1,0,11.1,0,66.7,11.1,0,3,1,1,0,9,6,1,0,4,3,0,0,44.4,2,33.3,0,15,2019
"Jacoby Brissett",10725,"QB","IND",1,8,12.5,0,14,0,1,0,12.5,50,25,0,2,1,0,1,8,4,2,1,1,2,0,12.5,12.5,1,25,0,15,2019
"Philip Rivers",1725,"QB","LAC",1,8,12.5,0,27,0,1,0,37.5,87.5,0,0,1,1,0,3,8,7,0,1,2,1,0,12.5,25,0,12.5,0,15,2019
"Ryan Tannehill",7014,"QB","TEN",1,8,0,0,31,0,0,25,0,75,25,0,1,0,2,0,8,6,2,2,2,1,1,25,25,1,12.5,12.5,15,2019
"Deshaun Watson",11767,"QB","HST",1,8,25,0,13,0,1,0,0,87.5,0,0,1,2,0,0,8,7,0,1,4,1,1,12.5,50,0,12.5,12.5,15,2019
"Russell Wilson",7077,"QB","SEA",1,7,0,0,29,3,2,0,0,14.3,0,0,7,0,0,0,7,1,0,1,0,7,0,14.3,0,2,100,0,15,2019
"Kyler Murray",38334,"QB","ARZ",1,7,14.3,0,1,0,2,14.3,0,57.1,14.3,0,2,1,1,0,7,4,1,2,0,2,0,28.6,0,0,28.6,0,15,2019
"Tom Brady",698,"QB","NE",1,7,0,0,19,0,0,14.3,0,71.4,28.6,0,0,0,1,0,7,5,2,1,4,0,0,14.3,57.1,0,0,0,15,2019
"Andy Dalton",6187,"QB","CIN",1,6,16.7,0,7,0,0,50,33.3,83.3,0,0,0,1,3,2,6,5,0,0,0,0,1,0,0,0,0,16.7,15,2019
"Drew Brees",802,"QB","NO",1,6,0,0,20,0,0,33.3,50,100,0,0,0,0,2,3,6,6,0,1,1,0,0,16.7,16.7,0,0,0,15,2019
"Kirk Cousins",7102,"QB","MIN",1,6,0,0,18,0,1,33.3,16.7,83.3,0,0,1,0,2,1,6,5,0,0,0,1,2,0,0,0,16.7,33.3,15,2019
"Gardner Minshew",41401,"QB","JAX",1,5,0,0,15,0,0,20,20,100,0,0,0,0,1,1,5,5,0,2,2,0,0,40,40,0,0,0,15,2019
"Dak Prescott",10769,"QB","DAL",1,5,40,0,9,0,0,0,20,80,0,0,0,2,0,1,5,4,0,1,0,0,1,20,0,0,0,20,15,2019
"Kyle Allen",26152,"QB","CAR",1,5,40,0,5,0,0,0,60,100,0,0,0,2,0,3,5,5,0,0,1,0,0,0,20,0,0,0,15,2019
"Lamar Jackson",46416,"QB","BLT",1,5,40,0,3,0,0,0,20,80,0,0,1,2,0,1,5,4,0,1,1,1,0,20,20,1,20,0,15,2019
"Eli Manning",1722,"QB","NYG",1,3,0,0,21,0,1,0,33.3,66.7,0,0,1,0,0,1,3,2,0,0,1,1,0,0,33.3,0,33.3,0,15,2019
"Deshaun Watson",11767,"QB","HST",1,18,16.7,0,13,2,1,5.6,11.1,66.7,5.6,0,6,3,1,2,18,12,1,4,4,6,1,22.2,22.2,3,33.3,5.6,16,2019
"Will Grier",38265,"QB","CAR",1,18,5.6,0,5,0,2,16.7,50,88.9,0,0,3,1,3,9,18,16,0,6,3,3,0,33.3,16.7,1,16.7,0,16,2019
"Ryan Fitzpatrick",2467,"QB","MIA",1,17,0,0,17,3,1,23.5,23.5,70.6,5.9,0,4,0,4,4,17,12,1,4,3,4,0,23.5,17.6,0,23.5,0,16,2019
"Kirk Cousins",7102,"QB","MIN",1,15,40,0,18,0,0,20,20,93.3,0,0,1,6,3,3,15,14,0,3,2,1,0,20,13.3,1,6.7,0,16,2019
"Andy Dalton",6187,"QB","CIN",1,14,28.6,0,7,0,0,7.1,14.3,100,0,0,1,4,1,2,14,14,0,10,0,1,0,71.4,0,1,7.1,0,16,2019
"Jacoby Brissett",10725,"QB","IND",1,13,7.7,0,14,0,1,15.4,23.1,61.5,23.1,0,3,1,2,3,13,8,3,2,0,3,0,15.4,0,2,23.1,0,16,2019
"Carson Wentz",10636,"QB","PHI",1,13,7.7,0,24,2,1,30.8,15.4,76.9,0,0,3,1,4,2,13,10,0,1,3,3,0,7.7,23.1,0,23.1,0,16,2019
"Sam Darnold",29048,"QB","NYJ",1,13,0,0,22,1,2,7.7,7.7,76.9,0,0,3,0,1,1,13,10,0,2,5,3,1,15.4,38.5,0,23.1,7.7,16,2019
"Russell Wilson",7077,"QB","SEA",1,12,0,0,29,0,1,8.3,41.7,58.3,16.7,0,3,0,1,5,12,7,2,3,1,3,0,25,8.3,2,25,0,16,2019
"Patrick Mahomes",11765,"QB","KC",1,12,16.7,0,16,0,3,8.3,8.3,58.3,16.7,0,3,2,1,1,12,7,2,0,3,3,0,0,25,0,25,0,16,2019
"Aaron Rodgers",2241,"QB","GB",1,12,16.7,0,12,0,0,25,8.3,91.7,0,0,1,2,3,1,12,11,0,2,5,1,1,16.7,41.7,1,8.3,8.3,16,2019
"Daniel Jones",39395,"QB","NYG",1,12,16.7,0,21,1,2,8.3,16.7,58.3,8.3,0,4,2,1,2,12,7,1,0,2,4,0,0,16.7,1,33.3,0,16,2019
"David Blough",46508,"QB","DET",1,12,0,0,11,0,1,8.3,16.7,91.7,-8.3,0,1,0,1,2,12,11,-1,1,6,1,2,8.3,50,0,8.3,16.7,16,2019
"Jimmy Garoppolo",8697,"QB","SF",1,12,0,0,28,0,0,16.7,8.3,75,8.3,0,1,0,2,1,12,9,1,4,3,1,2,33.3,25,1,8.3,16.7,16,2019
"Jared Goff",10635,"QB","LA",1,11,9.1,0,26,0,1,9.1,9.1,63.6,27.3,0,1,1,1,1,11,7,3,2,6,1,0,18.2,54.5,0,9.1,0,16,2019
"Philip Rivers",1725,"QB","LAC",1,10,10,0,27,0,0,30,20,90,10,0,0,1,3,2,10,9,1,5,2,0,0,50,20,0,0,0,16,2019
"Jameis Winston",9434,"QB","TB",1,9,0,0,30,2,0,11.1,33.3,66.7,0,0,4,0,1,3,9,6,0,1,2,4,0,11.1,22.2,2,44.4,0,16,2019
"Ryan Tannehill",7014,"QB","TEN",1,9,0,0,31,0,0,11.1,33.3,77.8,11.1,0,1,0,1,3,9,7,1,0,5,1,0,0,55.6,1,11.1,0,16,2019
"Case Keenum",7323,"QB","WAS",1,9,0,0,32,0,1,22.2,33.3,88.9,11.1,0,1,0,2,3,9,8,1,5,3,1,0,55.6,33.3,0,11.1,0,16,2019
"Mitchell Trubisky",11757,"QB","CHI",1,8,0,0,6,0,0,12.5,12.5,87.5,0,0,1,0,1,1,8,7,0,3,1,1,1,37.5,12.5,1,12.5,12.5,16,2019
"Tom Brady",698,"QB","NE",1,8,0,0,19,1,1,0,37.5,75,0,0,2,0,0,3,8,6,0,1,2,2,0,12.5,25,0,25,0,16,2019
"Derek Carr",8671,"QB","OAK",1,8,0,0,23,0,0,0,25,100,0,0,0,0,0,2,8,8,0,1,5,0,1,12.5,62.5,0,0,12.5,16,2019
"Matt Ryan",4317,"QB","ATL",1,8,0,0,2,1,0,12.5,0,62.5,12.5,0,2,0,1,0,8,5,1,4,2,2,0,50,25,1,25,0,16,2019
"Drew Lock",39517,"QB","DEN",1,7,42.9,0,10,1,0,28.6,14.3,85.7,0,0,1,3,2,1,7,6,0,0,1,1,0,0,14.3,0,14.3,0,16,2019
"Devlin Hodges",29838,"QB","PIT",1,7,14.3,0,25,0,1,14.3,0,57.1,14.3,0,2,1,1,0,7,4,1,2,0,2,0,28.6,0,1,28.6,0,16,2019
"Baker Mayfield",46518,"QB","CLV",1,7,14.3,0,8,0,2,0,14.3,57.1,14.3,0,2,1,0,1,7,4,1,0,3,2,0,0,42.9,0,28.6,0,16,2019
"Gardner Minshew",41401,"QB","JAX",1,7,14.3,0,15,0,0,28.6,28.6,85.7,14.3,0,0,1,2,2,7,6,1,1,0,0,0,14.3,0,0,0,0,16,2019
"Dak Prescott",10769,"QB","DAL",1,6,0,0,9,1,1,16.7,0,66.7,0,0,2,0,1,0,6,4,0,0,3,2,0,0,50,0,33.3,0,16,2019
"Dwayne Haskins",41897,"QB","WAS",1,6,16.7,0,32,1,0,0,16.7,66.7,16.7,0,1,1,0,1,6,4,1,0,2,1,0,0,33.3,0,16.7,0,16,2019
"Josh Allen",46601,"QB","BUF",1,6,50,0,4,0,0,0,16.7,100,0,0,0,3,0,1,6,6,0,3,1,0,0,50,16.7,0,0,0,16,2019
"Drew Brees",802,"QB","NO",1,5,60,0,20,0,0,40,0,100,0,0,0,3,2,0,5,5,0,0,1,0,0,0,20,0,0,0,16,2019
"Mason Rudolph",46569,"QB","PIT",1,5,0,0,25,1,0,20,20,80,0,0,1,0,1,1,5,4,0,1,1,1,0,20,20,0,20,0,16,2019
"Kyler Murray",38334,"QB","ARZ",1,4,0,0,1,0,2,0,0,0,25,0,3,0,0,0,4,0,1,0,0,3,0,0,0,1,75,0,16,2019
"Brett Hundley",9580,"QB","ARZ",1,3,33.3,0,1,0,0,0,0,100,0,0,0,1,0,0,3,3,0,2,1,0,0,66.7,33.3,0,0,0,16,2019
"Lamar Jackson",46416,"QB","BLT",1,2,100,0,3,0,0,0,0,100,0,0,0,2,0,0,2,2,0,0,0,0,0,0,0,0,0,0,16,2019
"Kelvin Harmon",47931,"WR","WAS",1,1,0,0,32,0,0,0,0,100,0,0,0,0,0,0,1,1,0,0,1,0,0,0,100,0,0,0,16,2019
"Taysom Hill",12112,"QB","NO",1,1,0,0,20,0,0,0,0,100,0,0,0,0,0,0,1,1,0,1,0,0,0,100,0,0,0,0,16,2019
"Russell Wilson",7077,"QB","SEA",1,20,5,0,29,2,2,5,20,75,5,0,4,1,1,4,20,15,1,4,4,4,2,20,20,0,20,10,17,2019
"Matt Ryan",4317,"QB","ATL",1,20,15,0,2,0,3,15,5,85,0,0,3,3,3,1,20,17,0,4,6,3,2,20,30,0,15,10,17,2019
"Daniel Jones",39395,"QB","NYG",1,19,10.5,0,21,1,1,26.3,31.6,84.2,0,0,3,2,5,6,19,16,0,3,5,3,0,15.8,26.3,1,15.8,0,17,2019
"Baker Mayfield",46518,"QB","CLV",1,19,10.5,0,8,1,4,15.8,21.1,63.2,-5.3,0,7,2,3,4,19,12,-1,2,3,7,2,10.5,15.8,2,36.8,10.5,17,2019
"Ryan Fitzpatrick",2467,"QB","MIA",1,16,12.5,0,17,0,3,25,25,75,0,0,4,2,4,4,16,12,0,1,2,4,0,6.3,12.5,1,25,0,17,2019
"Philip Rivers",1725,"QB","LAC",1,16,12.5,0,27,1,0,25,50,93.8,0,0,1,2,4,8,16,15,0,0,3,1,0,0,18.8,0,6.3,0,17,2019
"Kyler Murray",38334,"QB","ARZ",1,14,7.1,0,1,0,1,14.3,21.4,85.7,0,0,2,1,2,3,14,12,0,5,2,2,0,35.7,14.3,1,14.3,0,17,2019
"Case Keenum",7323,"QB","WAS",1,14,7.1,0,32,1,2,7.1,7.1,64.3,7.1,0,4,1,1,1,14,9,1,5,2,4,0,35.7,14.3,1,28.6,0,17,2019
"Aaron Rodgers",2241,"QB","GB",1,13,0,0,12,0,2,30.8,7.7,76.9,7.7,0,2,0,4,1,13,10,1,4,1,2,0,30.8,7.7,0,15.4,0,17,2019
"Drew Lock",39517,"QB","DEN",1,12,8.3,0,10,1,2,16.7,8.3,66.7,0,0,4,1,2,1,12,8,0,3,2,4,1,25,16.7,1,33.3,8.3,17,2019
"Matt Barkley",7880,"QB","BUF",1,12,8.3,0,4,0,0,8.3,16.7,83.3,8.3,0,0,1,1,2,12,10,1,3,3,0,1,25,25,0,0,8.3,17,2019
"Derek Carr",8671,"QB","OAK",1,12,8.3,0,23,0,1,0,25,91.7,0,0,1,1,0,3,12,11,0,1,8,1,0,8.3,66.7,0,8.3,0,17,2019
"Jared Goff",10635,"QB","LA",1,11,9.1,0,26,0,0,9.1,9.1,81.8,9.1,0,0,1,1,1,11,9,1,0,4,0,3,0,36.4,0,0,27.3,17,2019
"Jacoby Brissett",10725,"QB","IND",1,11,18.2,0,14,0,0,0,27.3,90.9,0,0,1,2,0,3,11,10,0,4,4,1,0,36.4,36.4,1,9.1,0,17,2019
"A.J. McCarron",8799,"QB","HST",1,11,0,0,13,1,2,9.1,18.2,63.6,9.1,0,3,0,1,2,11,7,1,1,3,3,1,9.1,27.3,0,27.3,9.1,17,2019
"Sam Darnold",29048,"QB","NYJ",1,10,20,0,22,0,0,10,10,100,0,0,0,2,1,1,10,10,0,1,4,0,1,10,40,0,0,10,17,2019
"Gardner Minshew",41401,"QB","JAX",1,10,0,0,15,0,2,10,30,80,0,0,2,0,1,3,10,8,0,2,4,2,1,20,40,0,20,10,17,2019
"Mitchell Trubisky",11757,"QB","CHI",1,8,12.5,0,6,0,1,12.5,50,87.5,0,0,1,1,1,4,8,7,0,1,0,1,0,12.5,0,0,12.5,0,17,2019
"Kyle Allen",26152,"QB","CAR",1,8,12.5,0,5,0,0,0,25,87.5,0,0,1,1,0,2,8,7,0,2,3,1,0,25,37.5,1,12.5,0,17,2019
"Carson Wentz",10636,"QB","PHI",1,8,25,0,24,0,0,0,0,75,25,0,0,2,0,0,8,6,2,1,4,0,0,12.5,50,0,0,0,17,2019
"Dak Prescott",10769,"QB","DAL",1,8,25,0,9,0,0,12.5,37.5,87.5,0,0,1,2,1,3,8,7,0,3,0,1,1,37.5,0,1,12.5,12.5,17,2019
"Ryan Tannehill",7014,"QB","TEN",1,7,14.3,0,31,0,0,0,0,71.4,28.6,0,0,1,0,0,7,5,2,2,3,0,0,28.6,42.9,0,0,0,17,2019
"David Blough",46508,"QB","DET",1,7,28.6,0,11,0,0,28.6,28.6,85.7,14.3,0,0,2,2,2,7,6,1,0,1,0,0,0,14.3,0,0,0,17,2019
"Drew Brees",802,"QB","NO",1,7,14.3,0,20,0,0,14.3,14.3,85.7,14.3,0,0,1,1,1,7,6,1,0,1,0,2,0,14.3,0,0,28.6,17,2019
"Jameis Winston",9434,"QB","TB",1,6,16.7,0,30,0,2,16.7,0,66.7,0,0,2,1,1,0,6,4,0,2,0,2,0,33.3,0,0,33.3,0,17,2019
"Robert Griffin III",7008,"QB","BLT",1,6,16.7,0,3,1,0,0,16.7,33.3,16.7,0,3,1,0,1,6,2,1,1,0,3,0,16.7,0,2,50,0,17,2019
"Devlin Hodges",29838,"QB","PIT",1,6,0,0,25,1,1,33.3,0,66.7,0,0,2,0,2,0,6,4,0,1,0,2,1,16.7,0,0,33.3,16.7,17,2019
"Sean Mannion",9522,"QB","MIN",1,5,40,0,18,0,0,20,20,100,0,0,0,2,1,1,5,5,0,0,1,0,0,0,20,0,0,0,17,2019
"Patrick Mahomes",11765,"QB","KC",1,5,0,0,16,0,1,20,40,80,0,0,1,0,1,2,5,4,0,2,0,1,0,40,0,0,20,0,17,2019
"Andy Dalton",6187,"QB","CIN",1,4,0,0,7,0,2,25,0,50,0,0,2,0,1,0,4,2,0,0,1,2,0,0,25,0,50,0,17,2019
"Will Grier",38265,"QB","CAR",1,4,25,0,5,0,1,0,25,75,0,0,1,1,0,1,4,3,0,1,0,1,0,25,0,0,25,0,17,2019
"Jimmy Garoppolo",8697,"QB","SF",1,4,25,0,28,0,0,75,0,100,0,0,0,1,3,0,4,4,0,0,0,0,1,0,0,0,0,25,17,2019
"Tom Brady",698,"QB","NE",1,3,0,0,19,0,0,0,0,66.7,33.3,0,0,0,0,0,3,2,1,0,2,0,0,0,66.7,0,0,0,17,2019
"Teddy Bridgewater",8667,"QB","NO",1,2,0,0,20,0,0,0,50,100,0,0,0,0,0,1,2,2,0,0,0,0,1,0,0,0,0,50,17,2019
"Albert Wilson",8943,"WR","MIA",1,1,0,0,17,0,0,0,0,0,100,0,0,0,0,0,1,0,1,0,0,0,0,0,0,0,0,0,17,2019
"Matt Ryan",4317,"QB","ATL",1,19,15.8,0,2,0,0,36.8,5.3,94.7,5.3,0,0,3,7,1,19,18,1,4,8,0,1,21.1,42.1,0,0,5.3,1,2018
"Tyrod Taylor",6332,"QB","CLV",1,18,5.6,0,8,1,0,5.6,33.3,66.7,22.2,0,2,1,1,6,18,12,4,1,3,2,1,5.6,16.7,1,11.1,5.6,1,2018
"Deshaun Watson",11767,"QB","HST",1,18,5.6,0,13,0,2,16.7,33.3,83.3,5.6,0,2,1,3,6,18,15,1,1,7,2,0,5.6,38.9,0,11.1,0,1,2018
"Russell Wilson",7077,"QB","SEA",1,16,12.5,0,29,1,2,37.5,31.3,68.8,6.3,0,5,2,6,5,16,11,1,0,2,5,0,0,12.5,2,31.3,0,1,2018
"Andrew Luck",7007,"QB","IND",1,16,6.3,0,14,1,2,12.5,37.5,75,6.3,0,3,1,2,6,16,12,1,2,2,3,1,12.5,12.5,0,18.8,6.3,1,2018
"Sam Bradford",5526,"QB","ARZ",1,15,6.7,0,1,0,1,20,40,93.3,0,0,1,1,3,6,15,14,0,4,4,1,0,26.7,26.7,0,6.7,0,1,2018
"Jimmy Garoppolo",8697,"QB","SF",1,15,13.3,0,28,0,0,26.7,33.3,100,0,0,0,2,4,5,15,15,0,5,4,0,0,33.3,26.7,0,0,0,1,2018
"Dak Prescott",10769,"QB","DAL",1,14,0,0,9,1,2,14.3,7.1,64.3,0,0,5,0,2,1,14,9,0,2,4,5,0,14.3,28.6,2,35.7,0,1,2018
"Eli Manning",1722,"QB","NYG",1,14,0,0,21,0,0,14.3,28.6,100,-7.1,0,0,0,2,4,14,14,-1,2,7,0,2,14.3,50,0,0,14.3,1,2018
"Drew Brees",802,"QB","NO",1,13,0,0,20,0,0,38.5,15.4,100,0,0,0,0,5,2,13,13,0,3,2,0,1,23.1,15.4,0,0,7.7,1,2018
"Philip Rivers",1725,"QB","LAC",1,12,8.3,0,27,0,0,50,8.3,91.7,8.3,0,0,1,6,1,12,11,1,0,6,0,0,0,50,0,0,0,1,2018
"Derek Carr",8671,"QB","OAK",1,11,0,0,23,0,0,27.3,18.2,100,0,0,0,0,3,2,11,11,0,5,2,0,0,45.5,18.2,0,0,0,1,2018
"Patrick Mahomes",11765,"QB","KC",1,11,0,0,16,0,4,27.3,18.2,72.7,0,0,4,0,3,2,11,8,0,0,2,4,1,0,18.2,0,36.4,9.1,1,2018
"Matthew Stafford",4924,"QB","DET",1,10,10,0,11,1,1,60,10,80,0,0,2,1,6,1,10,8,0,0,1,2,0,0,10,0,20,0,1,2018
"Ben Roethlisberger",1732,"QB","PIT",1,10,50,0,25,0,0,0,10,70,30,0,0,5,0,1,10,7,3,0,2,0,1,0,20,0,0,10,1,2018
"Josh Allen",46601,"QB","BUF",1,9,11.1,0,4,0,2,0,22.2,77.8,0,0,3,1,0,2,9,7,0,3,3,3,0,33.3,33.3,1,33.3,0,1,2018
"Cam Newton",6153,"QB","CAR",1,9,22.2,0,5,0,0,11.1,11.1,88.9,11.1,0,0,2,1,1,9,8,1,1,4,0,0,11.1,44.4,0,0,0,1,2018
"Andy Dalton",6187,"QB","CIN",1,9,11.1,0,7,0,0,0,22.2,88.9,11.1,0,0,1,0,2,9,8,1,3,5,0,0,33.3,55.6,0,0,0,1,2018
"Nick Foles",7089,"QB","PHI",1,9,0,0,24,0,0,22.2,0,77.8,11.1,0,1,0,2,0,9,7,1,2,3,1,0,22.2,33.3,1,11.1,0,1,2018
"Kirk Cousins",7102,"QB","MIN",1,9,0,0,18,0,0,11.1,11.1,88.9,11.1,0,0,0,1,1,9,8,1,3,3,0,0,33.3,33.3,0,0,0,1,2018
"Mitchell Trubisky",11757,"QB","CHI",1,8,12.5,0,6,0,0,12.5,25,75,0,0,4,1,1,2,8,6,0,2,1,4,0,25,12.5,4,50,0,1,2018
"Aaron Rodgers",2241,"QB","GB",1,8,12.5,0,12,0,0,25,12.5,100,0,0,0,1,2,1,8,8,0,2,2,0,0,25,25,0,0,0,1,2018
"Alex Smith",2218,"QB","WAS",1,8,12.5,0,32,0,1,25,12.5,62.5,12.5,0,3,1,2,1,8,5,1,1,2,3,0,12.5,25,2,37.5,0,1,2018
"Tom Brady",698,"QB","NE",1,7,14.3,0,19,0,1,0,14.3,85.7,0,0,1,1,0,1,7,6,0,1,4,1,0,14.3,57.1,0,14.3,0,1,2018
"Nathan Peterman",11926,"QB","BUF",1,6,50,0,4,0,1,16.7,16.7,83.3,0,0,1,3,1,1,6,5,0,1,0,1,0,16.7,0,0,16.7,0,1,2018
"Ryan Fitzpatrick",2467,"QB","TB",1,6,16.7,0,30,0,0,0,50,100,0,0,0,1,0,3,6,6,0,2,1,0,0,33.3,16.7,0,0,0,1,2018
"Case Keenum",7323,"QB","DEN",1,5,20,0,10,0,0,20,20,100,0,0,0,1,1,1,5,5,0,2,0,0,0,40,0,0,0,0,1,2018
"Blake Bortles",8638,"QB","JAX",1,5,0,0,15,0,0,20,0,80,20,0,0,0,1,0,5,4,1,1,0,0,2,20,0,0,0,40,1,2018
"Joe Flacco",4332,"QB","BLT",1,4,0,0,3,0,0,25,0,100,-25,0,0,0,1,0,4,4,-1,0,2,0,2,0,50,0,0,50,1,2018
"Ryan Tannehill",7014,"QB","MIA",1,4,0,0,17,0,0,75,0,100,0,0,0,0,3,0,4,4,0,1,0,0,0,25,0,0,0,0,1,2018
"DeShone Kizer",11807,"QB","GB",1,4,25,0,12,0,0,0,0,75,0,0,1,1,0,0,4,3,0,0,2,1,0,0,50,1,25,0,1,2018
"Jared Goff",10635,"QB","LA",1,3,0,0,26,0,0,0,33.3,66.7,0,0,1,0,0,1,3,2,0,0,1,1,0,0,33.3,1,33.3,0,1,2018
"Sam Darnold",29048,"QB","NYJ",1,3,0,0,22,0,0,33.3,66.7,100,0,0,0,0,1,2,3,3,0,0,0,0,0,0,0,0,0,0,1,2018
"Lamar Jackson",46416,"QB","BLT",1,3,0,0,3,0,0,0,33.3,100,0,0,1,0,0,1,3,3,0,2,0,1,0,66.7,0,1,33.3,0,1,2018
"Matt Cassel",2447,"QB","DET",1,1,100,0,11,0,0,0,0,100,0,0,0,1,0,0,1,1,0,0,0,0,0,0,0,0,0,0,1,2018
"Marcus Mariota",9435,"QB","TEN",1,1,0,0,31,0,0,0,0,100,0,0,0,0,0,0,1,1,0,0,1,0,0,0,100,0,0,0,1,2018
"Blaine Gabbert",6162,"QB","TEN",1,1,0,0,31,0,0,0,100,100,0,0,0,0,0,1,1,1,0,0,0,0,0,0,0,0,0,0,1,2018
"Joe Flacco",4332,"QB","BLT",1,17,11.8,0,3,0,0,29.4,29.4,88.2,0,0,2,2,5,5,17,15,0,3,3,2,2,17.6,17.6,2,11.8,11.8,2,2018
"Matthew Stafford",4924,"QB","DET",1,17,11.8,0,11,0,2,41.2,17.6,82.4,0,0,3,2,7,3,17,14,0,4,2,3,0,23.5,11.8,1,17.6,0,2,2018
"Deshaun Watson",11767,"QB","HST",1,16,0,0,13,1,1,18.8,37.5,87.5,0,0,2,0,3,6,16,14,0,5,3,2,1,31.3,18.8,0,12.5,6.3,2,2018
"Sam Darnold",29048,"QB","NYJ",1,16,6.3,0,22,0,0,37.5,18.8,87.5,12.5,0,0,1,6,3,16,14,2,3,3,0,0,18.8,18.8,0,0,0,2,2018
"Kirk Cousins",7102,"QB","MIN",1,15,20,0,18,0,3,20,20,80,0,0,3,3,3,3,15,12,0,3,3,3,0,20,20,0,20,0,2,2018
"Nick Foles",7089,"QB","PHI",1,14,0,0,24,3,1,7.1,28.6,71.4,0,0,4,0,1,4,14,10,0,0,7,4,0,0,50,0,28.6,0,2,2018
"Ben Roethlisberger",1732,"QB","PIT",1,14,14.3,0,25,0,1,35.7,7.1,78.6,14.3,0,1,2,5,1,14,11,2,0,4,1,0,0,28.6,0,7.1,0,2,2018
"Eli Manning",1722,"QB","NYG",1,13,7.7,0,21,0,0,15.4,7.7,84.6,7.7,0,1,1,2,1,13,11,1,2,4,1,1,15.4,30.8,1,7.7,7.7,2,2018
"Blake Bortles",8638,"QB","JAX",1,13,7.7,0,15,0,0,15.4,69.2,100,0,0,0,1,2,9,13,13,0,2,3,0,0,15.4,23.1,0,0,0,2,2018
"Aaron Rodgers",2241,"QB","GB",1,12,0,0,12,1,1,16.7,16.7,75,0,0,2,0,2,2,12,9,0,1,3,2,2,8.3,25,0,16.7,16.7,2,2018
"Ryan Fitzpatrick",2467,"QB","TB",1,11,0,0,30,1,2,0,36.4,63.6,0,0,4,0,0,4,11,7,0,4,0,4,0,36.4,0,1,36.4,0,2,2018
"Tom Brady",698,"QB","NE",1,11,9.1,0,19,0,0,36.4,36.4,90.9,0,0,0,1,4,4,11,10,0,1,4,0,2,9.1,36.4,0,0,18.2,2,2018
"Cam Newton",6153,"QB","CAR",1,11,27.3,0,5,0,0,9.1,36.4,100,0,0,0,3,1,4,11,11,0,3,1,0,0,27.3,9.1,0,0,0,2,2018
"Russell Wilson",7077,"QB","SEA",1,11,9.1,0,29,0,1,18.2,18.2,72.7,9.1,0,2,1,2,2,11,8,1,1,3,2,0,9.1,27.3,1,18.2,0,2,2018
"Josh Allen",46601,"QB","BUF",1,10,10,0,4,0,1,0,20,70,20,0,1,1,0,2,10,7,2,1,2,1,1,10,20,0,10,10,2,2018
"Sam Bradford",5526,"QB","ARZ",1,10,40,0,1,0,1,10,40,80,10,0,1,4,1,4,10,8,1,2,0,1,0,20,0,0,10,0,2,2018
"Andrew Luck",7007,"QB","IND",1,9,11.1,0,14,0,0,11.1,55.6,88.9,11.1,0,0,1,1,5,9,8,1,0,4,0,0,0,44.4,0,0,0,2,2018
"Andy Dalton",6187,"QB","CIN",1,9,11.1,0,7,0,0,33.3,0,100,0,0,0,1,3,0,9,9,0,5,1,0,0,55.6,11.1,0,0,0,2,2018
"Jimmy Garoppolo",8697,"QB","SF",1,9,33.3,0,28,0,0,33.3,11.1,77.8,11.1,0,2,3,3,1,9,7,1,0,2,2,1,0,22.2,2,22.2,11.1,2,2018
"Jared Goff",10635,"QB","LA",1,9,33.3,0,26,0,1,11.1,0,66.7,11.1,0,2,3,1,0,9,6,1,1,1,2,1,11.1,11.1,1,22.2,11.1,2,2018
"Alex Smith",2218,"QB","WAS",1,9,11.1,0,32,0,0,66.7,22.2,100,0,0,0,1,6,2,9,9,0,1,2,0,0,11.1,22.2,0,0,0,2,2018
"Philip Rivers",1725,"QB","LAC",1,9,0,0,27,0,0,0,44.4,100,0,0,0,0,0,4,9,9,0,2,4,0,0,22.2,44.4,0,0,0,2,2018
"Dak Prescott",10769,"QB","DAL",1,8,12.5,0,9,0,0,0,0,87.5,12.5,0,0,1,0,0,8,7,1,1,3,0,2,12.5,37.5,0,0,25,2,2018
"Case Keenum",7323,"QB","DEN",1,8,0,0,10,2,0,0,12.5,50,25,0,2,0,0,1,8,4,2,1,1,2,1,12.5,12.5,0,25,12.5,2,2018
"Ryan Tannehill",7014,"QB","MIA",1,7,28.6,0,17,0,0,14.3,14.3,100,-14.3,0,0,2,1,1,7,7,-1,1,3,0,1,14.3,42.9,0,0,14.3,2,2018
"Tyrod Taylor",6332,"QB","CLV",1,6,33.3,0,8,0,0,0,33.3,83.3,0,0,2,2,0,2,6,5,0,0,2,2,0,0,33.3,2,33.3,0,2,2018
"Drew Brees",802,"QB","NO",1,6,50,0,20,0,0,0,33.3,100,0,0,0,3,0,2,6,6,0,0,0,0,1,0,0,0,0,16.7,2,2018
"Derek Carr",8671,"QB","OAK",1,6,0,0,23,0,1,0,16.7,83.3,-16.7,0,1,0,0,1,6,5,-1,1,3,1,1,16.7,50,0,16.7,16.7,2,2018
"Mitchell Trubisky",11757,"QB","CHI",1,5,0,0,6,0,1,0,40,80,0,0,1,0,0,2,5,4,0,0,1,1,1,0,20,0,20,20,2,2018
"Patrick Mahomes",11765,"QB","KC",1,5,20,0,16,0,0,20,40,80,0,0,1,1,1,2,5,4,0,1,0,1,0,20,0,1,20,0,2,2018
"Matt Ryan",4317,"QB","ATL",1,5,0,0,2,0,0,20,0,100,0,0,0,0,1,0,5,5,0,2,1,0,1,40,20,0,0,20,2,2018
"Blaine Gabbert",6162,"QB","TEN",1,3,0,0,31,0,0,0,66.7,100,0,0,0,0,0,2,3,3,0,1,0,0,0,33.3,0,0,0,0,2,2018
"Kirk Cousins",7102,"QB","MIN",1,29,6.9,0,18,0,1,6.9,41.4,89.7,6.9,0,1,2,2,12,29,26,2,8,5,1,1,27.6,17.2,0,3.4,3.4,3,2018
"Ryan Fitzpatrick",2467,"QB","TB",1,21,23.8,0,30,2,1,9.5,14.3,81,4.8,0,3,5,2,3,21,17,1,5,2,3,1,23.8,9.5,0,14.3,4.8,3,2018
"Andrew Luck",7007,"QB","IND",1,18,5.6,0,14,1,1,16.7,11.1,88.9,0,0,2,1,3,2,18,16,0,3,11,2,0,16.7,61.1,0,11.1,0,3,2018
"Deshaun Watson",11767,"QB","HST",1,18,16.7,0,13,0,0,5.6,44.4,100,0,0,0,3,1,8,18,18,0,2,5,0,1,11.1,27.8,0,0,5.6,3,2018
"Aaron Rodgers",2241,"QB","GB",1,16,0,0,12,0,3,31.3,12.5,87.5,-6.3,0,3,0,5,2,16,14,-1,5,3,3,1,31.3,18.8,0,18.8,6.3,3,2018
"Case Keenum",7323,"QB","DEN",1,16,6.3,0,10,2,0,18.8,31.3,81.3,6.3,0,2,1,3,5,16,13,1,1,2,2,2,6.3,12.5,0,12.5,12.5,3,2018
"Philip Rivers",1725,"QB","LAC",1,15,6.7,0,27,0,0,46.7,0,93.3,0,0,1,1,7,0,15,14,0,3,5,1,0,20,33.3,1,6.7,0,3,2018
"Jimmy Garoppolo",8697,"QB","SF",1,13,7.7,0,28,0,0,15.4,23.1,84.6,7.7,0,1,1,2,3,13,11,1,3,4,1,0,23.1,30.8,1,7.7,0,3,2018
"Patrick Mahomes",11765,"QB","KC",1,12,8.3,0,16,2,1,0,41.7,75,0,0,4,1,0,5,12,9,0,5,1,4,0,41.7,8.3,1,33.3,0,3,2018
"Andy Dalton",6187,"QB","CIN",1,12,8.3,0,7,0,0,16.7,66.7,100,-8.3,0,0,1,2,8,12,12,-1,2,1,0,2,16.7,8.3,0,0,16.7,3,2018
"Ben Roethlisberger",1732,"QB","PIT",1,12,16.7,0,25,1,1,25,8.3,75,8.3,0,3,2,3,1,12,9,1,3,2,3,0,25,16.7,1,25,0,3,2018
"Dak Prescott",10769,"QB","DAL",1,12,8.3,0,9,0,0,25,16.7,75,8.3,0,2,1,3,2,12,9,1,3,2,2,0,25,16.7,2,16.7,0,3,2018
"Cam Newton",6153,"QB","CAR",1,12,16.7,0,5,0,0,25,33.3,100,0,0,0,2,3,4,12,12,0,3,1,0,0,25,8.3,0,0,0,3,2018
"Sam Darnold",29048,"QB","NYJ",1,11,27.3,0,22,0,1,0,0,72.7,9.1,0,2,3,0,0,11,8,1,3,2,2,1,27.3,18.2,1,18.2,9.1,3,2018
"Drew Brees",802,"QB","NO",1,11,0,0,20,0,2,27.3,9.1,72.7,9.1,0,2,0,3,1,11,8,1,2,1,2,1,18.2,9.1,0,18.2,9.1,3,2018
"Carson Wentz",10636,"QB","PHI",1,10,30,0,24,0,0,0,10,100,0,0,0,3,0,1,10,10,0,2,5,0,0,20,50,0,0,0,3,2018
"Sam Bradford",5526,"QB","ARZ",1,10,20,0,1,0,0,30,0,100,0,0,0,2,3,0,10,10,0,4,5,0,0,40,50,0,0,0,3,2018
"Matt Ryan",4317,"QB","ATL",1,10,10,0,2,0,0,30,20,90,10,0,0,1,3,2,10,9,1,2,3,0,0,20,30,0,0,0,3,2018
"Derek Carr",8671,"QB","OAK",1,9,0,0,23,0,0,0,22.2,100,0,0,0,0,0,2,9,9,0,2,5,0,1,22.2,55.6,0,0,11.1,3,2018
"Russell Wilson",7077,"QB","SEA",1,9,11.1,0,29,0,1,22.2,11.1,66.7,11.1,0,2,1,2,1,9,6,1,1,2,2,0,11.1,22.2,1,22.2,0,3,2018
"Mitchell Trubisky",11757,"QB","CHI",1,8,0,0,6,0,0,12.5,0,75,0,0,2,0,1,0,8,6,0,2,4,2,0,25,50,2,25,0,3,2018
"Eli Manning",1722,"QB","NYG",1,8,0,0,21,0,0,0,0,75,25,0,0,0,0,0,8,6,2,1,5,0,0,12.5,62.5,0,0,0,3,2018
"Blake Bortles",8638,"QB","JAX",1,8,12.5,0,15,0,1,12.5,0,75,12.5,0,1,1,1,0,8,6,1,1,1,1,2,12.5,12.5,0,12.5,25,3,2018
"Tom Brady",698,"QB","NE",1,7,0,0,19,0,0,0,28.6,85.7,0,0,1,0,0,2,7,6,0,1,3,1,0,14.3,42.9,1,14.3,0,3,2018
"Alex Smith",2218,"QB","WAS",1,7,28.6,0,32,0,1,28.6,0,85.7,0,0,1,2,2,0,7,6,0,3,1,1,0,42.9,14.3,0,14.3,0,3,2018
"Tyrod Taylor",6332,"QB","CLV",1,7,0,0,8,0,1,14.3,28.6,57.1,28.6,0,1,0,1,2,7,4,2,1,2,1,0,14.3,28.6,0,14.3,0,3,2018
"Baker Mayfield",46518,"QB","CLV",1,7,14.3,0,8,0,1,14.3,42.9,85.7,-14.3,0,1,1,1,3,7,6,-1,0,2,1,1,0,28.6,0,14.3,14.3,3,2018
"Joe Flacco",4332,"QB","BLT",1,6,0,0,3,0,0,50,33.3,100,-16.7,0,0,0,3,2,6,6,-1,0,2,0,1,0,33.3,0,0,16.7,3,2018
"Matthew Stafford",4924,"QB","DET",1,5,0,0,11,0,0,0,40,100,0,0,0,0,0,2,5,5,0,2,1,0,0,40,20,0,0,0,3,2018
"Josh Rosen",35460,"QB","ARZ",1,5,40,0,1,0,0,20,20,100,0,0,0,2,1,1,5,5,0,1,3,0,0,20,60,0,0,0,3,2018
"Ryan Tannehill",7014,"QB","MIA",1,5,0,0,17,0,0,20,20,100,-20,0,0,0,1,1,5,5,-1,1,1,0,2,20,20,0,0,40,3,2018
"Jared Goff",10635,"QB","LA",1,4,0,0,26,0,0,25,0,75,0,0,1,0,1,0,4,3,0,1,1,1,0,25,25,1,25,0,3,2018
"Josh Allen",46601,"QB","BUF",1,4,25,0,4,0,0,25,50,100,-25,0,0,1,1,2,4,4,-1,0,0,0,1,0,0,0,0,25,3,2018
"Marcus Mariota",9435,"QB","TEN",1,4,50,0,31,0,0,0,25,100,0,0,0,2,0,1,4,4,0,1,1,0,0,25,25,0,0,0,3,2018
"Jacoby Brissett",10725,"QB","IND",1,1,0,0,14,0,0,0,0,100,0,0,0,0,0,0,1,1,0,0,1,0,0,0,100,0,0,0,3,2018
"Blaine Gabbert",6162,"QB","TEN",1,1,0,0,31,0,0,0,0,0,0,0,1,0,0,0,1,0,0,0,0,1,0,0,0,1,100,0,3,2018
"Keenan Allen",7857,"WR","LAC",1,1,0,0,27,0,0,0,0,0,100,0,1,0,0,0,1,0,1,0,0,0,0,0,0,1,0,0,3,2018
"Kirk Cousins",7102,"QB","MIN",1,24,20.8,0,18,0,1,29.2,16.7,95.8,0,0,1,5,7,4,24,23,0,8,5,1,0,33.3,20.8,0,4.2,0,4,2018
"Andrew Luck",7007,"QB","IND",1,17,0,0,14,2,1,23.5,17.6,82.4,-5.9,0,3,0,4,3,17,14,-1,1,7,3,1,5.9,41.2,0,17.6,5.9,4,2018
"Josh Allen",46601,"QB","BUF",1,17,5.9,0,4,1,2,11.8,5.9,82.4,0,0,3,1,2,1,17,14,0,7,4,3,0,41.2,23.5,0,17.6,0,4,2018
"Marcus Mariota",9435,"QB","TEN",1,17,17.6,0,31,0,0,29.4,17.6,94.1,5.9,0,0,3,5,3,17,16,1,4,3,0,3,23.5,17.6,0,0,17.6,4,2018
"Derek Carr",8671,"QB","OAK",1,17,11.8,0,23,1,0,0,41.2,82.4,11.8,0,1,2,0,7,17,14,2,4,5,1,0,23.5,29.4,0,5.9,0,4,2018
"Case Keenum",7323,"QB","DEN",1,15,6.7,0,10,1,0,13.3,13.3,93.3,6.7,0,2,1,2,2,15,14,1,3,7,2,0,20,46.7,1,13.3,0,4,2018
"C.J. Beathard",11859,"QB","SF",1,15,13.3,0,28,0,1,26.7,33.3,86.7,0,0,1,2,4,5,15,13,0,0,2,1,2,0,13.3,0,6.7,13.3,4,2018
"Carson Wentz",10636,"QB","PHI",1,14,7.1,0,24,0,2,21.4,28.6,78.6,0,0,2,1,3,4,14,11,0,2,4,2,1,14.3,28.6,0,14.3,7.1,4,2018
"Deshaun Watson",11767,"QB","HST",1,14,0,0,13,0,0,7.1,57.1,85.7,0,0,3,0,1,8,14,12,0,1,3,3,1,7.1,21.4,3,21.4,7.1,4,2018
"Josh Rosen",35460,"QB","ARZ",1,13,7.7,0,1,0,1,23.1,15.4,84.6,7.7,0,1,1,3,2,13,11,1,4,4,1,0,30.8,30.8,0,7.7,0,4,2018
"Blake Bortles",8638,"QB","JAX",1,13,15.4,0,15,0,1,15.4,0,76.9,15.4,0,1,2,2,0,13,10,2,6,1,1,0,46.2,7.7,0,7.7,0,4,2018
"Philip Rivers",1725,"QB","LAC",1,12,0,0,27,0,1,41.7,16.7,91.7,8.3,0,1,0,5,2,12,11,1,1,4,1,0,8.3,33.3,0,8.3,0,4,2018
"Tom Brady",698,"QB","NE",1,12,8.3,0,19,0,0,16.7,41.7,91.7,8.3,0,0,1,2,5,12,11,1,1,4,0,0,8.3,33.3,0,0,0,4,2018
"Matt Ryan",4317,"QB","ATL",1,12,25,0,2,0,0,8.3,33.3,100,0,0,0,3,1,4,12,12,0,4,1,0,0,33.3,8.3,0,0,0,4,2018
"Sam Darnold",29048,"QB","NYJ",1,12,16.7,0,22,0,1,16.7,16.7,58.3,25,0,2,2,2,2,12,7,3,1,2,2,0,8.3,16.7,1,16.7,0,4,2018
"Andy Dalton",6187,"QB","CIN",1,11,0,0,7,0,0,0,54.5,90.9,0,0,1,0,0,6,11,10,0,4,3,1,0,36.4,27.3,1,9.1,0,4,2018
"Patrick Mahomes",11765,"QB","KC",1,11,9.1,0,16,0,2,9.1,27.3,81.8,0,0,3,1,1,3,11,9,0,4,1,3,1,36.4,9.1,1,27.3,9.1,4,2018
"Eli Manning",1722,"QB","NYG",1,11,18.2,0,21,0,0,0,18.2,90.9,9.1,0,0,2,0,2,11,10,1,4,4,0,1,36.4,36.4,0,0,9.1,4,2018
"Ben Roethlisberger",1732,"QB","PIT",1,10,0,0,25,1,0,20,20,70,20,0,1,0,2,2,10,7,2,0,3,1,1,0,30,0,10,10,4,2018
"Joe Flacco",4332,"QB","BLT",1,8,12.5,0,3,0,0,25,12.5,75,12.5,0,1,1,2,1,8,6,1,1,1,1,0,12.5,12.5,1,12.5,0,4,2018
"Drew Brees",802,"QB","NO",1,8,25,0,20,1,1,37.5,0,75,0,0,2,2,3,0,8,6,0,1,1,2,0,12.5,12.5,0,25,0,4,2018
"Jared Goff",10635,"QB","LA",1,8,12.5,0,26,0,0,12.5,25,87.5,0,0,1,1,1,2,8,7,0,3,4,1,0,37.5,50,1,12.5,0,4,2018
"Ryan Tannehill",7014,"QB","MIA",1,7,42.9,0,17,0,0,28.6,28.6,100,0,0,0,3,2,2,7,7,0,1,0,0,1,14.3,0,0,0,14.3,4,2018
"Ryan Fitzpatrick",2467,"QB","TB",1,6,0,0,30,0,1,16.7,0,83.3,0,0,1,0,1,0,6,5,0,2,2,1,0,33.3,33.3,0,16.7,0,4,2018
"Matthew Stafford",4924,"QB","DET",1,6,16.7,0,11,0,0,0,16.7,83.3,16.7,0,0,1,0,1,6,5,1,2,4,0,0,33.3,66.7,0,0,0,4,2018
"Russell Wilson",7077,"QB","SEA",1,6,0,0,29,0,1,0,16.7,50,33.3,0,1,0,0,1,6,3,2,1,1,1,0,16.7,16.7,0,16.7,0,4,2018
"Dak Prescott",10769,"QB","DAL",1,6,16.7,0,9,0,1,16.7,0,33.3,16.7,0,4,1,1,0,6,2,1,0,0,4,0,0,0,3,66.7,0,4,2018
"Jameis Winston",9434,"QB","TB",1,5,0,0,30,0,0,20,40,80,0,0,1,0,1,2,5,4,0,1,1,1,0,20,20,1,20,0,4,2018
"Baker Mayfield",46518,"QB","CLV",1,5,0,0,8,0,0,20,20,100,0,0,0,0,1,1,5,5,0,1,1,0,1,20,20,0,0,20,4,2018
"Aaron Rodgers",2241,"QB","GB",1,4,0,0,12,0,0,25,25,100,0,0,0,0,1,1,4,4,0,2,0,0,0,50,0,0,0,0,4,2018
"Mitchell Trubisky",11757,"QB","CHI",1,2,50,0,6,0,0,0,0,100,0,0,0,1,0,0,2,2,0,0,1,0,1,0,50,0,0,50,4,2018
"Brock Osweiler",7059,"QB","MIA",1,2,0,0,17,0,0,0,0,100,-50,0,0,0,0,0,2,2,-1,0,2,0,1,0,100,0,0,50,4,2018
"Blake Bortles",8638,"QB","JAX",1,24,4.2,0,15,0,3,0,45.8,83.3,4.2,0,3,1,0,11,24,20,1,4,8,3,0,16.7,33.3,0,12.5,0,5,2018
"Deshaun Watson",11767,"QB","HST",1,19,10.5,0,13,2,0,21.1,31.6,84.2,5.3,0,3,2,4,6,19,16,1,1,3,3,1,5.3,15.8,1,15.8,5.3,5,2018
"Baker Mayfield",46518,"QB","CLV",1,17,11.8,0,8,0,0,5.9,41.2,88.2,0,0,2,2,1,7,17,15,0,1,6,2,1,5.9,35.3,2,11.8,5.9,5,2018
"Joe Flacco",4332,"QB","BLT",1,16,37.5,0,3,0,0,18.8,6.3,93.8,6.3,0,1,6,3,1,16,15,1,2,5,1,0,12.5,31.3,1,6.3,0,5,2018
"Eli Manning",1722,"QB","NYG",1,15,26.7,0,21,1,2,13.3,13.3,80,0,0,3,4,2,2,15,12,0,6,2,3,0,40,13.3,0,20,0,5,2018
"Kirk Cousins",7102,"QB","MIN",1,15,13.3,0,18,2,1,6.7,13.3,80,-6.7,0,3,2,1,2,15,12,-1,2,7,3,2,13.3,46.7,0,20,13.3,5,2018
"Ryan Tannehill",7014,"QB","MIA",1,15,6.7,0,17,1,0,40,26.7,93.3,0,0,1,1,6,4,15,14,0,3,2,1,0,20,13.3,0,6.7,0,5,2018
"Case Keenum",7323,"QB","DEN",1,14,0,0,10,1,1,21.4,21.4,92.9,0,0,2,0,3,3,14,13,0,6,2,2,0,42.9,14.3,0,14.3,0,5,2018
"Carson Wentz",10636,"QB","PHI",1,14,0,0,24,0,0,35.7,35.7,92.9,7.1,0,0,0,5,5,14,13,1,1,4,0,0,7.1,28.6,0,0,0,5,2018
"Matthew Stafford",4924,"QB","DET",1,13,23.1,0,11,1,0,15.4,15.4,92.3,-7.7,0,1,3,2,2,13,12,-1,5,4,1,1,38.5,30.8,0,7.7,7.7,5,2018
"Andrew Luck",7007,"QB","IND",1,13,15.4,0,14,0,1,23.1,30.8,92.3,0,0,1,2,3,4,13,12,0,1,1,1,1,7.7,7.7,0,7.7,7.7,5,2018
"Aaron Rodgers",2241,"QB","GB",1,13,7.7,0,12,1,0,15.4,7.7,76.9,0,0,3,1,2,1,13,10,0,3,3,3,0,23.1,23.1,2,23.1,0,5,2018
"Derek Carr",8671,"QB","OAK",1,13,0,0,23,0,1,7.7,61.5,84.6,7.7,0,1,0,1,8,13,11,1,1,4,1,1,7.7,30.8,0,7.7,7.7,5,2018
"Matt Ryan",4317,"QB","ATL",1,12,8.3,0,2,0,2,25,0,66.7,8.3,0,3,1,3,0,12,8,1,1,5,3,0,8.3,41.7,1,25,0,5,2018
"Andy Dalton",6187,"QB","CIN",1,11,27.3,0,7,0,0,18.2,27.3,81.8,18.2,0,0,3,2,3,11,9,2,5,0,0,0,45.5,0,0,0,0,5,2018
"Tom Brady",698,"QB","NE",1,10,0,0,19,0,2,30,30,70,10,0,2,0,3,3,10,7,1,0,2,2,0,0,20,0,20,0,5,2018
"Patrick Mahomes",11765,"QB","KC",1,10,0,0,16,1,0,20,40,90,0,0,2,0,2,4,10,9,0,2,2,2,0,20,20,1,20,0,5,2018
"C.J. Beathard",11859,"QB","SF",1,9,11.1,0,28,0,1,11.1,11.1,44.4,22.2,0,2,1,1,1,9,4,2,0,1,2,1,0,11.1,1,22.2,11.1,5,2018
"Alex Smith",2218,"QB","WAS",1,9,11.1,0,32,0,0,22.2,33.3,88.9,11.1,0,0,1,2,3,9,8,1,1,3,0,0,11.1,33.3,0,0,0,5,2018
"Dak Prescott",10769,"QB","DAL",1,8,12.5,0,9,0,0,25,37.5,75,12.5,0,0,1,2,3,8,6,1,1,1,0,1,12.5,12.5,0,0,12.5,5,2018
"Marcus Mariota",9435,"QB","TEN",1,8,12.5,0,31,1,0,25,37.5,87.5,-12.5,0,1,1,2,3,8,7,-1,1,0,1,1,12.5,0,0,12.5,12.5,5,2018
"Josh Rosen",35460,"QB","ARZ",1,8,12.5,0,1,0,0,37.5,0,87.5,0,0,1,1,3,0,8,7,0,2,2,1,0,25,25,1,12.5,0,5,2018
"Philip Rivers",1725,"QB","LAC",1,7,0,0,27,0,1,0,14.3,85.7,0,0,1,0,0,1,7,6,0,2,4,1,0,28.6,57.1,0,14.3,0,5,2018
"Ben Roethlisberger",1732,"QB","PIT",1,6,16.7,0,25,1,0,0,0,83.3,0,0,1,1,0,0,6,5,0,3,1,1,0,50,16.7,0,16.7,0,5,2018
"Jared Goff",10635,"QB","LA",1,6,0,0,26,0,0,0,50,83.3,16.7,0,0,0,0,3,6,5,1,1,1,0,0,16.7,16.7,0,0,0,5,2018
"Russell Wilson",7077,"QB","SEA",1,5,0,0,29,0,0,20,0,60,40,0,0,0,1,0,5,3,2,0,0,0,2,0,0,0,0,40,5,2018
"Josh Allen",46601,"QB","BUF",1,5,20,0,4,0,0,20,20,80,0,0,1,1,1,1,5,4,0,0,1,1,0,0,20,1,20,0,5,2018
"Sam Darnold",29048,"QB","NYJ",1,5,40,0,22,0,0,20,20,100,-20,0,0,2,1,1,5,5,-1,0,1,0,1,0,20,0,0,20,5,2018
"Drew Brees",802,"QB","NO",1,4,0,0,20,0,0,25,50,100,0,0,0,0,1,2,4,4,0,0,0,0,1,0,0,0,0,25,5,2018
"Cam Newton",6153,"QB","CAR",1,3,0,0,5,0,0,0,33.3,66.7,33.3,0,0,0,0,1,3,2,1,1,0,0,0,33.3,0,0,0,0,5,2018
"Odell Beckham Jr.",8647,"WR","NYG",1,1,0,0,21,0,0,0,0,0,100,0,0,0,0,0,1,0,1,0,0,0,0,0,0,0,0,0,5,2018
"Corey Bojorquez",27626,"P","BUF",1,1,0,0,4,1,0,0,0,0,100,0,1,0,0,0,1,0,1,0,0,0,0,0,0,0,0,0,5,2018
"Eli Manning",1722,"QB","NYG",1,18,16.7,0,21,0,1,16.7,22.2,94.4,0,0,1,3,3,4,18,17,0,5,5,1,0,27.8,27.8,0,5.6,0,6,2018
"Deshaun Watson",11767,"QB","HST",1,16,0,0,13,0,1,6.3,56.3,81.3,6.3,0,2,0,1,9,16,13,1,3,2,2,2,18.8,12.5,1,12.5,12.5,6,2018
"Alex Smith",2218,"QB","WAS",1,16,31.3,0,32,0,0,25,31.3,87.5,6.3,0,1,5,4,5,16,14,1,0,2,1,0,0,12.5,1,6.3,0,6,2018
"Case Keenum",7323,"QB","DEN",1,15,0,0,10,0,1,33.3,13.3,86.7,0,0,2,0,5,2,15,13,0,8,0,2,0,53.3,0,1,13.3,0,6,2018
"Baker Mayfield",46518,"QB","CLV",1,15,0,0,8,1,2,13.3,33.3,60,13.3,0,4,0,2,5,15,9,2,0,2,4,0,0,13.3,1,26.7,0,6,2018
"Blake Bortles",8638,"QB","JAX",1,13,7.7,0,15,0,0,15.4,30.8,92.3,7.7,0,0,1,2,4,13,12,1,3,4,0,0,23.1,30.8,0,0,0,6,2018
"Aaron Rodgers",2241,"QB","GB",1,13,7.7,0,12,0,1,38.5,0,84.6,-7.7,0,2,1,5,0,13,11,-1,2,4,2,1,15.4,30.8,1,15.4,7.7,6,2018
"Cam Newton",6153,"QB","CAR",1,13,0,0,5,0,2,7.7,46.2,92.3,0,0,2,0,1,6,13,12,0,3,2,2,0,23.1,15.4,0,15.4,0,6,2018
"Derek Carr",8671,"QB","OAK",1,13,0,0,23,0,0,30.8,53.8,100,-7.7,0,0,0,4,7,13,13,-1,1,3,0,1,7.7,23.1,0,0,7.7,6,2018
"Marcus Mariota",9435,"QB","TEN",1,13,30.8,0,31,0,0,7.7,15.4,69.2,15.4,0,3,4,1,2,13,9,2,4,0,3,0,30.8,0,3,23.1,0,6,2018
"Jameis Winston",9434,"QB","TB",1,12,16.7,0,30,0,1,8.3,0,91.7,0,0,1,2,1,0,12,11,0,7,2,1,0,58.3,16.7,0,8.3,0,6,2018
"Dak Prescott",10769,"QB","DAL",1,12,16.7,0,9,0,0,41.7,25,100,0,0,0,2,5,3,12,12,0,1,4,0,0,8.3,33.3,0,0,0,6,2018
"Ben Roethlisberger",1732,"QB","PIT",1,12,16.7,0,25,1,2,41.7,0,75,8.3,0,3,2,5,0,12,9,1,1,2,3,0,8.3,16.7,0,25,0,6,2018
"Andy Dalton",6187,"QB","CIN",1,11,27.3,0,7,0,1,18.2,18.2,90.9,0,0,1,3,2,2,11,10,0,5,1,1,1,45.5,9.1,0,9.1,9.1,6,2018
"Andrew Luck",7007,"QB","IND",1,11,9.1,0,14,1,0,0,36.4,90.9,0,0,1,1,0,4,11,10,0,3,2,1,0,27.3,18.2,0,9.1,0,6,2018
"Kirk Cousins",7102,"QB","MIN",1,10,10,0,18,0,1,10,40,100,0,0,1,1,1,4,10,10,0,3,2,1,0,30,20,0,10,0,6,2018
"Jared Goff",10635,"QB","LA",1,10,0,0,26,0,0,20,20,90,0,0,1,0,2,2,10,9,0,2,2,1,2,20,20,1,10,20,6,2018
"C.J. Beathard",11859,"QB","SF",1,10,60,0,28,0,0,10,0,90,10,0,0,6,1,0,10,9,1,3,0,0,1,30,0,0,0,10,6,2018
"Carson Wentz",10636,"QB","PHI",1,10,0,0,24,0,1,30,50,90,0,0,1,0,3,5,10,9,0,1,2,1,0,10,20,0,10,0,6,2018
"Tom Brady",698,"QB","NE",1,9,11.1,0,19,0,0,11.1,22.2,88.9,0,0,1,1,1,2,9,8,0,0,4,1,0,0,44.4,1,11.1,0,6,2018
"Matt Ryan",4317,"QB","ATL",1,9,0,0,2,1,0,33.3,33.3,88.9,-22.2,0,1,0,3,3,9,8,-2,2,0,1,2,22.2,0,0,11.1,22.2,6,2018
"Josh Rosen",35460,"QB","ARZ",1,8,25,0,1,0,0,12.5,62.5,100,-12.5,0,0,2,1,5,8,8,-1,1,0,0,1,12.5,0,0,0,12.5,6,2018
"Patrick Mahomes",11765,"QB","KC",1,7,0,0,16,1,2,0,42.9,42.9,14.3,0,3,0,0,3,7,3,1,0,0,3,0,0,0,0,42.9,0,6,2018
"Brock Osweiler",7059,"QB","MIA",1,7,28.6,0,17,0,1,0,14.3,57.1,28.6,0,1,2,0,1,7,4,2,1,1,1,0,14.3,14.3,0,14.3,0,6,2018
"Josh Allen",46601,"QB","BUF",1,7,0,0,4,0,0,0,14.3,42.9,42.9,0,1,0,0,1,7,3,3,1,2,1,0,14.3,28.6,1,14.3,0,6,2018
"Mitchell Trubisky",11757,"QB","CHI",1,6,0,0,6,1,0,16.7,33.3,83.3,0,0,1,0,1,2,6,5,0,2,1,1,0,33.3,16.7,0,16.7,0,6,2018
"Sam Darnold",29048,"QB","NYJ",1,6,33.3,0,22,0,1,16.7,0,66.7,0,0,2,2,1,0,6,4,0,1,0,2,1,16.7,0,1,33.3,16.7,6,2018
"Philip Rivers",1725,"QB","LAC",1,6,16.7,0,27,0,0,0,50,100,0,0,0,1,0,3,6,6,0,1,3,0,0,16.7,50,0,0,0,6,2018
"Russell Wilson",7077,"QB","SEA",1,5,0,0,29,1,0,20,0,60,0,0,2,0,1,0,5,3,0,1,0,2,1,20,0,1,40,20,6,2018
"Joe Flacco",4332,"QB","BLT",1,5,40,0,3,0,0,20,20,80,20,0,0,2,1,1,5,4,1,0,1,0,0,0,20,0,0,0,6,2018
"Nathan Peterman",11926,"QB","BUF",1,2,0,0,4,0,0,50,0,100,0,0,0,0,1,0,2,2,0,0,0,0,1,0,0,0,0,50,6,2018
"Blake Bortles",8638,"QB","JAX",1,24,4.2,0,15,0,3,0,45.8,83.3,4.2,0,3,1,0,11,24,20,1,4,8,3,0,16.7,33.3,0,12.5,0,5,2018
"Deshaun Watson",11767,"QB","HST",1,19,10.5,0,13,2,0,21.1,31.6,84.2,5.3,0,3,2,4,6,19,16,1,1,3,3,1,5.3,15.8,1,15.8,5.3,5,2018
"Baker Mayfield",46518,"QB","CLV",1,17,11.8,0,8,0,0,5.9,41.2,88.2,0,0,2,2,1,7,17,15,0,1,6,2,1,5.9,35.3,2,11.8,5.9,5,2018
"Joe Flacco",4332,"QB","BLT",1,16,37.5,0,3,0,0,18.8,6.3,93.8,6.3,0,1,6,3,1,16,15,1,2,5,1,0,12.5,31.3,1,6.3,0,5,2018
"Eli Manning",1722,"QB","NYG",1,15,26.7,0,21,1,2,13.3,13.3,80,0,0,3,4,2,2,15,12,0,6,2,3,0,40,13.3,0,20,0,5,2018
"Kirk Cousins",7102,"QB","MIN",1,15,13.3,0,18,2,1,6.7,13.3,80,-6.7,0,3,2,1,2,15,12,-1,2,7,3,2,13.3,46.7,0,20,13.3,5,2018
"Ryan Tannehill",7014,"QB","MIA",1,15,6.7,0,17,1,0,40,26.7,93.3,0,0,1,1,6,4,15,14,0,3,2,1,0,20,13.3,0,6.7,0,5,2018
"Case Keenum",7323,"QB","DEN",1,14,0,0,10,1,1,21.4,21.4,92.9,0,0,2,0,3,3,14,13,0,6,2,2,0,42.9,14.3,0,14.3,0,5,2018
"Carson Wentz",10636,"QB","PHI",1,14,0,0,24,0,0,35.7,35.7,92.9,7.1,0,0,0,5,5,14,13,1,1,4,0,0,7.1,28.6,0,0,0,5,2018
"Matthew Stafford",4924,"QB","DET",1,13,23.1,0,11,1,0,15.4,15.4,92.3,-7.7,0,1,3,2,2,13,12,-1,5,4,1,1,38.5,30.8,0,7.7,7.7,5,2018
"Andrew Luck",7007,"QB","IND",1,13,15.4,0,14,0,1,23.1,30.8,92.3,0,0,1,2,3,4,13,12,0,1,1,1,1,7.7,7.7,0,7.7,7.7,5,2018
"Aaron Rodgers",2241,"QB","GB",1,13,7.7,0,12,1,0,15.4,7.7,76.9,0,0,3,1,2,1,13,10,0,3,3,3,0,23.1,23.1,2,23.1,0,5,2018
"Derek Carr",8671,"QB","OAK",1,13,0,0,23,0,1,7.7,61.5,84.6,7.7,0,1,0,1,8,13,11,1,1,4,1,1,7.7,30.8,0,7.7,7.7,5,2018
"Matt Ryan",4317,"QB","ATL",1,12,8.3,0,2,0,2,25,0,66.7,8.3,0,3,1,3,0,12,8,1,1,5,3,0,8.3,41.7,1,25,0,5,2018
"Andy Dalton",6187,"QB","CIN",1,11,27.3,0,7,0,0,18.2,27.3,81.8,18.2,0,0,3,2,3,11,9,2,5,0,0,0,45.5,0,0,0,0,5,2018
"Tom Brady",698,"QB","NE",1,10,0,0,19,0,2,30,30,70,10,0,2,0,3,3,10,7,1,0,2,2,0,0,20,0,20,0,5,2018
"Patrick Mahomes",11765,"QB","KC",1,10,0,0,16,1,0,20,40,90,0,0,2,0,2,4,10,9,0,2,2,2,0,20,20,1,20,0,5,2018
"C.J. Beathard",11859,"QB","SF",1,9,11.1,0,28,0,1,11.1,11.1,44.4,22.2,0,2,1,1,1,9,4,2,0,1,2,1,0,11.1,1,22.2,11.1,5,2018
"Alex Smith",2218,"QB","WAS",1,9,11.1,0,32,0,0,22.2,33.3,88.9,11.1,0,0,1,2,3,9,8,1,1,3,0,0,11.1,33.3,0,0,0,5,2018
"Dak Prescott",10769,"QB","DAL",1,8,12.5,0,9,0,0,25,37.5,75,12.5,0,0,1,2,3,8,6,1,1,1,0,1,12.5,12.5,0,0,12.5,5,2018
"Marcus Mariota",9435,"QB","TEN",1,8,12.5,0,31,1,0,25,37.5,87.5,-12.5,0,1,1,2,3,8,7,-1,1,0,1,1,12.5,0,0,12.5,12.5,5,2018
"Josh Rosen",35460,"QB","ARZ",1,8,12.5,0,1,0,0,37.5,0,87.5,0,0,1,1,3,0,8,7,0,2,2,1,0,25,25,1,12.5,0,5,2018
"Philip Rivers",1725,"QB","LAC",1,7,0,0,27,0,1,0,14.3,85.7,0,0,1,0,0,1,7,6,0,2,4,1,0,28.6,57.1,0,14.3,0,5,2018
"Ben Roethlisberger",1732,"QB","PIT",1,6,16.7,0,25,1,0,0,0,83.3,0,0,1,1,0,0,6,5,0,3,1,1,0,50,16.7,0,16.7,0,5,2018
"Jared Goff",10635,"QB","LA",1,6,0,0,26,0,0,0,50,83.3,16.7,0,0,0,0,3,6,5,1,1,1,0,0,16.7,16.7,0,0,0,5,2018
"Russell Wilson",7077,"QB","SEA",1,5,0,0,29,0,0,20,0,60,40,0,0,0,1,0,5,3,2,0,0,0,2,0,0,0,0,40,5,2018
"Josh Allen",46601,"QB","BUF",1,5,20,0,4,0,0,20,20,80,0,0,1,1,1,1,5,4,0,0,1,1,0,0,20,1,20,0,5,2018
"Sam Darnold",29048,"QB","NYJ",1,5,40,0,22,0,0,20,20,100,-20,0,0,2,1,1,5,5,-1,0,1,0,1,0,20,0,0,20,5,2018
"Drew Brees",802,"QB","NO",1,4,0,0,20,0,0,25,50,100,0,0,0,0,1,2,4,4,0,0,0,0,1,0,0,0,0,25,5,2018
"Cam Newton",6153,"QB","CAR",1,3,0,0,5,0,0,0,33.3,66.7,33.3,0,0,0,0,1,3,2,1,1,0,0,0,33.3,0,0,0,0,5,2018
"Odell Beckham Jr.",8647,"WR","NYG",1,1,0,0,21,0,0,0,0,0,100,0,0,0,0,0,1,0,1,0,0,0,0,0,0,0,0,0,5,2018
"Corey Bojorquez",27626,"P","BUF",1,1,0,0,4,1,0,0,0,0,100,0,1,0,0,0,1,0,1,0,0,0,0,0,0,0,0,0,5,2018
"Eli Manning",1722,"QB","NYG",1,18,16.7,0,21,0,1,16.7,22.2,94.4,0,0,1,3,3,4,18,17,0,5,5,1,0,27.8,27.8,0,5.6,0,6,2018
"Deshaun Watson",11767,"QB","HST",1,16,0,0,13,0,1,6.3,56.3,81.3,6.3,0,2,0,1,9,16,13,1,3,2,2,2,18.8,12.5,1,12.5,12.5,6,2018
"Alex Smith",2218,"QB","WAS",1,16,31.3,0,32,0,0,25,31.3,87.5,6.3,0,1,5,4,5,16,14,1,0,2,1,0,0,12.5,1,6.3,0,6,2018
"Case Keenum",7323,"QB","DEN",1,15,0,0,10,0,1,33.3,13.3,86.7,0,0,2,0,5,2,15,13,0,8,0,2,0,53.3,0,1,13.3,0,6,2018
"Baker Mayfield",46518,"QB","CLV",1,15,0,0,8,1,2,13.3,33.3,60,13.3,0,4,0,2,5,15,9,2,0,2,4,0,0,13.3,1,26.7,0,6,2018
"Blake Bortles",8638,"QB","JAX",1,13,7.7,0,15,0,0,15.4,30.8,92.3,7.7,0,0,1,2,4,13,12,1,3,4,0,0,23.1,30.8,0,0,0,6,2018
"Aaron Rodgers",2241,"QB","GB",1,13,7.7,0,12,0,1,38.5,0,84.6,-7.7,0,2,1,5,0,13,11,-1,2,4,2,1,15.4,30.8,1,15.4,7.7,6,2018
"Cam Newton",6153,"QB","CAR",1,13,0,0,5,0,2,7.7,46.2,92.3,0,0,2,0,1,6,13,12,0,3,2,2,0,23.1,15.4,0,15.4,0,6,2018
"Derek Carr",8671,"QB","OAK",1,13,0,0,23,0,0,30.8,53.8,100,-7.7,0,0,0,4,7,13,13,-1,1,3,0,1,7.7,23.1,0,0,7.7,6,2018
"Marcus Mariota",9435,"QB","TEN",1,13,30.8,0,31,0,0,7.7,15.4,69.2,15.4,0,3,4,1,2,13,9,2,4,0,3,0,30.8,0,3,23.1,0,6,2018
"Jameis Winston",9434,"QB","TB",1,12,16.7,0,30,0,1,8.3,0,91.7,0,0,1,2,1,0,12,11,0,7,2,1,0,58.3,16.7,0,8.3,0,6,2018
"Dak Prescott",10769,"QB","DAL",1,12,16.7,0,9,0,0,41.7,25,100,0,0,0,2,5,3,12,12,0,1,4,0,0,8.3,33.3,0,0,0,6,2018
"Ben Roethlisberger",1732,"QB","PIT",1,12,16.7,0,25,1,2,41.7,0,75,8.3,0,3,2,5,0,12,9,1,1,2,3,0,8.3,16.7,0,25,0,6,2018
"Andy Dalton",6187,"QB","CIN",1,11,27.3,0,7,0,1,18.2,18.2,90.9,0,0,1,3,2,2,11,10,0,5,1,1,1,45.5,9.1,0,9.1,9.1,6,2018
"Andrew Luck",7007,"QB","IND",1,11,9.1,0,14,1,0,0,36.4,90.9,0,0,1,1,0,4,11,10,0,3,2,1,0,27.3,18.2,0,9.1,0,6,2018
"Kirk Cousins",7102,"QB","MIN",1,10,10,0,18,0,1,10,40,100,0,0,1,1,1,4,10,10,0,3,2,1,0,30,20,0,10,0,6,2018
"Jared Goff",10635,"QB","LA",1,10,0,0,26,0,0,20,20,90,0,0,1,0,2,2,10,9,0,2,2,1,2,20,20,1,10,20,6,2018
"C.J. Beathard",11859,"QB","SF",1,10,60,0,28,0,0,10,0,90,10,0,0,6,1,0,10,9,1,3,0,0,1,30,0,0,0,10,6,2018
"Carson Wentz",10636,"QB","PHI",1,10,0,0,24,0,1,30,50,90,0,0,1,0,3,5,10,9,0,1,2,1,0,10,20,0,10,0,6,2018
"Tom Brady",698,"QB","NE",1,9,11.1,0,19,0,0,11.1,22.2,88.9,0,0,1,1,1,2,9,8,0,0,4,1,0,0,44.4,1,11.1,0,6,2018
"Matt Ryan",4317,"QB","ATL",1,9,0,0,2,1,0,33.3,33.3,88.9,-22.2,0,1,0,3,3,9,8,-2,2,0,1,2,22.2,0,0,11.1,22.2,6,2018
"Josh Rosen",35460,"QB","ARZ",1,8,25,0,1,0,0,12.5,62.5,100,-12.5,0,0,2,1,5,8,8,-1,1,0,0,1,12.5,0,0,0,12.5,6,2018
"Patrick Mahomes",11765,"QB","KC",1,7,0,0,16,1,2,0,42.9,42.9,14.3,0,3,0,0,3,7,3,1,0,0,3,0,0,0,0,42.9,0,6,2018
"Brock Osweiler",7059,"QB","MIA",1,7,28.6,0,17,0,1,0,14.3,57.1,28.6,0,1,2,0,1,7,4,2,1,1,1,0,14.3,14.3,0,14.3,0,6,2018
"Josh Allen",46601,"QB","BUF",1,7,0,0,4,0,0,0,14.3,42.9,42.9,0,1,0,0,1,7,3,3,1,2,1,0,14.3,28.6,1,14.3,0,6,2018
"Mitchell Trubisky",11757,"QB","CHI",1,6,0,0,6,1,0,16.7,33.3,83.3,0,0,1,0,1,2,6,5,0,2,1,1,0,33.3,16.7,0,16.7,0,6,2018
"Sam Darnold",29048,"QB","NYJ",1,6,33.3,0,22,0,1,16.7,0,66.7,0,0,2,2,1,0,6,4,0,1,0,2,1,16.7,0,1,33.3,16.7,6,2018
"Philip Rivers",1725,"QB","LAC",1,6,16.7,0,27,0,0,0,50,100,0,0,0,1,0,3,6,6,0,1,3,0,0,16.7,50,0,0,0,6,2018
"Russell Wilson",7077,"QB","SEA",1,5,0,0,29,1,0,20,0,60,0,0,2,0,1,0,5,3,0,1,0,2,1,20,0,1,40,20,6,2018
"Joe Flacco",4332,"QB","BLT",1,5,40,0,3,0,0,20,20,80,20,0,0,2,1,1,5,4,1,0,1,0,0,0,20,0,0,0,6,2018
"Nathan Peterman",11926,"QB","BUF",1,2,0,0,4,0,0,50,0,100,0,0,0,0,1,0,2,2,0,0,0,0,1,0,0,0,0,50,6,2018
"Josh Rosen",35460,"QB","ARZ",1,20,10,0,1,0,0,35,15,95,0,0,1,2,7,3,20,19,0,4,6,1,0,20,30,1,5,0,7,2018
"Jameis Winston",9434,"QB","TB",1,19,10.5,0,30,1,3,5.3,31.6,57.9,15.8,0,5,2,1,6,19,11,3,2,2,5,0,10.5,10.5,1,26.3,0,7,2018
"Brock Osweiler",7059,"QB","MIA",1,19,47.4,0,17,0,0,26.3,5.3,100,0,0,0,9,5,1,19,19,0,7,4,0,0,36.8,21.1,0,0,0,7,2018
"Dak Prescott",10769,"QB","DAL",1,18,22.2,0,9,0,3,5.6,16.7,72.2,0,0,5,4,1,3,18,13,0,1,6,5,1,5.6,33.3,2,27.8,5.6,7,2018
"Cam Newton",6153,"QB","CAR",1,16,31.3,0,5,0,1,18.8,25,93.8,0,0,1,5,3,4,16,15,0,4,4,1,0,25,25,0,6.3,0,7,2018
"Mitchell Trubisky",11757,"QB","CHI",1,16,25,0,6,0,1,18.8,18.8,87.5,6.3,0,1,4,3,3,16,14,1,3,4,1,0,18.8,25,0,6.3,0,7,2018
"Eli Manning",1722,"QB","NYG",1,15,20,0,21,0,0,26.7,20,86.7,6.7,0,1,3,4,3,15,13,1,2,6,1,0,13.3,40,1,6.7,0,7,2018
"Sam Darnold",29048,"QB","NYJ",1,13,15.4,0,22,0,1,15.4,23.1,76.9,7.7,0,2,2,2,3,13,10,1,3,1,2,1,23.1,7.7,1,15.4,7.7,7,2018
"Joe Flacco",4332,"QB","BLT",1,13,7.7,0,3,0,0,23.1,15.4,92.3,7.7,0,0,1,3,2,13,12,1,2,3,0,2,15.4,23.1,0,0,15.4,7,2018
"Deshaun Watson",11767,"QB","HST",1,12,8.3,0,13,0,0,25,33.3,100,0,0,0,1,3,4,12,12,0,3,3,0,2,25,25,0,0,16.7,7,2018
"C.J. Beathard",11859,"QB","SF",1,12,33.3,0,28,0,0,16.7,0,91.7,8.3,0,1,4,2,0,12,11,1,2,5,1,0,16.7,41.7,1,8.3,0,7,2018
"Cody Kessler",10727,"QB","JAX",1,11,9.1,0,15,1,0,18.2,36.4,81.8,9.1,0,1,1,2,4,11,9,1,2,2,1,0,18.2,18.2,0,9.1,0,7,2018
"Derek Anderson",2430,"QB","BUF",1,11,0,0,4,0,0,18.2,45.5,100,0,0,1,0,2,5,11,11,0,3,2,1,0,27.3,18.2,1,9.1,0,7,2018
"Patrick Mahomes",11765,"QB","KC",1,10,10,0,16,0,0,40,30,90,0,0,1,1,4,3,10,9,0,3,1,1,0,30,10,1,10,0,7,2018
"Alex Smith",2218,"QB","WAS",1,10,10,0,32,0,3,30,10,70,0,0,3,1,3,1,10,7,0,0,2,3,0,0,20,0,30,0,7,2018
"Marcus Mariota",9435,"QB","TEN",1,10,10,0,31,0,0,40,30,90,10,0,0,1,4,3,10,9,1,1,1,0,0,10,10,0,0,0,7,2018
"Carson Wentz",10636,"QB","PHI",1,9,0,0,24,0,0,11.1,44.4,77.8,0,0,2,0,1,4,9,7,0,1,1,2,0,11.1,11.1,2,22.2,0,7,2018
"Baker Mayfield",46518,"QB","CLV",1,9,11.1,0,8,0,0,0,44.4,88.9,0,0,1,1,0,4,9,8,0,1,2,1,1,11.1,22.2,1,11.1,11.1,7,2018
"Kirk Cousins",7102,"QB","MIN",1,8,12.5,0,18,0,1,25,25,87.5,0,0,1,1,2,2,8,7,0,2,1,1,0,25,12.5,0,12.5,0,7,2018
"Philip Rivers",1725,"QB","LAC",1,8,25,0,27,0,0,37.5,12.5,100,0,0,0,2,3,1,8,8,0,2,1,0,0,25,12.5,0,0,0,7,2018
"Matt Ryan",4317,"QB","ATL",1,8,12.5,0,2,0,0,12.5,25,87.5,12.5,0,0,1,1,2,8,7,1,2,1,0,1,25,12.5,0,0,12.5,7,2018
"Blake Bortles",8638,"QB","JAX",1,7,0,0,15,1,0,14.3,14.3,100,0,0,1,0,1,1,7,7,0,1,3,1,1,14.3,42.9,0,14.3,14.3,7,2018
"Andy Dalton",6187,"QB","CIN",1,7,14.3,0,7,0,0,28.6,0,100,0,0,0,1,2,0,7,7,0,5,3,0,0,71.4,42.9,0,0,0,7,2018
"Tom Brady",698,"QB","NE",1,7,42.9,0,19,0,0,0,14.3,85.7,14.3,0,0,3,0,1,7,6,1,1,1,0,0,14.3,14.3,0,0,0,7,2018
"Andrew Luck",7007,"QB","IND",1,6,0,0,14,0,1,16.7,33.3,66.7,16.7,0,1,0,1,2,6,4,1,0,1,1,0,0,16.7,0,16.7,0,7,2018
"Jared Goff",10635,"QB","LA",1,5,0,0,26,0,0,40,20,100,0,0,0,0,2,1,5,5,0,0,1,0,1,0,20,0,0,20,7,2018
"Drew Brees",802,"QB","NO",1,5,0,0,20,0,0,40,0,80,20,0,0,0,2,0,5,4,1,1,0,0,1,20,0,0,0,20,7,2018
"Case Keenum",7323,"QB","DEN",1,4,0,0,10,0,1,0,0,50,25,0,1,0,0,0,4,2,1,2,0,1,0,50,0,0,25,0,7,2018
"Matthew Stafford",4924,"QB","DET",1,3,0,0,11,0,0,0,33.3,66.7,33.3,0,0,0,0,1,3,2,1,0,1,0,0,0,33.3,0,0,0,7,2018
"Jeff Driskel",10841,"QB","CIN",1,1,0,0,7,0,0,0,0,100,0,0,0,0,0,0,1,1,0,1,0,0,0,100,0,0,0,0,7,2018
"Blake Bortles",8638,"QB","JAX",1,21,9.5,0,15,0,0,0,47.6,95.2,4.8,0,0,2,0,10,21,20,1,8,2,0,0,38.1,9.5,0,0,0,8,2018
"Eli Manning",1722,"QB","NYG",1,20,15,0,21,0,1,0,25,90,0,0,3,3,0,5,20,18,0,4,8,3,1,20,40,2,15,5,8,2018
"Jared Goff",10635,"QB","LA",1,19,36.8,0,26,0,0,5.3,31.6,94.7,5.3,0,1,7,1,6,19,18,1,3,2,1,1,15.8,10.5,1,5.3,5.3,8,2018
"Kirk Cousins",7102,"QB","MIN",1,16,18.8,0,18,0,0,31.3,25,93.8,6.3,0,1,3,5,4,16,15,1,0,5,1,0,0,31.3,1,6.3,0,8,2018
"Case Keenum",7323,"QB","DEN",1,15,13.3,0,10,1,1,13.3,26.7,80,0,0,3,2,2,4,15,12,0,3,5,3,0,20,33.3,1,20,0,8,2018
"Tom Brady",698,"QB","NE",1,14,0,0,19,0,1,7.1,28.6,78.6,14.3,0,1,0,1,4,14,11,2,5,5,1,0,35.7,35.7,0,7.1,0,8,2018
"Joe Flacco",4332,"QB","BLT",1,14,21.4,0,3,0,0,21.4,7.1,92.9,7.1,0,0,3,3,1,14,13,1,1,5,0,1,7.1,35.7,0,0,7.1,8,2018
"Brock Osweiler",7059,"QB","MIA",1,13,15.4,0,17,0,1,38.5,15.4,84.6,7.7,0,1,2,5,2,13,11,1,2,3,1,0,15.4,23.1,0,7.7,0,8,2018
"Aaron Rodgers",2241,"QB","GB",1,13,7.7,0,12,0,0,30.8,7.7,84.6,15.4,0,0,1,4,1,13,11,2,4,1,0,0,30.8,7.7,0,0,0,8,2018
"Carson Wentz",10636,"QB","PHI",1,11,9.1,0,24,1,0,45.5,9.1,81.8,9.1,0,1,1,5,1,11,9,1,0,3,1,0,0,27.3,0,9.1,0,8,2018
"Matthew Stafford",4924,"QB","DET",1,11,9.1,0,11,0,0,18.2,36.4,100,0,0,1,1,2,4,11,11,0,1,4,1,0,9.1,36.4,1,9.1,0,8,2018
"Andy Dalton",6187,"QB","CIN",1,11,0,0,7,0,1,9.1,9.1,81.8,0,0,2,0,1,1,11,9,0,0,6,2,1,0,54.5,1,18.2,9.1,8,2018
"Sam Darnold",29048,"QB","NYJ",1,10,10,0,22,0,1,20,0,80,10,0,1,1,2,0,10,8,1,5,2,1,0,50,20,0,10,0,8,2018
"Jameis Winston",9434,"QB","TB",1,10,20,0,30,0,0,30,10,80,20,0,1,2,3,1,10,8,2,3,1,1,0,30,10,1,10,0,8,2018
"Derek Anderson",2430,"QB","BUF",1,9,11.1,0,4,0,0,11.1,33.3,77.8,22.2,0,0,1,1,3,9,7,2,1,2,0,0,11.1,22.2,0,0,0,8,2018
"Baker Mayfield",46518,"QB","CLV",1,9,22.2,0,8,0,0,0,22.2,77.8,0,0,1,2,0,2,9,7,0,0,3,1,1,0,33.3,1,11.1,11.1,8,2018
"Patrick Mahomes",11765,"QB","KC",1,9,0,0,16,0,2,44.4,22.2,77.8,-11.1,0,2,0,4,2,9,7,-1,0,1,2,2,0,11.1,0,22.2,22.2,8,2018
"Cam Newton",6153,"QB","CAR",1,8,12.5,0,5,0,1,25,0,62.5,25,0,1,1,2,0,8,5,2,2,0,1,0,25,0,0,12.5,0,8,2018
"Mitchell Trubisky",11757,"QB","CHI",1,8,12.5,0,6,0,0,37.5,25,87.5,0,0,1,1,3,2,8,7,0,1,1,1,0,12.5,12.5,1,12.5,0,8,2018
"Alex Smith",2218,"QB","WAS",1,8,12.5,0,32,0,0,37.5,37.5,87.5,12.5,0,0,1,3,3,8,7,1,1,1,0,0,12.5,12.5,0,0,0,8,2018
"Josh Rosen",35460,"QB","ARZ",1,7,28.6,0,1,0,0,14.3,14.3,85.7,0,0,1,2,1,1,7,6,0,4,0,1,0,57.1,0,1,14.3,0,8,2018
"Ben Roethlisberger",1732,"QB","PIT",1,6,0,0,25,1,1,0,16.7,66.7,0,0,2,0,0,1,6,4,0,1,2,2,0,16.7,33.3,0,33.3,0,8,2018
"Russell Wilson",7077,"QB","SEA",1,6,50,0,29,2,0,16.7,0,50,0,0,3,3,1,0,6,3,0,1,0,3,0,16.7,0,1,50,0,8,2018
"C.J. Beathard",11859,"QB","SF",1,6,16.7,0,28,0,0,16.7,66.7,100,0,0,0,1,1,4,6,6,0,0,1,0,0,0,16.7,0,0,0,8,2018
"Andrew Luck",7007,"QB","IND",1,4,0,0,14,0,0,0,0,100,0,0,0,0,0,0,4,4,0,0,3,0,1,0,75,0,0,25,8,2018
"Deshaun Watson",11767,"QB","HST",1,3,0,0,13,0,0,0,66.7,100,-33.3,0,0,0,0,2,3,3,-1,1,3,0,1,33.3,100,0,0,33.3,8,2018
"Derek Carr",8671,"QB","OAK",1,3,0,0,23,0,0,0,33.3,100,0,0,0,0,0,1,3,3,0,0,3,0,0,0,100,0,0,0,8,2018
"Drew Brees",802,"QB","NO",1,3,0,0,20,0,1,66.7,0,66.7,0,0,1,0,2,0,3,2,0,0,0,1,0,0,0,0,33.3,0,8,2018
"Ryan Fitzpatrick",2467,"QB","TB",1,2,0,0,30,0,0,50,50,100,0,0,0,0,1,1,2,2,0,0,0,0,0,0,0,0,0,0,8,2018
"Taysom Hill",12112,"QB","NO",1,1,0,0,20,0,0,100,0,100,0,0,0,0,1,0,1,1,0,0,0,0,0,0,0,0,0,0,8,2018
"Taylor Heinicke",9896,"QB","CAR",1,1,0,0,5,0,0,100,0,100,0,0,0,0,1,0,1,1,0,0,0,0,0,0,0,0,0,0,8,2018
"Matthew Stafford",4924,"QB","DET",1,21,19,0,11,0,0,9.5,23.8,81,4.8,0,3,4,2,5,21,17,1,6,5,3,0,28.6,23.8,3,14.3,0,9,2018
"Nathan Peterman",11926,"QB","BUF",1,19,15.8,0,4,2,2,5.3,21.1,63.2,15.8,0,4,3,1,4,19,12,3,4,0,4,1,21.1,0,0,21.1,5.3,9,2018
"Sam Darnold",29048,"QB","NYJ",1,18,16.7,0,22,1,1,0,16.7,88.9,0,0,2,3,0,3,18,16,0,4,6,2,0,22.2,33.3,0,11.1,0,9,2018
"Russell Wilson",7077,"QB","SEA",1,18,0,0,29,2,2,16.7,11.1,55.6,16.7,0,5,0,3,2,18,10,3,3,3,5,1,16.7,16.7,1,27.8,5.6,9,2018
"Ryan Fitzpatrick",2467,"QB","TB",1,17,17.6,0,30,0,0,17.6,23.5,88.2,11.8,0,0,3,3,4,17,15,2,4,2,0,0,23.5,11.8,0,0,0,9,2018
"Brock Osweiler",7059,"QB","MIA",1,15,20,0,17,1,0,40,13.3,80,13.3,0,1,3,6,2,15,12,2,5,5,1,0,33.3,33.3,0,6.7,0,9,2018
"Aaron Rodgers",2241,"QB","GB",1,15,0,0,12,0,1,33.3,20,93.3,0,0,1,0,5,3,15,14,0,7,1,1,0,46.7,6.7,0,6.7,0,9,2018
"Deshaun Watson",11767,"QB","HST",1,13,7.7,0,13,0,0,0,30.8,92.3,0,0,1,1,0,4,13,12,0,2,4,1,1,15.4,30.8,1,7.7,7.7,9,2018
"Alex Smith",2218,"QB","WAS",1,13,0,0,32,0,0,30.8,30.8,100,0,0,0,0,4,4,13,13,0,3,3,0,0,23.1,23.1,0,0,0,9,2018
"Jared Goff",10635,"QB","LA",1,13,23.1,0,26,0,0,23.1,38.5,100,0,0,0,3,3,5,13,13,0,1,1,0,1,7.7,7.7,0,0,7.7,9,2018
"Derek Carr",8671,"QB","OAK",1,12,0,0,23,0,0,8.3,50,91.7,0,0,1,0,1,6,12,11,0,2,5,1,0,16.7,41.7,1,8.3,0,9,2018
"Case Keenum",7323,"QB","DEN",1,11,18.2,0,10,0,0,27.3,27.3,100,0,0,0,2,3,3,11,11,0,3,4,0,0,27.3,36.4,0,0,0,9,2018
"Marcus Mariota",9435,"QB","TEN",1,11,9.1,0,31,0,0,9.1,27.3,72.7,18.2,0,1,1,1,3,11,8,2,0,4,1,1,0,36.4,1,9.1,9.1,9,2018
"Drew Brees",802,"QB","NO",1,11,9.1,0,20,0,0,27.3,18.2,100,0,0,0,1,3,2,11,11,0,2,2,0,2,18.2,18.2,0,0,18.2,9,2018
"Baker Mayfield",46518,"QB","CLV",1,10,10,0,8,0,0,10,30,100,0,0,0,1,1,3,10,10,0,1,4,0,1,10,40,0,0,10,9,2018
"Joe Flacco",4332,"QB","BLT",1,10,20,0,3,0,0,30,20,70,30,0,1,2,3,2,10,7,3,0,0,1,0,0,0,1,10,0,9,2018
"Dak Prescott",10769,"QB","DAL",1,9,0,0,9,1,0,44.4,0,77.8,0,0,2,0,4,0,9,7,0,1,2,2,0,11.1,22.2,1,22.2,0,9,2018
"Matt Ryan",4317,"QB","ATL",1,7,0,0,2,0,0,0,28.6,85.7,14.3,0,0,0,0,2,7,6,1,2,1,0,1,28.6,14.3,0,0,14.3,9,2018
"Ben Roethlisberger",1732,"QB","PIT",1,6,0,0,25,2,0,0,16.7,50,0,0,3,0,0,1,6,3,0,1,1,3,0,16.7,16.7,1,50,0,9,2018
"Cam Newton",6153,"QB","CAR",1,6,33.3,0,5,0,1,16.7,16.7,66.7,16.7,0,1,2,1,1,6,4,1,1,0,1,0,16.7,0,0,16.7,0,9,2018
"Mitchell Trubisky",11757,"QB","CHI",1,6,0,0,6,0,0,16.7,50,83.3,16.7,0,0,0,1,3,6,5,1,0,2,0,0,0,33.3,0,0,0,9,2018
"Kirk Cousins",7102,"QB","MIN",1,5,20,0,18,0,0,60,20,100,0,0,0,1,3,1,5,5,0,1,0,0,0,20,0,0,0,0,9,2018
"Patrick Mahomes",11765,"QB","KC",1,5,0,0,16,0,0,40,40,80,20,0,1,0,2,2,5,4,1,0,0,1,0,0,0,1,20,0,9,2018
"Philip Rivers",1725,"QB","LAC",1,5,0,0,27,0,0,40,0,80,0,0,1,0,2,0,5,4,0,0,3,1,0,0,60,1,20,0,9,2018
"Tom Brady",698,"QB","NE",1,4,25,0,19,0,0,0,25,75,25,0,0,1,0,1,4,3,1,1,0,0,0,25,0,0,0,0,9,2018
"A.J. McCarron",8799,"QB","OAK",1,2,0,0,23,0,0,0,0,50,0,0,1,0,0,0,2,1,0,0,1,1,0,0,50,1,50,0,9,2018
"Joshua Dobbs",11890,"QB","PIT",1,1,0,0,25,0,0,0,0,100,0,0,0,0,0,0,1,1,0,1,0,0,0,100,0,0,0,0,9,2018
"Julian Edelman",5156,"WR","NE",1,1,0,0,19,0,0,0,0,0,100,0,0,0,0,0,1,0,1,0,0,0,0,0,0,0,0,0,9,2018
"Nick Mullens",12282,"QB","SF",1,1,0,0,28,0,0,0,0,100,0,0,0,0,0,0,1,1,0,1,0,0,0,100,0,0,0,0,9,2018
"Lamar Jackson",46416,"QB","BLT",1,1,100,0,3,0,0,100,0,100,0,0,0,1,1,0,1,1,0,0,0,0,0,0,0,0,0,0,9,2018
"Cole Beasley",7330,"WR","DAL",1,1,0,0,9,0,0,0,0,0,100,0,0,0,0,0,1,0,1,0,0,0,0,0,0,0,0,0,9,2018
"Josh Rosen",35460,"QB","ARZ",1,16,6.3,0,1,0,0,43.8,37.5,93.8,6.3,0,0,1,7,6,16,15,1,1,6,0,0,6.3,37.5,0,0,0,10,2018
"Brock Osweiler",7059,"QB","MIA",1,16,18.8,0,17,0,2,12.5,25,81.3,0,0,3,3,2,4,16,13,0,2,0,3,2,12.5,0,1,18.8,12.5,10,2018
"Derek Carr",8671,"QB","OAK",1,14,0,0,23,1,1,21.4,57.1,85.7,0,0,2,0,3,8,14,12,0,2,3,2,0,14.3,21.4,0,14.3,0,10,2018
"Matthew Stafford",4924,"QB","DET",1,14,14.3,0,11,1,0,28.6,14.3,92.9,0,0,1,2,4,2,14,13,0,1,5,1,0,7.1,35.7,0,7.1,0,10,2018
"Ryan Fitzpatrick",2467,"QB","TB",1,12,8.3,0,30,0,1,33.3,41.7,91.7,-8.3,0,1,1,4,5,12,11,-1,3,1,1,1,25,8.3,0,8.3,8.3,10,2018
"Russell Wilson",7077,"QB","SEA",1,12,0,0,29,0,1,33.3,25,91.7,0,0,2,0,4,3,12,11,0,1,6,2,0,8.3,50,1,16.7,0,10,2018
"Tom Brady",698,"QB","NE",1,11,0,0,19,0,0,0,36.4,72.7,18.2,0,1,0,0,4,11,8,2,1,2,1,2,9.1,18.2,1,9.1,18.2,10,2018
"Dak Prescott",10769,"QB","DAL",1,11,9.1,0,9,0,0,18.2,0,72.7,9.1,0,2,1,2,0,11,8,1,4,4,2,0,36.4,36.4,2,18.2,0,10,2018
"Patrick Mahomes",11765,"QB","KC",1,11,18.2,0,16,0,1,18.2,36.4,81.8,0,0,2,2,2,4,11,9,0,2,0,2,0,18.2,0,1,18.2,0,10,2018
"Josh McCown",1085,"QB","NYJ",1,10,20,0,22,0,0,30,30,70,10,0,2,2,3,3,10,7,1,1,2,2,0,10,20,2,20,0,10,2018
"Carson Wentz",10636,"QB","PHI",1,10,10,0,24,0,0,10,30,90,10,0,0,1,1,3,10,9,1,0,4,0,1,0,40,0,0,10,10,2018
"Cam Newton",6153,"QB","CAR",1,10,70,0,5,0,0,40,30,90,10,0,0,7,4,3,10,9,1,1,0,0,0,10,0,0,0,0,10,2018
"Andy Dalton",6187,"QB","CIN",1,10,10,0,7,0,0,40,40,100,0,0,0,1,4,4,10,10,0,2,1,0,0,20,10,0,0,0,10,2018
"Matt Ryan",4317,"QB","ATL",1,9,0,0,2,0,1,0,11.1,44.4,33.3,0,3,0,0,1,9,4,3,1,2,3,0,11.1,22.2,2,33.3,0,10,2018
"Blake Bortles",8638,"QB","JAX",1,9,0,0,15,0,1,11.1,55.6,88.9,0,0,1,0,1,5,9,8,0,0,3,1,0,0,33.3,0,11.1,0,10,2018
"Jared Goff",10635,"QB","LA",1,8,0,0,26,0,0,25,12.5,87.5,0,0,1,0,2,1,8,7,0,3,1,1,1,37.5,12.5,1,12.5,12.5,10,2018
"Philip Rivers",1725,"QB","LAC",1,8,0,0,27,1,0,25,0,87.5,0,0,1,0,2,0,8,7,0,1,3,1,1,12.5,37.5,0,12.5,12.5,10,2018
"Aaron Rodgers",2241,"QB","GB",1,8,12.5,0,12,0,1,12.5,25,75,12.5,0,1,1,1,2,8,6,1,1,1,1,0,12.5,12.5,0,12.5,0,10,2018
"Mitchell Trubisky",11757,"QB","CHI",1,8,25,0,6,2,1,25,12.5,62.5,0,0,3,2,2,1,8,5,0,2,0,3,0,25,0,0,37.5,0,10,2018
"Nick Mullens",12282,"QB","SF",1,7,14.3,0,28,0,1,0,28.6,71.4,14.3,0,1,1,0,2,7,5,1,1,1,1,0,14.3,14.3,0,14.3,0,10,2018
"Eli Manning",1722,"QB","NYG",1,6,0,0,21,0,0,50,0,100,0,0,0,0,3,0,6,6,0,3,0,0,0,50,0,0,0,0,10,2018
"Baker Mayfield",46518,"QB","CLV",1,6,0,0,8,0,0,0,50,100,0,0,0,0,0,3,6,6,0,2,3,0,0,33.3,50,0,0,0,10,2018
"Andrew Luck",7007,"QB","IND",1,5,20,0,14,0,0,20,20,100,0,0,0,1,1,1,5,5,0,0,2,0,0,0,40,0,0,0,10,2018
"Alex Smith",2218,"QB","WAS",1,5,0,0,32,0,0,0,0,100,0,0,0,0,0,0,5,5,0,4,0,0,1,80,0,0,0,20,10,2018
"Matt Barkley",7880,"QB","BUF",1,4,25,0,4,1,0,25,0,50,25,0,1,1,1,0,4,2,1,0,1,1,0,0,25,0,25,0,10,2018
"Marcus Mariota",9435,"QB","TEN",1,4,25,0,31,0,0,50,0,100,0,0,0,1,2,0,4,4,0,1,0,0,0,25,0,0,0,0,10,2018
"Drew Brees",802,"QB","NO",1,4,50,0,20,0,0,25,0,100,0,0,0,2,1,0,4,4,0,0,1,0,0,0,25,0,0,0,10,2018
"Ben Roethlisberger",1732,"QB","PIT",1,3,0,0,25,0,1,33.3,0,66.7,-33.3,0,1,0,1,0,3,2,-1,0,1,1,1,0,33.3,0,33.3,33.3,10,2018
"Teddy Bridgewater",8667,"QB","NO",1,1,0,0,20,0,0,0,100,100,0,0,0,0,0,1,1,1,0,0,0,0,0,0,0,0,0,0,10,2018
"Jeff Driskel",10841,"QB","CIN",1,1,0,0,7,0,0,0,0,100,0,0,0,0,0,0,1,1,0,1,1,0,0,100,100,0,0,0,10,2018
"Kirk Cousins",7102,"QB","MIN",1,20,10,0,18,0,1,30,30,80,15,0,1,2,6,6,20,16,3,2,1,1,0,10,5,0,5,0,11,2018
"Patrick Mahomes",11765,"QB","KC",1,19,5.3,0,16,0,2,31.6,15.8,78.9,0,0,4,1,6,3,19,15,0,4,2,4,1,21.1,10.5,2,21.1,5.3,11,2018
"Jared Goff",10635,"QB","LA",1,14,21.4,0,26,0,0,35.7,28.6,92.9,7.1,0,0,3,5,4,14,13,1,1,3,0,0,7.1,21.4,0,0,0,11,2018
"Blake Bortles",8638,"QB","JAX",1,13,38.5,0,15,0,0,7.7,23.1,92.3,7.7,0,0,5,1,3,13,12,1,5,1,0,0,38.5,7.7,0,0,0,11,2018
"Philip Rivers",1725,"QB","LAC",1,12,0,0,27,0,0,25,25,100,0,0,0,0,3,3,12,12,0,2,5,0,1,16.7,41.7,0,0,8.3,11,2018
"Ben Roethlisberger",1732,"QB","PIT",1,11,0,0,25,2,0,9.1,18.2,81.8,0,0,2,0,1,2,11,9,0,4,4,2,0,36.4,36.4,0,18.2,0,11,2018
"Aaron Rodgers",2241,"QB","GB",1,11,27.3,0,12,0,0,27.3,18.2,90.9,0,0,1,3,3,2,11,10,0,3,5,1,0,27.3,45.5,1,9.1,0,11,2018
"Andy Dalton",6187,"QB","CIN",1,10,30,0,7,0,0,20,50,100,-10,0,0,3,2,5,10,10,-1,1,2,0,1,10,20,0,0,10,11,2018
"Alex Smith",2218,"QB","WAS",1,10,0,0,32,1,0,0,30,80,10,0,1,0,0,3,10,8,1,2,5,1,0,20,50,0,10,0,11,2018
"Carson Wentz",10636,"QB","PHI",1,10,40,0,24,0,0,20,30,100,0,0,0,4,2,3,10,10,0,0,3,0,0,0,30,0,0,0,11,2018
"Mitchell Trubisky",11757,"QB","CHI",1,9,0,0,6,0,2,0,11.1,77.8,0,0,2,0,0,1,9,7,0,3,2,2,1,33.3,22.2,0,22.2,11.1,11,2018
"Derek Carr",8671,"QB","OAK",1,9,0,0,23,0,0,11.1,44.4,77.8,11.1,0,1,0,1,4,9,7,1,0,1,1,1,0,11.1,1,11.1,11.1,11,2018
"Russell Wilson",7077,"QB","SEA",1,8,25,0,29,0,0,12.5,37.5,100,0,0,0,2,1,3,8,8,0,1,2,0,2,12.5,25,0,0,25,11,2018
"Ryan Fitzpatrick",2467,"QB","TB",1,8,25,0,30,0,2,12.5,12.5,75,0,0,2,2,1,1,8,6,0,3,1,2,0,37.5,12.5,0,25,0,11,2018
"Cam Newton",6153,"QB","CAR",1,8,0,0,5,0,0,50,37.5,87.5,0,0,1,0,4,3,8,7,0,1,2,1,0,12.5,25,1,12.5,0,11,2018
"Lamar Jackson",46416,"QB","BLT",1,7,0,0,3,0,2,42.9,14.3,71.4,0,0,2,0,3,1,7,5,0,0,2,2,0,0,28.6,0,28.6,0,11,2018
"Eli Manning",1722,"QB","NYG",1,7,0,0,21,0,0,42.9,14.3,85.7,-14.3,0,1,0,3,1,7,6,-1,0,2,1,1,0,28.6,1,14.3,14.3,11,2018
"Matt Ryan",4317,"QB","ATL",1,7,14.3,0,2,0,0,0,42.9,85.7,14.3,0,0,1,0,3,7,6,1,0,2,0,1,0,28.6,0,0,14.3,11,2018
"Matthew Stafford",4924,"QB","DET",1,7,0,0,11,0,0,14.3,57.1,100,0,0,0,0,1,4,7,7,0,1,2,0,0,14.3,28.6,0,0,0,11,2018
"Marcus Mariota",9435,"QB","TEN",1,7,28.6,0,31,0,0,14.3,0,100,0,0,0,2,1,0,7,7,0,3,3,0,0,42.9,42.9,0,0,0,11,2018
"Blaine Gabbert",6162,"QB","TEN",1,6,0,0,31,1,0,0,16.7,83.3,0,0,1,0,0,1,6,5,0,2,2,1,1,33.3,33.3,0,16.7,16.7,11,2018
"Dak Prescott",10769,"QB","DAL",1,6,0,0,9,1,0,16.7,0,83.3,0,0,1,0,1,0,6,5,0,1,2,1,1,16.7,33.3,0,16.7,16.7,11,2018
"Deshaun Watson",11767,"QB","HST",1,6,0,0,13,0,0,0,0,100,-16.7,0,0,0,0,0,6,6,-1,4,3,0,2,66.7,50,0,0,33.3,11,2018
"Jameis Winston",9434,"QB","TB",1,5,0,0,30,0,0,0,20,60,40,0,0,0,0,1,5,3,2,1,1,0,0,20,20,0,0,0,11,2018
"Case Keenum",7323,"QB","DEN",1,5,0,0,10,0,0,20,20,80,20,0,0,0,1,1,5,4,1,1,1,0,0,20,20,0,0,0,11,2018
"Josh Rosen",35460,"QB","ARZ",1,5,40,0,1,0,0,0,20,100,0,0,0,2,0,1,5,5,0,1,1,0,0,20,20,0,0,0,11,2018
"Drew Brees",802,"QB","NO",1,5,0,0,20,0,0,0,20,100,0,0,0,0,0,1,5,5,0,2,1,0,2,40,20,0,0,40,11,2018
"Colt McCoy",5609,"QB","WAS",1,4,0,0,32,0,0,50,25,100,0,0,0,0,2,1,4,4,0,1,1,0,0,25,25,0,0,0,11,2018
"Andrew Luck",7007,"QB","IND",1,2,50,0,14,0,0,0,0,100,0,0,0,1,0,0,2,2,0,0,1,0,0,0,50,0,0,0,11,2018
"Taylor Heinicke",9896,"QB","CAR",1,1,0,0,5,0,0,0,100,100,0,0,0,0,0,1,1,1,0,0,0,0,0,0,0,0,0,0,11,2018
"Jacoby Brissett",10725,"QB","IND",1,1,0,0,14,0,1,0,0,0,0,0,1,0,0,0,1,0,0,0,0,1,0,0,0,0,100,0,11,2018
"Josh McCown",1085,"QB","NYJ",1,20,15,0,22,3,0,20,10,70,15,0,4,3,4,2,20,14,3,3,3,4,1,15,15,1,20,5,12,2018
"Kirk Cousins",7102,"QB","MIN",1,17,29.4,0,18,0,1,17.6,11.8,94.1,0,0,2,5,3,2,17,16,0,2,5,2,1,11.8,29.4,1,11.8,5.9,12,2018
"Jameis Winston",9434,"QB","TB",1,15,0,0,30,0,1,20,0,86.7,6.7,0,1,0,3,0,15,13,1,3,7,1,1,20,46.7,0,6.7,6.7,12,2018
"Marcus Mariota",9435,"QB","TEN",1,14,7.1,0,31,0,0,0,21.4,85.7,14.3,0,0,1,0,3,14,12,2,9,3,0,0,64.3,21.4,0,0,0,12,2018
"Nick Mullens",12282,"QB","SF",1,13,15.4,0,28,0,0,15.4,30.8,92.3,0,0,0,2,2,4,13,12,0,4,0,0,2,30.8,0,0,0,15.4,12,2018
"Colt McCoy",5609,"QB","WAS",1,13,7.7,0,32,1,1,15.4,23.1,69.2,15.4,0,2,1,2,3,13,9,2,3,2,2,0,23.1,15.4,0,15.4,0,12,2018
"Matt Ryan",4317,"QB","ATL",1,13,15.4,0,2,0,0,15.4,7.7,92.3,0,0,1,2,2,1,13,12,0,4,4,1,1,30.8,30.8,1,7.7,7.7,12,2018
"Case Keenum",7323,"QB","DEN",1,12,41.7,0,10,1,1,25,8.3,83.3,0,0,2,5,3,1,12,10,0,4,0,2,0,33.3,0,0,16.7,0,12,2018
"Josh Allen",46601,"QB","BUF",1,11,18.2,0,4,1,0,9.1,9.1,90.9,0,0,1,2,1,1,11,10,0,1,5,1,2,9.1,45.5,0,9.1,18.2,12,2018
"Eli Manning",1722,"QB","NYG",1,11,9.1,0,21,0,0,9.1,9.1,100,0,0,0,1,1,1,11,11,0,6,2,0,1,54.5,18.2,0,0,9.1,12,2018
"Andrew Luck",7007,"QB","IND",1,11,18.2,0,14,0,1,0,9.1,90.9,9.1,0,1,2,0,1,11,10,1,1,6,1,1,9.1,54.5,0,9.1,9.1,12,2018
"Derek Carr",8671,"QB","OAK",1,11,9.1,0,23,0,0,18.2,18.2,100,0,0,0,1,2,2,11,11,0,2,6,0,0,18.2,54.5,0,0,0,12,2018
"Deshaun Watson",11767,"QB","HST",1,11,18.2,0,13,0,2,9.1,45.5,81.8,0,0,3,2,1,5,11,9,0,3,3,3,0,27.3,27.3,1,27.3,0,12,2018
"Aaron Rodgers",2241,"QB","GB",1,10,0,0,12,0,0,30,40,100,0,0,0,0,3,4,10,10,0,4,2,0,1,40,20,0,0,10,12,2018
"Jeff Driskel",10841,"QB","CIN",1,10,0,0,7,0,2,20,30,60,20,0,2,0,2,3,10,6,2,0,2,2,0,0,20,0,20,0,12,2018
"Blake Bortles",8638,"QB","JAX",1,9,11.1,0,15,0,0,22.2,66.7,100,0,0,0,1,2,6,9,9,0,2,1,0,0,22.2,11.1,0,0,0,12,2018
"Chase Daniel",5214,"QB","CHI",1,9,0,0,6,0,0,0,33.3,77.8,0,0,2,0,0,3,9,7,0,2,1,2,1,22.2,11.1,2,22.2,11.1,12,2018
"Ben Roethlisberger",1732,"QB","PIT",1,9,11.1,0,25,0,0,11.1,11.1,100,0,0,0,1,1,1,9,9,0,1,5,0,0,11.1,55.6,0,0,0,12,2018
"Philip Rivers",1725,"QB","LAC",1,9,22.2,0,27,0,0,55.6,22.2,88.9,0,0,1,2,5,2,9,8,0,0,3,1,0,0,33.3,1,11.1,0,12,2018
"Matthew Stafford",4924,"QB","DET",1,8,25,0,11,0,0,0,25,75,25,0,0,2,0,2,8,6,2,1,2,0,0,12.5,25,0,0,0,12,2018
"Russell Wilson",7077,"QB","SEA",1,8,12.5,0,29,0,0,25,12.5,75,25,0,0,1,2,1,8,6,2,1,2,0,0,12.5,25,0,0,0,12,2018
"Dak Prescott",10769,"QB","DAL",1,8,25,0,9,1,0,37.5,37.5,62.5,12.5,0,2,2,3,3,8,5,1,1,1,2,0,12.5,12.5,1,25,0,12,2018
"Tom Brady",698,"QB","NE",1,8,37.5,0,19,0,0,25,0,87.5,12.5,0,0,3,2,0,8,7,1,2,0,0,1,25,0,0,0,12.5,12,2018
"Ryan Tannehill",7014,"QB","MIA",1,7,0,0,17,0,0,14.3,42.9,85.7,14.3,0,0,0,1,3,7,6,1,1,2,0,0,14.3,28.6,0,0,0,12,2018
"Josh Rosen",35460,"QB","ARZ",1,7,28.6,0,1,0,0,14.3,14.3,100,0,0,0,2,1,1,7,7,0,3,4,0,0,42.9,57.1,0,0,0,12,2018
"Carson Wentz",10636,"QB","PHI",1,6,0,0,24,1,0,33.3,33.3,50,33.3,0,1,0,2,2,6,3,2,0,0,1,0,0,0,0,16.7,0,12,2018
"Lamar Jackson",46416,"QB","BLT",1,5,0,0,3,0,0,40,0,60,40,0,0,0,2,0,5,3,2,1,0,0,0,20,0,0,0,0,12,2018
"Cam Newton",6153,"QB","CAR",1,5,20,0,5,0,0,20,0,100,0,0,0,1,1,0,5,5,0,1,2,0,0,20,40,0,0,0,12,2018
"Baker Mayfield",46518,"QB","CLV",1,4,25,0,8,0,0,25,0,100,0,0,0,1,1,0,4,4,0,0,1,0,1,0,25,0,0,25,12,2018
"Drew Brees",802,"QB","NO",1,3,66.7,0,20,0,1,0,33.3,66.7,0,0,1,2,0,1,3,2,0,1,0,1,0,33.3,0,0,33.3,0,12,2018
"Andy Dalton",6187,"QB","CIN",1,3,0,0,7,0,0,0,33.3,100,0,0,0,0,0,1,3,3,0,3,0,0,0,100,0,0,0,0,12,2018
"Geno Smith",7820,"QB","LAC",1,2,0,0,27,0,0,50,0,50,50,0,0,0,1,0,2,1,1,0,0,0,0,0,0,0,0,0,12,2018
"Taysom Hill",12112,"QB","NO",1,2,0,0,20,0,0,0,0,100,0,0,0,0,0,0,2,2,0,1,0,0,1,50,0,0,0,50,12,2018
"Josh Allen",46601,"QB","BUF",1,24,4.2,0,4,1,0,8.3,20.8,95.8,-4.2,0,1,1,2,5,24,23,-1,13,5,1,1,54.2,20.8,0,4.2,4.2,13,2018
"Andrew Luck",7007,"QB","IND",1,22,4.5,0,14,0,0,13.6,36.4,77.3,18.2,0,1,1,3,8,22,17,4,2,4,1,0,9.1,18.2,1,4.5,0,13,2018
"Cam Newton",6153,"QB","CAR",1,17,11.8,0,5,0,1,29.4,29.4,94.1,0,0,1,2,5,5,17,16,0,4,4,1,0,23.5,23.5,0,5.9,0,13,2018
"Nick Mullens",12282,"QB","SF",1,15,13.3,0,28,0,0,26.7,6.7,100,0,0,0,2,4,1,15,15,0,7,5,0,0,46.7,33.3,0,0,0,13,2018
"Cody Kessler",10727,"QB","JAX",1,15,6.7,0,15,2,1,20,13.3,80,0,0,3,1,3,2,15,12,0,4,4,3,1,26.7,26.7,0,20,6.7,13,2018
"Chase Daniel",5214,"QB","CHI",1,15,6.7,0,6,0,0,13.3,26.7,73.3,6.7,0,3,1,2,4,15,11,1,5,1,3,0,33.3,6.7,3,20,0,13,2018
"Dak Prescott",10769,"QB","DAL",1,14,0,0,9,0,1,35.7,0,85.7,-7.1,0,2,0,5,0,14,12,-1,3,5,2,1,21.4,35.7,1,14.3,7.1,13,2018
"Matthew Stafford",4924,"QB","DET",1,14,28.6,0,11,0,0,42.9,7.1,92.9,7.1,0,0,4,6,1,14,13,1,5,2,0,0,35.7,14.3,0,0,0,13,2018
"Jeff Driskel",10841,"QB","CIN",1,14,14.3,0,7,0,1,7.1,21.4,85.7,0,0,1,2,1,3,14,12,0,2,5,1,2,14.3,35.7,0,7.1,14.3,13,2018
"Marcus Mariota",9435,"QB","TEN",1,13,7.7,0,31,0,1,30.8,7.7,92.3,-7.7,0,1,1,4,1,13,12,-1,3,3,1,2,23.1,23.1,0,7.7,15.4,13,2018
"Ben Roethlisberger",1732,"QB","PIT",1,12,8.3,0,25,0,2,0,25,83.3,0,0,2,1,0,3,12,10,0,3,4,2,0,25,33.3,0,16.7,0,13,2018
"Jared Goff",10635,"QB","LA",1,11,18.2,0,26,0,0,18.2,27.3,90.9,0,0,1,2,2,3,11,10,0,3,3,1,1,27.3,27.3,1,9.1,9.1,13,2018
"Aaron Rodgers",2241,"QB","GB",1,11,0,0,12,1,0,18.2,18.2,100,0,0,1,0,2,2,11,11,0,5,1,1,1,45.5,9.1,0,9.1,9.1,13,2018
"Deshaun Watson",11767,"QB","HST",1,11,9.1,0,13,1,1,18.2,27.3,63.6,9.1,0,3,1,2,3,11,7,1,0,1,3,1,0,9.1,1,27.3,9.1,13,2018
"Derek Carr",8671,"QB","OAK",1,11,0,0,23,0,0,27.3,36.4,100,0,0,0,0,3,4,11,11,0,2,5,0,0,18.2,45.5,0,0,0,13,2018
"Eli Manning",1722,"QB","NYG",1,10,20,0,21,0,1,20,30,90,0,0,1,2,2,3,10,9,0,1,3,1,0,10,30,0,10,0,13,2018
"Drew Brees",802,"QB","NO",1,10,0,0,20,0,0,10,20,100,0,0,0,0,1,2,10,10,0,3,5,0,0,30,50,0,0,0,13,2018
"Philip Rivers",1725,"QB","LAC",1,10,20,0,27,1,0,20,10,80,0,0,2,2,2,1,10,8,0,1,4,2,0,10,40,1,20,0,13,2018
"Kirk Cousins",7102,"QB","MIN",1,9,44.4,0,18,0,0,22.2,22.2,100,0,0,0,4,2,2,9,9,0,1,0,0,0,11.1,0,0,0,0,13,2018
"Matt Ryan",4317,"QB","ATL",1,9,22.2,0,2,1,0,22.2,0,66.7,22.2,0,1,2,2,0,9,6,2,2,1,1,0,22.2,11.1,0,11.1,0,13,2018
"Ryan Tannehill",7014,"QB","MIA",1,9,0,0,17,0,1,0,22.2,77.8,11.1,0,1,0,0,2,9,7,1,3,2,1,0,33.3,22.2,0,11.1,0,13,2018
"Russell Wilson",7077,"QB","SEA",1,9,0,0,29,1,0,22.2,11.1,66.7,0,0,3,0,2,1,9,6,0,2,3,3,0,22.2,33.3,2,33.3,0,13,2018
"Case Keenum",7323,"QB","DEN",1,9,22.2,0,10,0,1,22.2,11.1,88.9,0,0,1,2,2,1,9,8,0,2,2,1,0,22.2,22.2,0,11.1,0,13,2018
"Patrick Mahomes",11765,"QB","KC",1,9,0,0,16,1,3,11.1,0,55.6,0,0,4,0,1,0,9,5,0,4,0,4,0,44.4,0,0,44.4,0,13,2018
"Josh Rosen",35460,"QB","ARZ",1,9,22.2,0,1,0,1,22.2,11.1,88.9,-11.1,0,1,2,2,1,9,8,-1,1,2,1,2,11.1,22.2,0,11.1,22.2,13,2018
"Baker Mayfield",46518,"QB","CLV",1,9,0,0,8,1,1,11.1,44.4,77.8,0,0,2,0,1,4,9,7,0,0,3,2,0,0,33.3,0,22.2,0,13,2018
"Carson Wentz",10636,"QB","PHI",1,8,0,0,24,1,1,37.5,12.5,62.5,12.5,0,2,0,3,1,8,5,1,0,0,2,1,0,0,0,25,12.5,13,2018
"Jameis Winston",9434,"QB","TB",1,8,0,0,30,0,0,0,50,87.5,0,0,0,0,0,4,8,7,0,2,1,0,1,25,12.5,0,0,12.5,13,2018
"Mark Sanchez",4928,"QB","WAS",1,8,12.5,0,32,0,1,25,0,100,0,0,1,1,2,0,8,8,0,3,4,1,0,37.5,50,0,12.5,0,13,2018
"Lamar Jackson",46416,"QB","BLT",1,7,28.6,0,3,0,0,14.3,0,71.4,0,0,2,2,1,0,7,5,0,0,2,2,0,0,28.6,2,28.6,0,13,2018
"Josh McCown",1085,"QB","NYJ",1,6,0,0,22,0,0,16.7,16.7,83.3,16.7,0,0,0,1,1,6,5,1,1,1,0,1,16.7,16.7,0,0,16.7,13,2018
"Tom Brady",698,"QB","NE",1,5,20,0,19,0,0,20,40,100,0,0,0,1,1,2,5,5,0,0,2,0,0,0,40,0,0,0,13,2018
"Colt McCoy",5609,"QB","WAS",1,3,33.3,0,32,0,0,0,0,100,0,0,1,1,0,0,3,3,0,2,0,1,0,66.7,0,1,33.3,0,13,2018
"Robert Griffin III",7008,"QB","BLT",1,1,0,0,3,0,0,100,0,100,0,0,0,0,1,0,1,1,0,0,0,0,0,0,0,0,0,0,13,2018
"Patrick Mahomes",11765,"QB","KC",1,22,0,0,16,2,5,13.6,13.6,63.6,0,0,8,0,3,3,22,14,0,2,6,8,1,9.1,27.3,1,36.4,4.5,14,2018
"Jared Goff",10635,"QB","LA",1,21,47.6,0,26,0,0,9.5,9.5,100,0,0,0,10,2,2,21,21,0,4,5,0,1,19,23.8,0,0,4.8,14,2018
"Deshaun Watson",11767,"QB","HST",1,19,5.3,0,13,1,4,10.5,31.6,63.2,0,0,7,1,2,6,19,12,0,2,2,7,0,10.5,10.5,2,36.8,0,14,2018
"Josh Allen",46601,"QB","BUF",1,18,5.6,0,4,1,0,11.1,5.6,72.2,11.1,0,2,1,2,1,18,13,2,6,4,2,2,33.3,22.2,1,11.1,11.1,14,2018
"Jameis Winston",9434,"QB","TB",1,18,16.7,0,30,0,0,5.6,16.7,100,0,0,2,3,1,3,18,18,0,9,5,2,1,50,27.8,2,11.1,5.6,14,2018
"Dak Prescott",10769,"QB","DAL",1,18,22.2,0,9,0,1,38.9,5.6,94.4,0,0,1,4,7,1,18,17,0,6,4,1,0,33.3,22.2,0,5.6,0,14,2018
"Cody Kessler",10727,"QB","JAX",1,16,0,0,15,0,1,6.3,31.3,75,12.5,0,1,0,1,5,16,12,2,2,6,1,1,12.5,37.5,0,6.3,6.3,14,2018
"Case Keenum",7323,"QB","DEN",1,16,12.5,0,10,1,2,12.5,6.3,68.8,12.5,0,3,2,2,1,16,11,2,7,2,3,0,43.8,12.5,0,18.8,0,14,2018
"Josh Rosen",35460,"QB","ARZ",1,15,26.7,0,1,0,2,6.7,33.3,73.3,6.7,0,3,4,1,5,15,11,1,2,4,3,0,13.3,26.7,1,20,0,14,2018
"Andrew Luck",7007,"QB","IND",1,14,7.1,0,14,0,0,7.1,28.6,92.9,0,0,0,1,1,4,14,13,0,6,1,0,1,42.9,7.1,0,0,7.1,14,2018
"Nick Mullens",12282,"QB","SF",1,14,21.4,0,28,0,1,14.3,7.1,85.7,0,0,2,3,2,1,14,12,0,3,1,2,2,21.4,7.1,1,14.3,14.3,14,2018
"Matt Ryan",4317,"QB","ATL",1,13,0,0,2,1,1,30.8,15.4,61.5,15.4,0,3,0,4,2,13,8,2,2,0,3,0,15.4,0,1,23.1,0,14,2018
"Aaron Rodgers",2241,"QB","GB",1,13,15.4,0,12,0,1,30.8,38.5,92.3,0,0,1,2,4,5,13,12,0,2,2,1,0,15.4,15.4,0,7.7,0,14,2018
"Cam Newton",6153,"QB","CAR",1,12,16.7,0,5,0,0,0,58.3,100,0,0,0,2,0,7,12,12,0,1,2,0,0,8.3,16.7,0,0,0,14,2018
"Russell Wilson",7077,"QB","SEA",1,11,18.2,0,29,0,3,18.2,0,72.7,-9.1,0,3,2,2,0,11,8,-1,3,3,3,1,27.3,27.3,0,27.3,9.1,14,2018
"Carson Wentz",10636,"QB","PHI",1,9,11.1,0,24,0,0,0,55.6,100,0,0,0,1,0,5,9,9,0,0,5,0,0,0,55.6,0,0,0,14,2018
"Lamar Jackson",46416,"QB","BLT",1,9,22.2,0,3,0,0,33.3,22.2,77.8,22.2,0,0,2,3,2,9,7,2,1,2,0,0,11.1,22.2,0,0,0,14,2018
"Mitchell Trubisky",11757,"QB","CHI",1,9,11.1,0,6,0,1,22.2,22.2,88.9,0,0,1,1,2,2,9,8,0,0,2,1,1,0,22.2,0,11.1,11.1,14,2018
"Derek Carr",8671,"QB","OAK",1,8,12.5,0,23,0,1,12.5,25,87.5,0,0,2,1,1,2,8,7,0,1,3,2,0,12.5,37.5,1,25,0,14,2018
"Jeff Driskel",10841,"QB","CIN",1,8,0,0,7,0,0,0,50,100,0,0,0,0,0,4,8,8,0,1,2,0,1,12.5,25,0,0,12.5,14,2018
"Kirk Cousins",7102,"QB","MIN",1,8,12.5,0,18,0,0,0,25,75,12.5,0,1,1,0,2,8,6,1,1,5,1,0,12.5,62.5,1,12.5,0,14,2018
"Ryan Tannehill",7014,"QB","MIA",1,7,28.6,0,17,1,0,57.1,14.3,71.4,14.3,0,1,2,4,1,7,5,1,0,1,1,0,0,14.3,0,14.3,0,14,2018
"Mark Sanchez",4928,"QB","WAS",1,7,0,0,32,0,0,0,0,42.9,14.3,0,3,0,0,0,7,3,1,3,0,3,0,42.9,0,3,42.9,0,14,2018
"Tom Brady",698,"QB","NE",1,7,0,0,19,0,0,28.6,28.6,85.7,14.3,0,1,0,2,2,7,6,1,1,1,1,0,14.3,14.3,1,14.3,0,14,2018
"Sam Darnold",29048,"QB","NYJ",1,7,28.6,0,22,0,1,0,28.6,71.4,14.3,0,1,2,0,2,7,5,1,0,1,1,0,0,14.3,0,14.3,0,14,2018
"Baker Mayfield",46518,"QB","CLV",1,5,0,0,8,0,0,0,60,80,20,0,0,0,0,3,5,4,1,1,1,0,0,20,20,0,0,0,14,2018
"Drew Brees",802,"QB","NO",1,5,0,0,20,0,0,40,40,100,0,0,0,0,2,2,5,5,0,1,1,0,0,20,20,0,0,0,14,2018
"Philip Rivers",1725,"QB","LAC",1,5,40,0,27,0,0,40,20,100,0,0,0,2,2,1,5,5,0,1,1,0,0,20,20,0,0,0,14,2018
"Josh Johnson",4474,"QB","WAS",1,4,25,0,32,0,1,0,25,75,0,0,1,1,0,1,4,3,0,0,0,1,1,0,0,0,25,25,14,2018
"Eli Manning",1722,"QB","NYG",1,4,0,0,21,0,0,0,25,100,0,0,0,0,0,1,4,4,0,2,2,0,0,50,50,0,0,0,14,2018
"Marcus Mariota",9435,"QB","TEN",1,4,25,0,31,0,0,50,0,100,0,0,0,1,2,0,4,4,0,2,1,0,0,50,25,0,0,0,14,2018
"Ben Roethlisberger",1732,"QB","PIT",1,3,33.3,0,25,0,0,33.3,33.3,100,0,0,0,1,1,1,3,3,0,0,0,0,0,0,0,0,0,0,14,2018
"Robert Griffin III",7008,"QB","BLT",1,2,50,0,3,0,0,0,0,100,0,0,0,1,0,0,2,2,0,0,0,0,1,0,0,0,0,50,14,2018
"Joshua Dobbs",11890,"QB","PIT",1,2,0,0,25,0,0,0,0,100,0,0,0,0,0,0,2,2,0,0,2,0,0,0,100,0,0,0,14,2018
"Matthew Stafford",4924,"QB","DET",1,1,0,0,11,0,0,0,100,100,0,0,0,0,0,1,1,1,0,0,0,0,0,0,0,0,0,0,14,2018
"Brock Osweiler",7059,"QB","MIA",1,1,0,0,17,0,0,0,100,100,0,0,0,0,0,1,1,1,0,0,1,0,0,0,100,0,0,0,14,2018
"Kyle Lauletta",46452,"QB","NYG",1,1,0,0,21,0,0,100,0,100,0,0,0,0,1,0,1,1,0,0,0,0,0,0,0,0,0,0,14,2018
"Joe Mixon",11803,"HB","CIN",1,1,0,0,7,0,0,0,0,0,100,0,1,0,0,0,1,0,1,0,0,0,0,0,0,1,0,0,14,2018
"Ryan Tannehill",7014,"QB","MIA",1,17,11.8,0,17,1,0,11.8,11.8,64.7,17.6,0,2,2,2,2,17,11,3,0,3,2,4,0,17.6,1,11.8,23.5,15,2018
"Derek Carr",8671,"QB","OAK",1,16,0,0,23,0,1,25,50,93.8,0,0,1,0,4,8,16,15,0,5,1,1,0,31.3,6.3,0,6.3,0,15,2018
"Philip Rivers",1725,"QB","LAC",1,16,6.3,0,27,0,0,31.3,18.8,100,0,0,0,1,5,3,16,16,0,4,8,0,0,25,50,0,0,0,15,2018
"Jared Goff",10635,"QB","LA",1,16,31.3,0,26,0,1,6.3,18.8,87.5,6.3,0,1,5,1,3,16,14,1,5,1,1,0,31.3,6.3,0,6.3,0,15,2018
"Sam Darnold",29048,"QB","NYJ",1,15,6.7,0,22,1,2,26.7,26.7,80,0,0,3,1,4,4,15,12,0,5,4,3,0,33.3,26.7,0,20,0,15,2018
"Aaron Rodgers",2241,"QB","GB",1,14,14.3,0,12,1,3,14.3,0,64.3,7.1,0,5,2,2,0,14,9,1,1,4,5,0,7.1,28.6,1,35.7,0,15,2018
"Deshaun Watson",11767,"QB","HST",1,14,14.3,0,13,2,2,14.3,7.1,64.3,0,0,5,2,2,1,14,9,0,3,1,5,1,21.4,7.1,1,35.7,7.1,15,2018
"Eli Manning",1722,"QB","NYG",1,14,7.1,0,21,1,0,21.4,7.1,85.7,7.1,0,1,1,3,1,14,12,1,3,4,1,0,21.4,28.6,0,7.1,0,15,2018
"Matthew Stafford",4924,"QB","DET",1,12,0,0,11,0,1,16.7,41.7,83.3,8.3,0,1,0,2,5,12,10,1,2,4,1,0,16.7,33.3,0,8.3,0,15,2018
"Cody Kessler",10727,"QB","JAX",1,12,0,0,15,0,1,25,33.3,83.3,8.3,0,1,0,3,4,12,10,1,4,2,1,0,33.3,16.7,0,8.3,0,15,2018
"Case Keenum",7323,"QB","DEN",1,12,25,0,10,2,3,0,8.3,50,8.3,0,5,3,0,1,12,6,1,1,2,5,0,8.3,16.7,0,41.7,0,15,2018
"Dak Prescott",10769,"QB","DAL",1,11,27.3,0,9,0,0,9.1,18.2,100,0,0,0,3,1,2,11,11,0,2,3,0,0,18.2,27.3,0,0,0,15,2018
"Josh Rosen",35460,"QB","ARZ",1,11,18.2,0,1,0,0,27.3,27.3,90.9,0,0,1,2,3,3,11,10,0,3,1,1,0,27.3,9.1,1,9.1,0,15,2018
"Russell Wilson",7077,"QB","SEA",1,10,0,0,29,0,1,20,10,80,0,0,3,0,2,1,10,8,0,3,1,3,1,30,10,2,30,10,15,2018
"Lamar Jackson",46416,"QB","BLT",1,10,30,0,3,1,1,0,0,50,10,0,4,3,0,0,10,5,1,2,0,4,0,20,0,2,40,0,15,2018
"Josh Johnson",4474,"QB","WAS",1,10,10,0,32,0,0,20,30,80,20,0,0,1,2,3,10,8,2,5,1,0,0,50,10,0,0,0,15,2018
"Ben Roethlisberger",1732,"QB","PIT",1,10,0,0,25,0,0,0,40,70,30,0,0,0,0,4,10,7,3,2,2,0,0,20,20,0,0,0,15,2018
"Patrick Mahomes",11765,"QB","KC",1,10,0,0,16,1,1,30,10,80,0,0,2,0,3,1,10,8,0,4,3,2,0,40,30,0,20,0,15,2018
"Nick Mullens",12282,"QB","SF",1,10,20,0,28,0,0,30,20,100,0,0,1,2,3,2,10,10,0,2,3,1,0,20,30,1,10,0,15,2018
"Jameis Winston",9434,"QB","TB",1,10,20,0,30,0,1,30,30,80,10,0,1,2,3,3,10,8,1,4,0,1,0,40,0,0,10,0,15,2018
"Tom Brady",698,"QB","NE",1,9,22.2,0,19,1,0,11.1,0,88.9,0,0,1,2,1,0,9,8,0,1,5,1,0,11.1,55.6,0,11.1,0,15,2018
"Baker Mayfield",46518,"QB","CLV",1,9,22.2,0,8,0,0,22.2,11.1,88.9,11.1,0,0,2,2,1,9,8,1,1,4,0,1,11.1,44.4,0,0,11.1,15,2018
"Cam Newton",6153,"QB","CAR",1,9,11.1,0,5,0,0,11.1,11.1,66.7,11.1,0,2,1,1,1,9,6,1,0,4,2,0,0,44.4,2,22.2,0,15,2018
"Josh Allen",46601,"QB","BUF",1,8,0,0,4,1,2,0,37.5,62.5,0,0,3,0,0,3,8,5,0,0,2,3,0,0,25,0,37.5,0,15,2018
"Drew Brees",802,"QB","NO",1,8,0,0,20,0,0,12.5,62.5,100,0,0,0,0,1,5,8,8,0,1,2,0,0,12.5,25,0,0,0,15,2018
"Matt Ryan",4317,"QB","ATL",1,8,0,0,2,0,0,12.5,25,100,0,0,0,0,1,2,8,8,0,4,0,0,1,50,0,0,0,12.5,15,2018
"Mitchell Trubisky",11757,"QB","CHI",1,7,0,0,6,0,0,14.3,28.6,85.7,14.3,0,0,0,1,2,7,6,1,1,2,0,0,14.3,28.6,0,0,0,15,2018
"Kirk Cousins",7102,"QB","MIN",1,6,16.7,0,18,0,1,33.3,50,83.3,0,0,1,1,2,3,6,5,0,0,1,1,0,0,16.7,0,16.7,0,15,2018
"Jeff Driskel",10841,"QB","CIN",1,6,33.3,0,7,0,0,0,16.7,100,0,0,0,2,0,1,6,6,0,2,2,0,0,33.3,33.3,0,0,0,15,2018
"Andrew Luck",7007,"QB","IND",1,6,0,0,14,1,1,33.3,0,66.7,0,0,2,0,2,0,6,4,0,1,1,2,0,16.7,16.7,0,33.3,0,15,2018
"Mike Glennon",7854,"QB","ARZ",1,5,0,0,1,0,0,20,60,100,0,0,0,0,1,3,5,5,0,1,1,0,0,20,20,0,0,0,15,2018
"Nick Foles",7089,"QB","PHI",1,4,25,0,24,0,0,0,50,100,0,0,0,1,0,2,4,4,0,1,0,0,0,25,0,0,0,0,15,2018
"Marcus Mariota",9435,"QB","TEN",1,3,0,0,31,1,0,0,33.3,66.7,33.3,0,1,0,0,1,3,2,1,1,0,1,0,33.3,0,0,33.3,0,15,2018
"Philip Rivers",1725,"QB","LAC",1,21,19,0,27,0,1,9.5,19,90.5,4.8,0,1,4,2,4,21,19,1,4,9,1,0,19,42.9,0,4.8,0,16,2018
"Deshaun Watson",11767,"QB","HST",1,19,5.3,0,13,0,1,21.1,42.1,84.2,-5.3,0,3,1,4,8,19,16,-1,3,3,3,3,15.8,15.8,2,15.8,15.8,16,2018
"Jameis Winston",9434,"QB","TB",1,17,0,0,30,0,0,23.5,35.3,100,0,0,1,0,4,6,17,17,0,7,2,1,0,41.2,11.8,1,5.9,0,16,2018
"Taylor Heinicke",9896,"QB","CAR",1,17,17.6,0,5,0,1,29.4,23.5,76.5,11.8,0,2,3,5,4,17,13,2,2,1,2,0,11.8,5.9,1,11.8,0,16,2018
"Russell Wilson",7077,"QB","SEA",1,17,23.5,0,29,0,2,47.1,0,82.4,0,0,3,4,8,0,17,14,0,3,0,3,0,17.6,0,1,17.6,0,16,2018
"Aaron Rodgers",2241,"QB","GB",1,17,23.5,0,12,2,0,17.6,0,70.6,11.8,0,2,4,3,0,17,12,2,6,0,2,2,35.3,0,0,11.8,11.8,16,2018
"Nick Mullens",12282,"QB","SF",1,15,6.7,0,28,0,2,6.7,6.7,86.7,-6.7,0,2,1,1,1,15,13,-1,4,6,2,2,26.7,40,0,13.3,13.3,16,2018
"Patrick Mahomes",11765,"QB","KC",1,15,6.7,0,16,1,1,20,33.3,86.7,0,0,2,1,3,5,15,13,0,3,2,2,0,20,13.3,0,13.3,0,16,2018
"Drew Brees",802,"QB","NO",1,14,21.4,0,20,0,0,28.6,28.6,100,-7.1,0,0,3,4,4,14,14,-1,2,5,0,2,14.3,35.7,0,0,14.3,16,2018
"Nick Foles",7089,"QB","PHI",1,14,7.1,0,24,0,3,14.3,28.6,78.6,0,0,3,1,2,4,14,11,0,1,2,3,1,7.1,14.3,0,21.4,7.1,16,2018
"Andrew Luck",7007,"QB","IND",1,13,7.7,0,14,0,1,7.7,38.5,76.9,7.7,0,2,1,1,5,13,10,1,1,4,2,0,7.7,30.8,1,15.4,0,16,2018
"Ben Roethlisberger",1732,"QB","PIT",1,13,23.1,0,25,0,0,23.1,30.8,92.3,7.7,0,0,3,3,4,13,12,1,3,5,0,0,23.1,38.5,0,0,0,16,2018
"Case Keenum",7323,"QB","DEN",1,12,33.3,0,10,0,1,16.7,8.3,83.3,8.3,0,1,4,2,1,12,10,1,5,2,1,0,41.7,16.7,0,8.3,0,16,2018
"Josh Rosen",35460,"QB","ARZ",1,12,33.3,0,1,0,0,33.3,33.3,100,0,0,0,4,4,4,12,12,0,2,2,0,0,16.7,16.7,0,0,0,16,2018
"Josh Allen",46601,"QB","BUF",1,11,18.2,0,4,1,1,18.2,9.1,81.8,-9.1,0,2,2,2,1,11,9,-1,2,2,2,2,18.2,18.2,0,18.2,18.2,16,2018
"Eli Manning",1722,"QB","NYG",1,10,10,0,21,1,0,20,20,80,0,0,1,1,2,2,10,8,0,1,3,1,1,10,30,0,10,10,16,2018
"Lamar Jackson",46416,"QB","BLT",1,10,10,0,3,0,2,10,0,40,10,0,5,1,1,0,10,4,1,0,2,5,0,0,20,3,50,0,16,2018
"Jared Goff",10635,"QB","LA",1,10,20,0,26,1,0,10,0,70,20,0,1,2,1,0,10,7,2,1,2,1,1,10,20,0,10,10,16,2018
"Ryan Tannehill",7014,"QB","MIA",1,10,20,0,17,0,0,30,40,100,0,0,0,2,3,4,10,10,0,1,1,0,1,10,10,0,0,10,16,2018
"Cody Kessler",10727,"QB","JAX",1,9,0,0,15,0,0,11.1,33.3,66.7,11.1,0,2,0,1,3,9,6,1,1,3,2,0,11.1,33.3,2,22.2,0,16,2018
"Tom Brady",698,"QB","NE",1,8,0,0,19,0,0,25,62.5,87.5,12.5,0,0,0,2,5,8,7,1,1,0,0,0,12.5,0,0,0,0,16,2018
"Josh Johnson",4474,"QB","WAS",1,8,12.5,0,32,0,0,0,37.5,87.5,0,0,1,1,0,3,8,7,0,1,1,1,2,12.5,12.5,1,12.5,25,16,2018
"Mitchell Trubisky",11757,"QB","CHI",1,8,0,0,6,0,1,37.5,37.5,62.5,0,0,3,0,3,3,8,5,0,1,0,3,0,12.5,0,2,37.5,0,16,2018
"Sam Darnold",29048,"QB","NYJ",1,8,37.5,0,22,0,0,37.5,12.5,100,0,0,0,3,3,1,8,8,0,1,0,0,1,12.5,0,0,0,12.5,16,2018
"Baker Mayfield",46518,"QB","CLV",1,7,14.3,0,8,0,2,14.3,42.9,71.4,0,0,2,1,1,3,7,5,0,0,1,2,0,0,14.3,0,28.6,0,16,2018
"Jeff Driskel",10841,"QB","CIN",1,6,0,0,7,0,0,0,50,83.3,16.7,0,0,0,0,3,6,5,1,1,2,0,0,16.7,33.3,0,0,0,16,2018
"Matthew Stafford",4924,"QB","DET",1,6,0,0,11,0,0,33.3,0,83.3,0,0,0,0,2,0,6,5,0,0,3,0,1,0,50,0,0,16.7,16,2018
"Kirk Cousins",7102,"QB","MIN",1,6,16.7,0,18,0,0,50,33.3,100,0,0,0,1,3,2,6,6,0,1,0,0,0,16.7,0,0,0,0,16,2018
"Dak Prescott",10769,"QB","DAL",1,5,40,0,9,0,0,40,0,100,0,0,0,2,2,0,5,5,0,0,1,0,0,0,20,0,0,0,16,2018
"Matt Ryan",4317,"QB","ATL",1,5,0,0,2,1,0,20,20,80,0,0,1,0,1,1,5,4,0,1,1,1,0,20,20,0,20,0,16,2018
"Marcus Mariota",9435,"QB","TEN",1,5,20,0,31,0,0,20,20,100,0,0,0,1,1,1,5,5,0,2,1,0,0,40,20,0,0,0,16,2018
"Derek Carr",8671,"QB","OAK",1,4,0,0,23,0,0,0,75,100,0,0,0,0,0,3,4,4,0,1,2,0,0,25,50,0,0,0,16,2018
"Blaine Gabbert",6162,"QB","TEN",1,3,0,0,31,0,0,0,0,100,0,0,0,0,0,0,3,3,0,2,1,0,0,66.7,33.3,0,0,0,16,2018
"Blake Bortles",8638,"QB","JAX",1,2,0,0,15,0,0,0,0,100,0,0,0,0,0,0,2,2,0,0,2,0,0,0,100,0,0,0,16,2018
"Matt Cassel",2447,"QB","DET",1,2,0,0,11,0,0,0,100,100,0,0,0,0,0,2,2,2,0,0,0,0,0,0,0,0,0,0,16,2018
"Kyle Allen",26152,"QB","CAR",1,1,0,0,5,0,0,0,100,100,0,0,0,0,0,1,1,1,0,0,0,0,0,0,0,0,0,0,16,2018
"Taysom Hill",12112,"QB","NO",1,1,100,0,20,0,0,100,0,100,0,0,0,1,1,0,1,1,0,0,0,0,0,0,0,0,0,0,16,2018
"Dede Westbrook",11865,"WR","JAX",1,1,0,0,15,1,0,0,0,0,100,0,1,0,0,0,1,0,1,0,0,0,0,0,0,0,0,0,16,2018
"Mike Glennon",7854,"QB","ARZ",1,1,100,0,1,0,0,0,0,100,0,0,0,1,0,0,1,1,0,0,0,0,0,0,0,0,0,0,16,2018
"Josh Johnson",4474,"QB","WAS",1,19,0,0,32,1,3,21.1,31.6,78.9,0,0,4,0,4,6,19,15,0,5,3,4,0,26.3,15.8,0,21.1,0,17,2018
"Kirk Cousins",7102,"QB","MIN",1,19,31.6,0,18,0,1,21.1,26.3,94.7,0,0,1,6,4,5,19,18,0,5,3,1,0,26.3,15.8,0,5.3,0,17,2018
"Dak Prescott",10769,"QB","DAL",1,19,15.8,0,9,0,0,21.1,31.6,89.5,5.3,0,1,3,4,6,19,17,1,4,4,1,0,21.1,21.1,1,5.3,0,17,2018
"Deshaun Watson",11767,"QB","HST",1,18,11.1,0,13,1,1,22.2,16.7,72.2,5.6,0,3,2,4,3,18,13,1,4,3,3,1,22.2,16.7,1,16.7,5.6,17,2018
"Case Keenum",7323,"QB","DEN",1,17,5.9,0,10,0,1,29.4,11.8,82.4,11.8,0,1,1,5,2,17,14,2,4,3,1,0,23.5,17.6,0,5.9,0,17,2018
"Ben Roethlisberger",1732,"QB","PIT",1,13,0,0,25,2,3,30.8,23.1,69.2,0,0,5,0,4,3,13,9,0,1,3,5,0,7.7,23.1,0,38.5,0,17,2018
"Ryan Tannehill",7014,"QB","MIA",1,12,8.3,0,17,1,1,33.3,0,66.7,16.7,0,2,1,4,0,12,8,2,1,0,2,2,8.3,0,0,16.7,16.7,17,2018
"Sam Darnold",29048,"QB","NYJ",1,12,0,0,22,0,3,16.7,8.3,58.3,0,0,5,0,2,1,12,7,0,2,3,5,1,16.7,25,2,41.7,8.3,17,2018
"Blake Bortles",8638,"QB","JAX",1,12,8.3,0,15,0,0,33.3,33.3,91.7,0,0,1,1,4,4,12,11,0,1,5,1,1,8.3,41.7,1,8.3,8.3,17,2018
"Eli Manning",1722,"QB","NYG",1,12,8.3,0,21,0,1,8.3,33.3,91.7,0,0,1,1,1,4,12,11,0,3,2,1,0,25,16.7,0,8.3,0,17,2018
"Nick Mullens",12282,"QB","SF",1,11,27.3,0,28,0,0,18.2,0,90.9,0,0,1,3,2,0,11,10,0,3,5,1,0,27.3,45.5,1,9.1,0,17,2018
"Jameis Winston",9434,"QB","TB",1,11,18.2,0,30,0,0,18.2,18.2,90.9,9.1,0,0,2,2,2,11,10,1,2,2,0,1,18.2,18.2,0,0,9.1,17,2018
"Josh Rosen",35460,"QB","ARZ",1,11,0,0,1,0,0,27.3,45.5,81.8,0,0,2,0,3,5,11,9,0,1,2,2,0,9.1,18.2,2,18.2,0,17,2018
"Matt Ryan",4317,"QB","ATL",1,11,0,0,2,0,0,18.2,27.3,90.9,0,0,1,0,2,3,11,10,0,1,4,1,1,9.1,36.4,1,9.1,9.1,17,2018
"Russell Wilson",7077,"QB","SEA",1,10,30,0,29,0,0,20,10,90,10,0,0,3,2,1,10,9,1,2,2,0,2,20,20,0,0,20,17,2018
"Jeff Driskel",10841,"QB","CIN",1,10,10,0,7,0,0,30,20,100,0,0,0,1,3,2,10,10,0,2,2,0,0,20,20,0,0,0,17,2018
"Kyle Allen",26152,"QB","CAR",1,10,10,0,5,0,0,30,20,90,10,0,0,1,3,2,10,9,1,0,3,0,0,0,30,0,0,0,17,2018
"Teddy Bridgewater",8667,"QB","NO",1,10,0,0,20,0,0,50,20,100,0,0,1,0,5,2,10,10,0,3,2,1,0,30,20,1,10,0,17,2018
"Derek Carr",8671,"QB","OAK",1,10,10,0,23,0,0,20,30,100,0,0,0,1,2,3,10,10,0,3,3,0,0,30,30,0,0,0,17,2018
"Josh Allen",46601,"QB","BUF",1,9,0,0,4,2,0,11.1,11.1,66.7,11.1,0,2,0,1,1,9,6,1,1,2,2,1,11.1,22.2,0,22.2,11.1,17,2018
"Philip Rivers",1725,"QB","LAC",1,9,22.2,0,27,0,0,11.1,22.2,100,0,0,0,2,1,2,9,9,0,2,4,0,0,22.2,44.4,0,0,0,17,2018
"DeShone Kizer",11807,"QB","GB",1,9,11.1,0,12,1,1,11.1,55.6,77.8,0,0,2,1,1,5,9,7,0,2,0,2,0,22.2,0,0,22.2,0,17,2018
"Baker Mayfield",46518,"QB","CLV",1,9,0,0,8,1,1,0,33.3,66.7,11.1,0,2,0,0,3,9,6,1,1,2,2,0,11.1,22.2,0,22.2,0,17,2018
"Mitchell Trubisky",11757,"QB","CHI",1,7,0,0,6,0,0,42.9,28.6,100,0,0,0,0,3,2,7,7,0,2,2,0,0,28.6,28.6,0,0,0,17,2018
"Nick Foles",7089,"QB","PHI",1,7,0,0,24,0,0,28.6,14.3,71.4,14.3,0,1,0,2,1,7,5,1,2,0,1,0,28.6,0,1,14.3,0,17,2018
"Tom Brady",698,"QB","NE",1,7,28.6,0,19,0,0,57.1,14.3,100,0,0,0,2,4,1,7,7,0,2,1,0,0,28.6,14.3,0,0,0,17,2018
"Andrew Luck",7007,"QB","IND",1,5,20,0,14,0,0,20,20,100,0,0,0,1,1,1,5,5,0,1,1,0,0,20,20,0,0,0,17,2018
"Blaine Gabbert",6162,"QB","TEN",1,4,0,0,31,0,1,25,25,75,0,0,1,0,1,1,4,3,0,1,0,1,0,25,0,0,25,0,17,2018
"Lamar Jackson",46416,"QB","BLT",1,3,0,0,3,0,0,0,66.7,66.7,33.3,0,0,0,0,2,3,2,1,0,0,0,0,0,0,0,0,0,17,2018
"Jared Goff",10635,"QB","LA",1,3,33.3,0,26,0,0,33.3,0,66.7,33.3,0,0,1,1,0,3,2,1,1,0,0,0,33.3,0,0,0,0,17,2018
"Patrick Mahomes",11765,"QB","KC",1,3,0,0,16,1,1,33.3,0,33.3,0,0,2,0,1,0,3,1,0,0,0,2,0,0,0,0,66.7,0,17,2018
"Matthew Stafford",4924,"QB","DET",1,3,0,0,11,0,0,66.7,33.3,66.7,0,0,1,0,2,1,3,2,0,0,0,1,0,0,0,1,33.3,0,17,2018
"Aaron Rodgers",2241,"QB","GB",1,2,0,0,12,0,1,50,0,50,0,0,1,0,1,0,2,1,0,0,0,1,0,0,0,0,50,0,17,2018
"Garrett Gilbert",8848,"QB","CAR",1,1,0,0,5,0,0,0,0,100,0,0,0,0,0,0,1,1,0,0,1,0,0,0,100,0,0,0,17,2018
"Elijah McGuire",11943,"HB","NYJ",1,1,0,0,22,0,0,0,0,100,0,0,0,0,0,0,1,1,0,0,0,0,1,0,0,0,0,100,17,2018
"Geno Smith",7820,"QB","LAC",1,1,0,0,27,0,0,0,0,0,0,0,1,0,0,0,1,0,0,0,0,1,0,0,0,1,100,0,17,2018
"Carson Palmer",1317,"QB","ARZ",1,20,5,0,1,0,0,20,65,100,0,0,0,1,4,13,20,20,0,1,5,0,0,5,25,0,0,0,1,2017
"DeShone Kizer",11807,"QB","CLV",1,17,29.4,0,8,0,1,11.8,5.9,76.5,11.8,0,3,5,2,1,17,13,2,1,4,3,1,5.9,23.5,2,17.6,5.9,1,2017
"Kirk Cousins",7102,"QB","WAS",1,16,6.3,0,32,0,0,18.8,25,93.8,0,0,1,1,3,4,16,15,0,4,4,1,1,25,25,1,6.3,6.3,1,2017
"Carson Wentz",10636,"QB","PHI",1,15,20,0,24,0,1,13.3,26.7,86.7,6.7,0,1,3,2,4,15,13,1,1,2,1,1,6.7,13.3,0,6.7,6.7,1,2017
"Deshaun Watson",11767,"QB","HST",1,15,6.7,0,13,0,0,6.7,26.7,86.7,6.7,0,1,1,1,4,15,13,1,1,9,1,0,6.7,60,1,6.7,0,1,2017
"Matthew Stafford",4924,"QB","DET",1,15,13.3,0,11,0,1,26.7,20,80,6.7,0,2,2,4,3,15,12,1,3,2,2,0,20,13.3,1,13.3,0,1,2017
"Mike Glennon",7854,"QB","CHI",1,14,21.4,0,6,0,0,21.4,35.7,92.9,0,0,1,3,3,5,14,13,0,1,3,1,0,7.1,21.4,1,7.1,0,1,2017
"Trevor Siemian",9683,"QB","DEN",1,14,7.1,0,10,0,0,14.3,14.3,100,0,0,0,1,2,2,14,14,0,4,8,0,1,28.6,57.1,0,0,7.1,1,2017
"Tom Brady",698,"QB","NE",1,13,30.8,0,19,0,0,7.7,15.4,100,0,0,0,4,1,2,13,13,0,0,6,0,0,0,46.2,0,0,0,1,2017
"Russell Wilson",7077,"QB","SEA",1,13,7.7,0,29,1,1,23.1,30.8,84.6,0,0,2,1,3,4,13,11,0,2,3,2,0,15.4,23.1,0,15.4,0,1,2017
"Andy Dalton",6187,"QB","CIN",1,12,33.3,0,7,0,0,0,50,100,0,0,0,4,0,6,12,12,0,3,2,0,0,25,16.7,0,0,0,1,2017
"Tom Savage",8770,"QB","HST",1,11,18.2,0,13,0,0,27.3,18.2,100,0,0,0,2,3,2,11,11,0,4,4,0,0,36.4,36.4,0,0,0,1,2017
"Brian Hoyer",5277,"QB","SF",1,11,0,0,28,0,0,54.5,18.2,90.9,9.1,0,0,0,6,2,11,10,1,1,0,0,1,9.1,0,0,0,9.1,1,2017
"Alex Smith",2218,"QB","KC",1,11,36.4,0,16,0,0,27.3,18.2,100,0,0,1,4,3,2,11,11,0,0,3,1,0,0,27.3,1,9.1,0,1,2017
"Eli Manning",1722,"QB","NYG",1,11,0,0,21,0,0,27.3,27.3,100,0,0,0,0,3,3,11,11,0,3,6,0,0,27.3,54.5,0,0,0,1,2017
"Philip Rivers",1725,"QB","LAC",1,10,20,0,27,0,0,10,20,90,10,0,0,2,1,2,10,9,1,0,4,0,0,0,40,0,0,0,1,2017
"Jared Goff",10635,"QB","LA",1,10,20,0,26,0,0,50,0,100,-20,0,0,2,5,0,10,10,-2,2,1,0,2,20,10,0,0,20,1,2017
"Marcus Mariota",9435,"QB","TEN",1,10,40,0,31,0,1,20,20,100,0,0,1,4,2,2,10,10,0,0,5,1,0,0,50,0,10,0,1,2017
"Scott Tolzien",6749,"QB","IND",1,10,10,0,14,0,0,40,30,100,0,0,0,1,4,3,10,10,0,3,1,0,0,30,10,0,0,0,1,2017
"Aaron Rodgers",2241,"QB","GB",1,9,22.2,0,12,0,0,44.4,11.1,77.8,0,0,2,2,4,1,9,7,0,1,3,2,0,11.1,33.3,2,22.2,0,1,2017
"Josh McCown",1085,"QB","NYJ",1,9,11.1,0,22,0,0,22.2,22.2,88.9,11.1,0,0,1,2,2,9,8,1,2,2,0,1,22.2,22.2,0,0,11.1,1,2017
"Joe Flacco",4332,"QB","BLT",1,7,14.3,0,3,0,0,42.9,42.9,100,0,0,0,1,3,3,7,7,0,1,2,0,0,14.3,28.6,0,0,0,1,2017
"Tyrod Taylor",6332,"QB","BUF",1,7,28.6,0,4,0,0,0,28.6,100,0,0,0,2,0,2,7,7,0,2,0,0,1,28.6,0,0,0,14.3,1,2017
"Matt Ryan",4317,"QB","ATL",1,7,14.3,0,2,0,1,0,0,57.1,28.6,0,1,1,0,0,7,4,2,3,0,1,0,42.9,0,0,14.3,0,1,2017
"Dak Prescott",10769,"QB","DAL",1,6,0,0,9,0,1,0,0,50,16.7,0,2,0,0,0,6,3,1,0,2,2,1,0,33.3,1,33.3,16.7,1,2017
"Drew Brees",802,"QB","NO",1,6,0,0,20,0,1,16.7,33.3,83.3,0,0,1,0,1,2,6,5,0,2,2,1,0,33.3,33.3,0,16.7,0,1,2017
"Cam Newton",6153,"QB","CAR",1,6,16.7,0,5,0,0,33.3,16.7,100,0,0,0,1,2,1,6,6,0,1,2,0,0,16.7,33.3,0,0,0,1,2017
"Sam Bradford",5526,"QB","MIN",1,5,20,0,18,0,0,0,0,80,20,0,0,1,0,0,5,4,1,1,2,0,0,20,40,0,0,0,1,2017
"Blake Bortles",8638,"QB","JAX",1,5,20,0,15,1,0,20,20,80,0,0,1,1,1,1,5,4,0,1,1,1,0,20,20,0,20,0,1,2017
"Derek Carr",8671,"QB","OAK",1,3,0,0,23,0,0,0,33.3,66.7,33.3,0,0,0,0,1,3,2,1,0,1,0,0,0,33.3,0,0,0,1,2017
"Ben Roethlisberger",1732,"QB","PIT",1,3,33.3,0,25,0,1,0,33.3,66.7,0,0,1,1,0,1,3,2,0,0,0,1,0,0,0,0,33.3,0,1,2017
"Jacoby Brissett",10725,"QB","IND",1,1,0,0,14,0,0,0,0,100,0,0,0,0,0,0,1,1,0,1,0,0,0,100,0,0,0,0,1,2017
"Russell Wilson",7077,"QB","SEA",1,19,0,0,29,0,0,26.3,31.6,84.2,5.3,0,2,0,5,6,19,16,1,6,3,2,0,31.6,15.8,2,10.5,0,2,2017
"Dak Prescott",10769,"QB","DAL",1,19,10.5,0,9,0,0,26.3,26.3,100,0,0,0,2,5,5,19,19,0,0,11,0,0,0,57.9,0,0,0,2,2017
"Case Keenum",7323,"QB","MIN",1,17,17.6,0,18,2,0,0,23.5,76.5,5.9,0,3,3,0,4,17,13,1,2,4,3,1,11.8,23.5,1,17.6,5.9,2,2017
"Mike Glennon",7854,"QB","CHI",1,17,23.5,0,6,1,0,17.6,17.6,94.1,0,0,1,4,3,3,17,16,0,4,5,1,0,23.5,29.4,0,5.9,0,2,2017
"Philip Rivers",1725,"QB","LAC",1,16,6.3,0,27,1,0,18.8,12.5,87.5,6.3,0,1,1,3,2,16,14,1,5,5,1,0,31.3,31.3,0,6.3,0,2,2017
"Carson Wentz",10636,"QB","PHI",1,16,0,0,24,0,2,37.5,12.5,75,12.5,0,3,0,6,2,16,12,2,3,2,3,1,18.8,12.5,1,18.8,6.3,2,2017
"Tom Brady",698,"QB","NE",1,14,14.3,0,19,0,0,21.4,28.6,92.9,0,0,1,2,3,4,14,13,0,2,3,1,0,14.3,21.4,1,7.1,0,2,2017
"Jacoby Brissett",10725,"QB","IND",1,13,7.7,0,14,0,0,7.7,38.5,92.3,7.7,0,1,1,1,5,13,12,1,3,4,1,0,23.1,30.8,1,7.7,0,2,2017
"Aaron Rodgers",2241,"QB","GB",1,13,7.7,0,12,2,2,30.8,23.1,61.5,7.7,0,4,1,4,3,13,8,1,0,2,4,0,0,15.4,0,30.8,0,2,2017
"Carson Palmer",1317,"QB","ARZ",1,13,15.4,0,1,0,0,15.4,7.7,100,0,0,0,2,2,1,13,13,0,4,5,0,2,30.8,38.5,0,0,15.4,2,2017
"Cam Newton",6153,"QB","CAR",1,12,0,0,5,0,0,0,58.3,91.7,8.3,0,0,0,0,7,12,11,1,2,2,0,0,16.7,16.7,0,0,0,2,2017
"Eli Manning",1722,"QB","NYG",1,12,8.3,0,21,0,0,16.7,25,91.7,0,0,1,1,2,3,12,11,0,2,6,1,0,16.7,50,1,8.3,0,2,2017
"Matt Ryan",4317,"QB","ATL",1,12,0,0,2,1,0,16.7,25,91.7,0,0,1,0,2,3,12,11,0,1,6,1,1,8.3,50,0,8.3,8.3,2,2017
"Andy Dalton",6187,"QB","CIN",1,12,25,0,7,0,0,8.3,25,100,0,0,0,3,1,3,12,12,0,3,6,0,0,25,50,0,0,0,2,2017
"Jared Goff",10635,"QB","LA",1,11,9.1,0,26,0,0,0,9.1,100,0,0,0,1,0,1,11,11,0,5,4,0,1,45.5,36.4,0,0,9.1,2,2017
"DeShone Kizer",11807,"QB","CLV",1,10,0,0,8,0,0,0,20,90,0,0,2,0,0,2,10,9,0,2,4,2,2,20,40,2,20,20,2,2017
"Drew Brees",802,"QB","NO",1,10,20,0,20,0,0,0,40,100,0,0,0,2,0,4,10,10,0,2,3,0,0,20,30,0,0,0,2,2017
"Ben Roethlisberger",1732,"QB","PIT",1,10,30,0,25,0,0,10,70,90,0,0,0,3,1,7,10,9,0,1,1,0,2,10,10,0,0,20,2,2017
"Jay Cutler",2956,"QB","MIA",1,10,0,0,17,0,0,20,50,100,0,0,0,0,2,5,10,10,0,2,1,0,1,20,10,0,0,10,2,2017
"Tyrod Taylor",6332,"QB","BUF",1,10,10,0,4,0,2,10,30,60,10,0,3,1,1,3,10,6,1,1,2,3,0,10,20,1,30,0,2,2017
"Trevor Siemian",9683,"QB","DEN",1,10,20,0,10,0,0,20,10,100,0,0,0,2,2,1,10,10,0,0,5,0,0,0,50,0,0,0,2,2017
"Deshaun Watson",11767,"QB","HST",1,10,0,0,13,0,1,40,30,80,0,0,2,0,4,3,10,8,0,3,3,2,0,30,30,1,20,0,2,2017
"Josh McCown",1085,"QB","NYJ",1,9,22.2,0,22,0,0,0,11.1,88.9,-11.1,0,1,2,0,1,9,8,-1,2,3,1,1,22.2,33.3,1,11.1,11.1,2,2017
"Alex Smith",2218,"QB","KC",1,9,0,0,16,0,1,33.3,33.3,88.9,11.1,0,1,0,3,3,9,8,1,0,3,1,0,0,33.3,0,11.1,0,2,2017
"Blake Bortles",8638,"QB","JAX",1,9,11.1,0,15,0,0,0,55.6,100,0,0,0,1,0,5,9,9,0,3,2,0,0,33.3,22.2,0,0,0,2,2017
"Matthew Stafford",4924,"QB","DET",1,8,0,0,11,0,0,0,75,100,0,0,0,0,0,6,8,8,0,1,2,0,0,12.5,25,0,0,0,2,2017
"Marcus Mariota",9435,"QB","TEN",1,8,0,0,31,0,1,12.5,12.5,62.5,25,0,1,0,1,1,8,5,2,0,3,1,1,0,37.5,0,12.5,12.5,2,2017
"Kirk Cousins",7102,"QB","WAS",1,8,0,0,32,0,1,50,0,75,0,0,1,0,4,0,8,6,0,1,2,1,1,12.5,25,0,12.5,12.5,2,2017
"Brian Hoyer",5277,"QB","SF",1,7,0,0,28,0,0,28.6,42.9,85.7,0,0,1,0,2,3,7,6,0,1,0,1,0,14.3,0,1,14.3,0,2,2017
"Jameis Winston",9434,"QB","TB",1,7,14.3,0,30,0,0,0,71.4,85.7,-14.3,0,1,1,0,5,7,6,-1,2,0,1,1,28.6,0,1,14.3,14.3,2,2017
"Joe Flacco",4332,"QB","BLT",1,4,0,0,3,0,1,25,50,75,0,0,1,0,1,2,4,3,0,0,0,1,0,0,0,0,25,0,2,2017
"Kevin Hogan",10796,"QB","CLV",1,3,0,0,8,0,0,33.3,0,66.7,0,0,1,0,1,0,3,2,0,1,0,1,0,33.3,0,1,33.3,0,2,2017
"Derek Carr",8671,"QB","OAK",1,2,0,0,23,0,0,50,50,100,0,0,0,0,1,1,2,2,0,0,0,0,0,0,0,0,0,0,2,2017
"Russell Wilson",7077,"QB","SEA",1,23,4.3,0,29,2,4,4.3,47.8,82.6,0,0,6,1,1,11,23,19,0,6,5,6,0,26.1,21.7,0,26.1,0,3,2017
"Aaron Rodgers",2241,"QB","GB",1,21,9.5,0,12,0,0,9.5,42.9,90.5,0,0,2,2,2,9,21,19,0,5,6,2,0,23.8,28.6,2,9.5,0,3,2017
"Carson Palmer",1317,"QB","ARZ",1,20,10,0,1,0,1,5,30,95,0,0,1,2,1,6,20,19,0,4,9,1,1,20,45,0,5,5,3,2017
"Matthew Stafford",4924,"QB","DET",1,18,22.2,0,11,0,0,27.8,27.8,100,0,0,0,4,5,5,18,18,0,6,4,0,0,33.3,22.2,0,0,0,3,2017
"Jay Cutler",2956,"QB","MIA",1,15,20,0,17,0,0,20,26.7,93.3,6.7,0,0,3,3,4,15,14,1,3,1,0,2,20,6.7,0,0,13.3,3,2017
"Deshaun Watson",11767,"QB","HST",1,15,6.7,0,13,3,2,26.7,13.3,60,0,0,6,1,4,2,15,9,0,1,4,6,0,6.7,26.7,1,40,0,3,2017
"DeShone Kizer",11807,"QB","CLV",1,15,13.3,0,8,1,0,6.7,0,93.3,0,0,1,2,1,0,15,14,0,4,8,1,1,26.7,53.3,0,6.7,6.7,3,2017
"Brian Hoyer",5277,"QB","SF",1,15,20,0,28,0,0,20,0,73.3,20,0,1,3,3,0,15,11,3,4,2,1,0,26.7,13.3,1,6.7,0,3,2017
"Trevor Siemian",9683,"QB","DEN",1,14,7.1,0,10,0,3,21.4,50,71.4,0,0,4,1,3,7,14,10,0,0,1,4,0,0,7.1,1,28.6,0,3,2017
"Tom Brady",698,"QB","NE",1,11,18.2,0,19,0,0,36.4,45.5,100,0,0,0,2,4,5,11,11,0,2,4,0,0,18.2,36.4,0,0,0,3,2017
"Philip Rivers",1725,"QB","LAC",1,11,0,0,27,1,0,18.2,0,81.8,9.1,0,1,0,2,0,11,9,1,3,5,1,0,27.3,45.5,0,9.1,0,3,2017
"Mike Glennon",7854,"QB","CHI",1,11,36.4,0,6,0,0,27.3,9.1,100,0,0,0,4,3,1,11,11,0,0,2,0,1,0,18.2,0,0,9.1,3,2017
"Matt Ryan",4317,"QB","ATL",1,10,0,0,2,0,0,10,10,100,0,0,0,0,1,1,10,10,0,2,5,0,1,20,50,0,0,10,3,2017
"Derek Carr",8671,"QB","OAK",1,10,0,0,23,0,0,20,10,90,0,0,1,0,2,1,10,9,0,6,4,1,1,60,40,1,10,10,3,2017
"Joe Flacco",4332,"QB","BLT",1,10,10,0,3,0,0,20,40,100,0,0,0,1,2,4,10,10,0,2,3,0,1,20,30,0,0,10,3,2017
"Cam Newton",6153,"QB","CAR",1,10,10,0,5,0,0,0,30,70,30,0,0,1,0,3,10,7,3,0,4,0,0,0,40,0,0,0,3,2017
"Andy Dalton",6187,"QB","CIN",1,10,0,0,7,1,0,20,50,80,10,0,1,0,2,5,10,8,1,0,3,1,1,0,30,0,10,10,3,2017
"Jared Goff",10635,"QB","LA",1,10,10,0,26,0,0,10,0,100,0,0,0,1,1,0,10,10,0,6,2,0,1,60,20,0,0,10,3,2017
"Blake Bortles",8638,"QB","JAX",1,9,0,0,15,0,2,0,22.2,66.7,11.1,0,2,0,0,2,9,6,1,2,3,2,0,22.2,33.3,0,22.2,0,3,2017
"Tyrod Taylor",6332,"QB","BUF",1,9,11.1,0,4,0,0,11.1,22.2,77.8,0,0,2,1,1,2,9,7,0,0,3,2,1,0,33.3,2,22.2,11.1,3,2017
"Jameis Winston",9434,"QB","TB",1,9,0,0,30,0,0,11.1,44.4,100,0,0,0,0,1,4,9,9,0,3,2,0,0,33.3,22.2,0,0,0,3,2017
"Ben Roethlisberger",1732,"QB","PIT",1,7,28.6,0,25,0,2,0,28.6,71.4,0,0,2,2,0,2,7,5,0,0,4,2,0,0,57.1,0,28.6,0,3,2017
"Case Keenum",7323,"QB","MIN",1,7,42.9,0,18,0,0,28.6,14.3,85.7,14.3,0,0,3,2,1,7,6,1,1,0,0,0,14.3,0,0,0,0,3,2017
"Jacoby Brissett",10725,"QB","IND",1,7,14.3,0,14,0,1,14.3,0,57.1,28.6,0,1,1,1,0,7,4,2,0,1,1,1,0,14.3,0,14.3,14.3,3,2017
"Kirk Cousins",7102,"QB","WAS",1,6,33.3,0,32,0,0,0,16.7,100,0,0,0,2,0,1,6,6,0,2,1,0,0,33.3,16.7,0,0,0,3,2017
"Eli Manning",1722,"QB","NYG",1,6,0,0,21,0,0,0,33.3,100,0,0,0,0,0,2,6,6,0,2,2,0,0,33.3,33.3,0,0,0,3,2017
"Josh McCown",1085,"QB","NYJ",1,6,0,0,22,1,0,16.7,0,83.3,0,0,1,0,1,0,6,5,0,2,4,1,0,33.3,66.7,0,16.7,0,3,2017
"Dak Prescott",10769,"QB","DAL",1,5,0,0,9,0,1,20,40,80,0,0,1,0,1,2,5,4,0,0,1,1,0,0,20,0,20,0,3,2017
"Drew Brees",802,"QB","NO",1,4,0,0,20,0,0,25,50,100,0,0,0,0,1,2,4,4,0,0,1,0,0,0,25,0,0,0,3,2017
"Alex Smith",2218,"QB","KC",1,4,0,0,16,0,0,0,25,100,0,0,0,0,0,1,4,4,0,2,2,0,1,50,50,0,0,25,3,2017
"Marcus Mariota",9435,"QB","TEN",1,2,0,0,31,0,0,0,0,50,50,0,0,0,0,0,2,1,1,1,0,0,0,50,0,0,0,0,3,2017
"Ryan Mallett",6226,"QB","BLT",1,2,0,0,3,0,0,0,50,100,0,0,0,0,0,1,2,2,0,0,1,0,0,0,50,0,0,0,3,2017
"Carson Wentz",10636,"QB","PHI",1,2,0,0,24,0,0,50,0,100,0,0,0,0,1,0,2,2,0,0,0,0,1,0,0,0,0,50,3,2017
"Chad Henne",4371,"QB","JAX",1,1,0,0,15,0,0,0,100,100,0,0,0,0,0,1,1,1,0,0,0,0,0,0,0,0,0,0,3,2017
"Carson Palmer",1317,"QB","ARZ",1,22,9.1,0,1,0,0,40.9,22.7,86.4,9.1,0,1,2,9,5,22,19,2,4,2,1,1,18.2,9.1,1,4.5,4.5,4,2017
"Dak Prescott",10769,"QB","DAL",1,17,11.8,0,9,1,0,35.3,17.6,88.2,0,0,2,2,6,3,17,15,0,3,3,2,1,17.6,17.6,1,11.8,5.9,4,2017
"Alex Smith",2218,"QB","KC",1,17,17.6,0,16,0,0,23.5,11.8,82.4,17.6,0,0,3,4,2,17,14,3,4,4,0,1,23.5,23.5,0,0,5.9,4,2017
"Jay Cutler",2956,"QB","MIA",1,16,0,0,17,0,0,18.8,6.3,93.8,0,0,1,0,3,1,16,15,0,6,5,1,1,37.5,31.3,1,6.3,6.3,4,2017
"Jacoby Brissett",10725,"QB","IND",1,16,12.5,0,14,0,1,25,12.5,87.5,6.3,0,1,2,4,2,16,14,1,4,6,1,0,25,37.5,0,6.3,0,4,2017
"Matt Ryan",4317,"QB","ATL",1,15,0,0,2,0,0,13.3,40,86.7,13.3,0,0,0,2,6,15,13,2,1,5,0,0,6.7,33.3,0,0,0,4,2017
"Brian Hoyer",5277,"QB","SF",1,14,21.4,0,28,0,1,14.3,28.6,85.7,0,0,2,3,2,4,14,12,0,2,3,2,2,14.3,21.4,1,14.3,14.3,4,2017
"Philip Rivers",1725,"QB","LAC",1,14,35.7,0,27,0,0,21.4,14.3,92.9,7.1,0,2,5,3,2,14,13,1,3,2,2,0,21.4,14.3,2,14.3,0,4,2017
"Case Keenum",7323,"QB","MIN",1,14,7.1,0,18,0,0,0,21.4,85.7,7.1,0,1,1,0,3,14,12,1,5,3,1,2,35.7,21.4,1,7.1,14.3,4,2017
"Trevor Siemian",9683,"QB","DEN",1,13,0,0,10,0,0,23.1,38.5,84.6,0,0,2,0,3,5,13,11,0,0,4,2,0,0,30.8,2,15.4,0,4,2017
"Josh McCown",1085,"QB","NYJ",1,13,15.4,0,22,0,1,7.7,23.1,92.3,0,0,1,2,1,3,13,12,0,4,4,1,1,30.8,30.8,0,7.7,7.7,4,2017
"Tom Brady",698,"QB","NE",1,13,23.1,0,19,1,0,23.1,15.4,84.6,0,0,2,3,3,2,13,11,0,2,6,2,0,15.4,46.2,1,15.4,0,4,2017
"Cam Newton",6153,"QB","CAR",1,13,30.8,0,5,0,0,7.7,15.4,100,0,0,0,4,1,2,13,13,0,4,1,0,2,30.8,7.7,0,0,15.4,4,2017
"Matthew Stafford",4924,"QB","DET",1,13,0,0,11,0,0,0,38.5,76.9,0,0,2,0,0,5,13,10,0,2,4,2,2,15.4,30.8,2,15.4,15.4,4,2017
"Eli Manning",1722,"QB","NYG",1,13,15.4,0,21,0,0,15.4,30.8,100,0,0,0,2,2,4,13,13,0,4,2,0,0,30.8,15.4,0,0,0,4,2017
"DeShone Kizer",11807,"QB","CLV",1,12,16.7,0,8,0,0,16.7,33.3,91.7,0,0,1,2,2,4,12,11,0,3,1,1,0,25,8.3,1,8.3,0,4,2017
"Blake Bortles",8638,"QB","JAX",1,12,8.3,0,15,0,1,8.3,25,66.7,16.7,0,2,1,1,3,12,8,2,0,4,2,0,0,33.3,1,16.7,0,4,2017
"Deshaun Watson",11767,"QB","HST",1,10,0,0,13,0,2,20,30,80,0,0,2,0,2,3,10,8,0,1,4,2,1,10,40,0,20,10,4,2017
"Joe Flacco",4332,"QB","BLT",1,10,30,0,3,0,0,10,0,90,10,0,1,3,1,0,10,9,1,6,1,1,0,60,10,1,10,0,4,2017
"Russell Wilson",7077,"QB","SEA",1,9,0,0,29,0,1,22.2,22.2,100,0,0,1,0,2,2,9,9,0,0,4,1,2,0,44.4,0,11.1,22.2,4,2017
"Jared Goff",10635,"QB","LA",1,9,0,0,26,0,0,11.1,0,77.8,22.2,0,0,0,1,0,9,7,2,2,5,0,0,22.2,55.6,0,0,0,4,2017
"Mike Glennon",7854,"QB","CHI",1,9,44.4,0,6,0,0,11.1,11.1,100,-11.1,0,0,4,1,1,9,9,-1,3,2,0,1,33.3,22.2,0,0,11.1,4,2017
"Drew Brees",802,"QB","NO",1,9,22.2,0,20,1,0,22.2,11.1,77.8,11.1,0,1,2,2,1,9,7,1,1,2,1,0,11.1,22.2,0,11.1,0,4,2017
"Ben Roethlisberger",1732,"QB","PIT",1,9,0,0,25,1,0,22.2,11.1,88.9,0,0,1,0,2,1,9,8,0,2,4,1,0,22.2,44.4,0,11.1,0,4,2017
"Carson Wentz",10636,"QB","PHI",1,8,12.5,0,24,1,1,12.5,0,75,12.5,0,2,1,1,0,8,6,1,0,1,2,3,0,12.5,0,25,37.5,4,2017
"Tyrod Taylor",6332,"QB","BUF",1,7,0,0,4,0,0,14.3,28.6,85.7,0,0,1,0,1,2,7,6,0,0,1,1,3,0,14.3,1,14.3,42.9,4,2017
"Aaron Rodgers",2241,"QB","GB",1,7,14.3,0,12,0,0,28.6,14.3,85.7,0,0,1,1,2,1,7,6,0,1,2,1,1,14.3,28.6,1,14.3,14.3,4,2017
"Andy Dalton",6187,"QB","CIN",1,6,0,0,7,0,0,16.7,33.3,100,0,0,0,0,1,2,6,6,0,2,2,0,0,33.3,33.3,0,0,0,4,2017
"Jameis Winston",9434,"QB","TB",1,6,16.7,0,30,0,0,33.3,0,83.3,16.7,0,0,1,2,0,6,5,1,2,0,0,0,33.3,0,0,0,0,4,2017
"Matt Cassel",2447,"QB","TEN",1,5,60,0,31,0,0,20,20,100,0,0,0,3,1,1,5,5,0,0,1,0,0,0,20,0,0,0,4,2017
"Kirk Cousins",7102,"QB","WAS",1,5,0,0,32,0,1,0,40,80,0,0,1,0,0,2,5,4,0,1,1,1,0,20,20,0,20,0,4,2017
"Kevin Hogan",10796,"QB","CLV",1,4,25,0,8,0,0,0,0,75,0,0,1,1,0,0,4,3,0,0,2,1,0,0,50,1,25,0,4,2017
"E.J. Manuel",7797,"QB","OAK",1,1,0,0,23,0,0,0,0,100,0,0,0,0,0,0,1,1,0,0,1,0,0,0,100,0,0,0,4,2017
"Derek Carr",8671,"QB","OAK",1,1,0,0,23,0,0,0,0,100,0,0,0,0,0,0,1,1,0,1,0,0,0,100,0,0,0,0,4,2017
"Marcus Mariota",9435,"QB","TEN",1,1,0,0,31,0,0,0,0,100,0,0,0,0,0,0,1,1,0,1,0,0,0,100,0,0,0,0,4,2017
"Tom Savage",8770,"QB","HST",1,1,100,0,13,0,0,0,0,100,-100,0,0,1,0,0,1,1,-1,0,0,0,1,0,0,0,0,100,4,2017
"Russell Wilson",7077,"QB","SEA",1,21,4.8,0,29,1,0,19,38.1,90.5,4.8,0,1,1,4,8,21,19,1,6,1,1,1,28.6,4.8,0,4.8,4.8,5,2017
"Carson Palmer",1317,"QB","ARZ",1,19,5.3,0,1,0,0,26.3,26.3,89.5,10.5,0,0,1,5,5,19,17,2,2,6,0,2,10.5,31.6,0,0,10.5,5,2017
"Eli Manning",1722,"QB","NYG",1,17,5.9,0,21,0,1,17.6,17.6,94.1,0,0,1,1,3,3,17,16,0,5,6,1,0,29.4,35.3,0,5.9,0,5,2017
"Jacoby Brissett",10725,"QB","IND",1,17,11.8,0,14,0,3,17.6,5.9,64.7,11.8,0,4,2,3,1,17,11,2,1,5,4,0,5.9,29.4,1,23.5,0,5,2017
"Tom Brady",698,"QB","NE",1,16,18.8,0,19,0,0,37.5,31.3,100,-6.3,0,0,3,6,5,16,16,-1,1,2,0,2,6.3,12.5,0,0,12.5,5,2017
"Jared Goff",10635,"QB","LA",1,15,0,0,26,0,0,20,26.7,100,0,0,0,0,3,4,15,15,0,3,6,0,0,20,40,0,0,0,5,2017
"Ben Roethlisberger",1732,"QB","PIT",1,15,26.7,0,25,0,0,13.3,26.7,93.3,6.7,0,0,4,2,4,15,14,1,3,4,0,0,20,26.7,0,0,0,5,2017
"Philip Rivers",1725,"QB","LAC",1,14,14.3,0,27,0,1,14.3,28.6,85.7,7.1,0,1,2,2,4,14,12,1,5,1,1,0,35.7,7.1,0,7.1,0,5,2017
"Tyrod Taylor",6332,"QB","BUF",1,13,23.1,0,4,0,0,7.7,23.1,92.3,-7.7,0,1,3,1,3,13,12,-1,2,4,1,1,15.4,30.8,1,7.7,7.7,5,2017
"Deshaun Watson",11767,"QB","HST",1,13,7.7,0,13,0,0,7.7,15.4,92.3,0,0,1,1,1,2,13,12,0,2,7,1,0,15.4,53.8,1,7.7,0,5,2017
"Matt Cassel",2447,"QB","TEN",1,13,7.7,0,31,0,0,23.1,30.8,92.3,0,0,2,1,3,4,13,12,0,4,5,2,0,30.8,38.5,2,15.4,0,5,2017
"Matthew Stafford",4924,"QB","DET",1,13,15.4,0,11,0,0,23.1,15.4,76.9,7.7,0,1,2,3,2,13,10,1,1,3,1,1,7.7,23.1,1,7.7,7.7,5,2017
"Jameis Winston",9434,"QB","TB",1,12,25,0,30,0,1,25,16.7,75,8.3,0,2,3,3,2,12,9,1,1,0,2,0,8.3,0,1,16.7,0,5,2017
"Alex Smith",2218,"QB","KC",1,12,0,0,16,1,1,33.3,16.7,75,0,0,3,0,4,2,12,9,0,4,0,3,0,33.3,0,1,25,0,5,2017
"Aaron Rodgers",2241,"QB","GB",1,11,18.2,0,12,0,1,9.1,45.5,90.9,0,0,2,2,1,5,11,10,0,1,1,2,0,9.1,9.1,1,18.2,0,5,2017
"Andy Dalton",6187,"QB","CIN",1,10,10,0,7,0,0,10,30,100,0,0,0,1,1,3,10,10,0,5,1,0,1,50,10,0,0,10,5,2017
"Brian Hoyer",5277,"QB","SF",1,9,0,0,28,0,0,44.4,11.1,88.9,11.1,0,0,0,4,1,9,8,1,2,1,0,0,22.2,11.1,0,0,0,5,2017
"Dak Prescott",10769,"QB","DAL",1,9,11.1,0,9,1,1,11.1,11.1,55.6,22.2,0,2,1,1,1,9,5,2,0,2,2,0,0,22.2,0,22.2,0,5,2017
"Sam Bradford",5526,"QB","MIN",1,8,25,0,18,0,0,12.5,25,87.5,0,0,1,2,1,2,8,7,0,1,1,1,0,12.5,12.5,1,12.5,0,5,2017
"Carson Wentz",10636,"QB","PHI",1,8,50,0,24,0,0,25,37.5,87.5,0,0,0,4,2,3,8,7,0,0,0,0,1,0,0,0,0,12.5,5,2017
"DeShone Kizer",11807,"QB","CLV",1,7,28.6,0,8,0,1,0,0,71.4,0,0,2,2,0,0,7,5,0,0,2,2,1,0,28.6,1,28.6,14.3,5,2017
"Jay Cutler",2956,"QB","MIA",1,7,0,0,17,0,1,14.3,28.6,100,0,0,1,0,1,2,7,7,0,1,1,1,2,14.3,14.3,0,14.3,28.6,5,2017
"Kevin Hogan",10796,"QB","CLV",1,7,14.3,0,8,0,1,0,0,85.7,0,0,1,1,0,0,7,6,0,2,1,1,3,28.6,14.3,0,14.3,42.9,5,2017
"Cam Newton",6153,"QB","CAR",1,6,66.7,0,5,0,0,33.3,16.7,83.3,0,0,1,4,2,1,6,5,0,0,2,1,0,0,33.3,1,16.7,0,5,2017
"Josh McCown",1085,"QB","NYJ",1,6,50,0,22,0,0,33.3,16.7,83.3,16.7,0,0,3,2,1,6,5,1,0,0,0,0,0,0,0,0,0,5,2017
"Mitchell Trubisky",11757,"QB","CHI",1,6,16.7,0,6,0,0,0,16.7,100,0,0,0,1,0,1,6,6,0,1,3,0,0,16.7,50,0,0,0,5,2017
"Blake Bortles",8638,"QB","JAX",1,6,16.7,0,15,0,0,16.7,16.7,83.3,16.7,0,0,1,1,1,6,5,1,1,2,0,0,16.7,33.3,0,0,0,5,2017
"E.J. Manuel",7797,"QB","OAK",1,5,0,0,23,0,0,0,60,100,0,0,0,0,0,3,5,5,0,0,2,0,0,0,40,0,0,0,5,2017
"Case Keenum",7323,"QB","MIN",1,4,25,0,18,0,0,0,25,100,0,0,0,1,0,1,4,4,0,0,2,0,0,0,50,0,0,0,5,2017
"Joe Flacco",4332,"QB","BLT",1,3,0,0,3,0,0,33.3,33.3,100,0,0,0,0,1,1,3,3,0,1,0,0,0,33.3,0,0,0,0,5,2017
"Cam Newton",6153,"QB","CAR",1,22,18.2,0,5,0,1,18.2,18.2,95.5,0,0,1,4,4,4,22,21,0,8,5,1,3,36.4,22.7,0,4.5,13.6,6,2017
"Matthew Stafford",4924,"QB","DET",1,21,19,0,11,0,0,4.8,28.6,90.5,0,0,2,4,1,6,21,19,0,7,5,2,0,33.3,23.8,2,9.5,0,6,2017
"Brett Hundley",9580,"QB","GB",1,20,10,0,12,0,1,15,25,90,5,0,1,2,3,5,20,18,1,1,9,1,1,5,45,0,5,5,6,2017
"Blake Bortles",8638,"QB","JAX",1,16,25,0,15,0,1,31.3,25,87.5,0,0,2,4,5,4,16,14,0,2,0,2,1,12.5,0,1,12.5,6.3,6,2017
"Alex Smith",2218,"QB","KC",1,14,7.1,0,16,1,1,35.7,35.7,78.6,7.1,0,2,1,5,5,14,11,1,1,1,2,0,7.1,7.1,0,14.3,0,6,2017
"Philip Rivers",1725,"QB","LAC",1,14,28.6,0,27,0,0,0,35.7,100,0,0,0,4,0,5,14,14,0,1,5,0,0,7.1,35.7,0,0,0,6,2017
"Kevin Hogan",10796,"QB","CLV",1,14,14.3,0,8,0,1,14.3,35.7,78.6,14.3,0,1,2,2,5,14,11,2,0,4,1,1,0,28.6,0,7.1,7.1,6,2017
"Josh McCown",1085,"QB","NYJ",1,14,14.3,0,22,0,2,21.4,14.3,64.3,7.1,0,4,2,3,2,14,9,1,2,4,4,0,14.3,28.6,2,28.6,0,6,2017
"Case Keenum",7323,"QB","MIN",1,13,23.1,0,18,0,2,30.8,23.1,84.6,0,0,2,3,4,3,13,11,0,3,0,2,0,23.1,0,0,15.4,0,6,2017
"Deshaun Watson",11767,"QB","HST",1,11,9.1,0,13,2,1,27.3,18.2,72.7,9.1,0,3,1,3,2,11,8,1,2,2,3,0,18.2,18.2,0,27.3,0,6,2017
"Trevor Siemian",9683,"QB","DEN",1,11,0,0,10,0,0,27.3,9.1,90.9,0,0,1,0,3,1,11,10,0,1,5,1,0,9.1,45.5,1,9.1,0,6,2017
"Ryan Fitzpatrick",2467,"QB","TB",1,9,22.2,0,30,0,0,11.1,22.2,77.8,11.1,0,1,2,1,2,9,7,1,0,0,1,2,0,0,1,11.1,22.2,6,2017
"Carson Wentz",10636,"QB","PHI",1,9,11.1,0,24,0,0,0,0,66.7,33.3,0,0,1,0,0,9,6,3,2,3,0,0,22.2,33.3,0,0,0,6,2017
"C.J. Beathard",11859,"QB","SF",1,9,22.2,0,28,0,0,22.2,33.3,100,0,0,1,2,2,3,9,9,0,3,0,1,0,33.3,0,1,11.1,0,6,2017
"Joe Flacco",4332,"QB","BLT",1,8,0,0,3,0,0,0,25,100,0,0,0,0,0,2,8,8,0,2,5,0,0,25,62.5,0,0,0,6,2017
"Carson Palmer",1317,"QB","ARZ",1,8,12.5,0,1,0,0,37.5,25,87.5,0,0,1,1,3,2,8,7,0,1,1,1,0,12.5,12.5,1,12.5,0,6,2017
"Eli Manning",1722,"QB","NYG",1,8,12.5,0,21,0,0,12.5,12.5,100,0,0,0,1,1,1,8,8,0,1,5,0,0,12.5,62.5,0,0,0,6,2017
"Jay Cutler",2956,"QB","MIA",1,8,0,0,17,0,1,25,0,75,12.5,0,1,0,2,0,8,6,1,2,0,1,2,25,0,0,12.5,25,6,2017
"Matt Ryan",4317,"QB","ATL",1,8,0,0,2,0,0,25,37.5,100,0,0,0,0,2,3,8,8,0,0,5,0,0,0,62.5,0,0,0,6,2017
"Mitchell Trubisky",11757,"QB","CHI",1,8,0,0,6,2,0,0,25,62.5,25,0,2,0,0,2,8,5,2,3,1,2,0,37.5,12.5,0,25,0,6,2017
"Kirk Cousins",7102,"QB","WAS",1,8,0,0,32,0,1,37.5,0,75,0,0,2,0,3,0,8,6,0,0,3,2,1,0,37.5,1,25,12.5,6,2017
"Jared Goff",10635,"QB","LA",1,7,0,0,26,0,0,14.3,42.9,100,0,0,0,0,1,3,7,7,0,0,2,0,1,0,28.6,0,0,14.3,6,2017
"Jacoby Brissett",10725,"QB","IND",1,7,28.6,0,14,0,0,0,28.6,85.7,0,0,1,2,0,2,7,6,0,2,0,1,0,28.6,0,1,14.3,0,6,2017
"Derek Carr",8671,"QB","OAK",1,6,0,0,23,0,0,0,50,100,0,0,0,0,0,3,6,6,0,0,3,0,0,0,50,0,0,0,6,2017
"Drew Brees",802,"QB","NO",1,6,0,0,20,0,1,16.7,16.7,66.7,16.7,0,1,0,1,1,6,4,1,2,1,1,0,33.3,16.7,0,16.7,0,6,2017
"Tom Brady",698,"QB","NE",1,5,0,0,19,0,0,0,60,80,20,0,0,0,0,3,5,4,1,1,0,0,0,20,0,0,0,0,6,2017
"Brian Hoyer",5277,"QB","SF",1,5,20,0,28,0,0,0,40,100,0,0,0,1,0,2,5,5,0,3,3,0,0,60,60,0,0,0,6,2017
"Marcus Mariota",9435,"QB","TEN",1,5,0,0,31,0,1,40,0,80,0,0,2,0,2,0,5,4,0,0,0,2,2,0,0,1,40,40,6,2017
"Jameis Winston",9434,"QB","TB",1,3,0,0,30,0,0,0,33.3,100,0,0,0,0,0,1,3,3,0,1,1,0,0,33.3,33.3,0,0,0,6,2017
"Ben Roethlisberger",1732,"QB","PIT",1,3,33.3,0,25,0,0,0,66.7,100,0,0,0,1,0,2,3,3,0,1,0,0,0,33.3,0,0,0,0,6,2017
"Brock Osweiler",7059,"QB","DEN",1,2,0,0,10,0,0,0,50,100,0,0,0,0,0,1,2,2,0,0,2,0,0,0,100,0,0,0,6,2017
"Aaron Rodgers",2241,"QB","GB",1,1,0,0,12,0,0,0,0,100,0,0,0,0,0,0,1,1,0,0,1,0,0,0,100,0,0,0,6,2017
"Russell Wilson",7077,"QB","SEA",1,21,4.8,0,29,1,0,19,38.1,90.5,4.8,0,1,1,4,8,21,19,1,6,1,1,1,28.6,4.8,0,4.8,4.8,5,2017
"Carson Palmer",1317,"QB","ARZ",1,19,5.3,0,1,0,0,26.3,26.3,89.5,10.5,0,0,1,5,5,19,17,2,2,6,0,2,10.5,31.6,0,0,10.5,5,2017
"Eli Manning",1722,"QB","NYG",1,17,5.9,0,21,0,1,17.6,17.6,94.1,0,0,1,1,3,3,17,16,0,5,6,1,0,29.4,35.3,0,5.9,0,5,2017
"Jacoby Brissett",10725,"QB","IND",1,17,11.8,0,14,0,3,17.6,5.9,64.7,11.8,0,4,2,3,1,17,11,2,1,5,4,0,5.9,29.4,1,23.5,0,5,2017
"Tom Brady",698,"QB","NE",1,16,18.8,0,19,0,0,37.5,31.3,100,-6.3,0,0,3,6,5,16,16,-1,1,2,0,2,6.3,12.5,0,0,12.5,5,2017
"Jared Goff",10635,"QB","LA",1,15,0,0,26,0,0,20,26.7,100,0,0,0,0,3,4,15,15,0,3,6,0,0,20,40,0,0,0,5,2017
"Ben Roethlisberger",1732,"QB","PIT",1,15,26.7,0,25,0,0,13.3,26.7,93.3,6.7,0,0,4,2,4,15,14,1,3,4,0,0,20,26.7,0,0,0,5,2017
"Philip Rivers",1725,"QB","LAC",1,14,14.3,0,27,0,1,14.3,28.6,85.7,7.1,0,1,2,2,4,14,12,1,5,1,1,0,35.7,7.1,0,7.1,0,5,2017
"Tyrod Taylor",6332,"QB","BUF",1,13,23.1,0,4,0,0,7.7,23.1,92.3,-7.7,0,1,3,1,3,13,12,-1,2,4,1,1,15.4,30.8,1,7.7,7.7,5,2017
"Deshaun Watson",11767,"QB","HST",1,13,7.7,0,13,0,0,7.7,15.4,92.3,0,0,1,1,1,2,13,12,0,2,7,1,0,15.4,53.8,1,7.7,0,5,2017
"Matt Cassel",2447,"QB","TEN",1,13,7.7,0,31,0,0,23.1,30.8,92.3,0,0,2,1,3,4,13,12,0,4,5,2,0,30.8,38.5,2,15.4,0,5,2017
"Matthew Stafford",4924,"QB","DET",1,13,15.4,0,11,0,0,23.1,15.4,76.9,7.7,0,1,2,3,2,13,10,1,1,3,1,1,7.7,23.1,1,7.7,7.7,5,2017
"Jameis Winston",9434,"QB","TB",1,12,25,0,30,0,1,25,16.7,75,8.3,0,2,3,3,2,12,9,1,1,0,2,0,8.3,0,1,16.7,0,5,2017
"Alex Smith",2218,"QB","KC",1,12,0,0,16,1,1,33.3,16.7,75,0,0,3,0,4,2,12,9,0,4,0,3,0,33.3,0,1,25,0,5,2017
"Aaron Rodgers",2241,"QB","GB",1,11,18.2,0,12,0,1,9.1,45.5,90.9,0,0,2,2,1,5,11,10,0,1,1,2,0,9.1,9.1,1,18.2,0,5,2017
"Andy Dalton",6187,"QB","CIN",1,10,10,0,7,0,0,10,30,100,0,0,0,1,1,3,10,10,0,5,1,0,1,50,10,0,0,10,5,2017
"Brian Hoyer",5277,"QB","SF",1,9,0,0,28,0,0,44.4,11.1,88.9,11.1,0,0,0,4,1,9,8,1,2,1,0,0,22.2,11.1,0,0,0,5,2017
"Dak Prescott",10769,"QB","DAL",1,9,11.1,0,9,1,1,11.1,11.1,55.6,22.2,0,2,1,1,1,9,5,2,0,2,2,0,0,22.2,0,22.2,0,5,2017
"Sam Bradford",5526,"QB","MIN",1,8,25,0,18,0,0,12.5,25,87.5,0,0,1,2,1,2,8,7,0,1,1,1,0,12.5,12.5,1,12.5,0,5,2017
"Carson Wentz",10636,"QB","PHI",1,8,50,0,24,0,0,25,37.5,87.5,0,0,0,4,2,3,8,7,0,0,0,0,1,0,0,0,0,12.5,5,2017
"DeShone Kizer",11807,"QB","CLV",1,7,28.6,0,8,0,1,0,0,71.4,0,0,2,2,0,0,7,5,0,0,2,2,1,0,28.6,1,28.6,14.3,5,2017
"Jay Cutler",2956,"QB","MIA",1,7,0,0,17,0,1,14.3,28.6,100,0,0,1,0,1,2,7,7,0,1,1,1,2,14.3,14.3,0,14.3,28.6,5,2017
"Kevin Hogan",10796,"QB","CLV",1,7,14.3,0,8,0,1,0,0,85.7,0,0,1,1,0,0,7,6,0,2,1,1,3,28.6,14.3,0,14.3,42.9,5,2017
"Cam Newton",6153,"QB","CAR",1,6,66.7,0,5,0,0,33.3,16.7,83.3,0,0,1,4,2,1,6,5,0,0,2,1,0,0,33.3,1,16.7,0,5,2017
"Josh McCown",1085,"QB","NYJ",1,6,50,0,22,0,0,33.3,16.7,83.3,16.7,0,0,3,2,1,6,5,1,0,0,0,0,0,0,0,0,0,5,2017
"Mitchell Trubisky",11757,"QB","CHI",1,6,16.7,0,6,0,0,0,16.7,100,0,0,0,1,0,1,6,6,0,1,3,0,0,16.7,50,0,0,0,5,2017
"Blake Bortles",8638,"QB","JAX",1,6,16.7,0,15,0,0,16.7,16.7,83.3,16.7,0,0,1,1,1,6,5,1,1,2,0,0,16.7,33.3,0,0,0,5,2017
"E.J. Manuel",7797,"QB","OAK",1,5,0,0,23,0,0,0,60,100,0,0,0,0,0,3,5,5,0,0,2,0,0,0,40,0,0,0,5,2017
"Case Keenum",7323,"QB","MIN",1,4,25,0,18,0,0,0,25,100,0,0,0,1,0,1,4,4,0,0,2,0,0,0,50,0,0,0,5,2017
"Joe Flacco",4332,"QB","BLT",1,3,0,0,3,0,0,33.3,33.3,100,0,0,0,0,1,1,3,3,0,1,0,0,0,33.3,0,0,0,0,5,2017
"Cam Newton",6153,"QB","CAR",1,22,18.2,0,5,0,1,18.2,18.2,95.5,0,0,1,4,4,4,22,21,0,8,5,1,3,36.4,22.7,0,4.5,13.6,6,2017
"Matthew Stafford",4924,"QB","DET",1,21,19,0,11,0,0,4.8,28.6,90.5,0,0,2,4,1,6,21,19,0,7,5,2,0,33.3,23.8,2,9.5,0,6,2017
"Brett Hundley",9580,"QB","GB",1,20,10,0,12,0,1,15,25,90,5,0,1,2,3,5,20,18,1,1,9,1,1,5,45,0,5,5,6,2017
"Blake Bortles",8638,"QB","JAX",1,16,25,0,15,0,1,31.3,25,87.5,0,0,2,4,5,4,16,14,0,2,0,2,1,12.5,0,1,12.5,6.3,6,2017
"Alex Smith",2218,"QB","KC",1,14,7.1,0,16,1,1,35.7,35.7,78.6,7.1,0,2,1,5,5,14,11,1,1,1,2,0,7.1,7.1,0,14.3,0,6,2017
"Philip Rivers",1725,"QB","LAC",1,14,28.6,0,27,0,0,0,35.7,100,0,0,0,4,0,5,14,14,0,1,5,0,0,7.1,35.7,0,0,0,6,2017
"Kevin Hogan",10796,"QB","CLV",1,14,14.3,0,8,0,1,14.3,35.7,78.6,14.3,0,1,2,2,5,14,11,2,0,4,1,1,0,28.6,0,7.1,7.1,6,2017
"Josh McCown",1085,"QB","NYJ",1,14,14.3,0,22,0,2,21.4,14.3,64.3,7.1,0,4,2,3,2,14,9,1,2,4,4,0,14.3,28.6,2,28.6,0,6,2017
"Case Keenum",7323,"QB","MIN",1,13,23.1,0,18,0,2,30.8,23.1,84.6,0,0,2,3,4,3,13,11,0,3,0,2,0,23.1,0,0,15.4,0,6,2017
"Deshaun Watson",11767,"QB","HST",1,11,9.1,0,13,2,1,27.3,18.2,72.7,9.1,0,3,1,3,2,11,8,1,2,2,3,0,18.2,18.2,0,27.3,0,6,2017
"Trevor Siemian",9683,"QB","DEN",1,11,0,0,10,0,0,27.3,9.1,90.9,0,0,1,0,3,1,11,10,0,1,5,1,0,9.1,45.5,1,9.1,0,6,2017
"Ryan Fitzpatrick",2467,"QB","TB",1,9,22.2,0,30,0,0,11.1,22.2,77.8,11.1,0,1,2,1,2,9,7,1,0,0,1,2,0,0,1,11.1,22.2,6,2017
"Carson Wentz",10636,"QB","PHI",1,9,11.1,0,24,0,0,0,0,66.7,33.3,0,0,1,0,0,9,6,3,2,3,0,0,22.2,33.3,0,0,0,6,2017
"C.J. Beathard",11859,"QB","SF",1,9,22.2,0,28,0,0,22.2,33.3,100,0,0,1,2,2,3,9,9,0,3,0,1,0,33.3,0,1,11.1,0,6,2017
"Joe Flacco",4332,"QB","BLT",1,8,0,0,3,0,0,0,25,100,0,0,0,0,0,2,8,8,0,2,5,0,0,25,62.5,0,0,0,6,2017
"Carson Palmer",1317,"QB","ARZ",1,8,12.5,0,1,0,0,37.5,25,87.5,0,0,1,1,3,2,8,7,0,1,1,1,0,12.5,12.5,1,12.5,0,6,2017
"Eli Manning",1722,"QB","NYG",1,8,12.5,0,21,0,0,12.5,12.5,100,0,0,0,1,1,1,8,8,0,1,5,0,0,12.5,62.5,0,0,0,6,2017
"Jay Cutler",2956,"QB","MIA",1,8,0,0,17,0,1,25,0,75,12.5,0,1,0,2,0,8,6,1,2,0,1,2,25,0,0,12.5,25,6,2017
"Matt Ryan",4317,"QB","ATL",1,8,0,0,2,0,0,25,37.5,100,0,0,0,0,2,3,8,8,0,0,5,0,0,0,62.5,0,0,0,6,2017
"Mitchell Trubisky",11757,"QB","CHI",1,8,0,0,6,2,0,0,25,62.5,25,0,2,0,0,2,8,5,2,3,1,2,0,37.5,12.5,0,25,0,6,2017
"Kirk Cousins",7102,"QB","WAS",1,8,0,0,32,0,1,37.5,0,75,0,0,2,0,3,0,8,6,0,0,3,2,1,0,37.5,1,25,12.5,6,2017
"Jared Goff",10635,"QB","LA",1,7,0,0,26,0,0,14.3,42.9,100,0,0,0,0,1,3,7,7,0,0,2,0,1,0,28.6,0,0,14.3,6,2017
"Jacoby Brissett",10725,"QB","IND",1,7,28.6,0,14,0,0,0,28.6,85.7,0,0,1,2,0,2,7,6,0,2,0,1,0,28.6,0,1,14.3,0,6,2017
"Derek Carr",8671,"QB","OAK",1,6,0,0,23,0,0,0,50,100,0,0,0,0,0,3,6,6,0,0,3,0,0,0,50,0,0,0,6,2017
"Drew Brees",802,"QB","NO",1,6,0,0,20,0,1,16.7,16.7,66.7,16.7,0,1,0,1,1,6,4,1,2,1,1,0,33.3,16.7,0,16.7,0,6,2017
"Tom Brady",698,"QB","NE",1,5,0,0,19,0,0,0,60,80,20,0,0,0,0,3,5,4,1,1,0,0,0,20,0,0,0,0,6,2017
"Brian Hoyer",5277,"QB","SF",1,5,20,0,28,0,0,0,40,100,0,0,0,1,0,2,5,5,0,3,3,0,0,60,60,0,0,0,6,2017
"Marcus Mariota",9435,"QB","TEN",1,5,0,0,31,0,1,40,0,80,0,0,2,0,2,0,5,4,0,0,0,2,2,0,0,1,40,40,6,2017
"Jameis Winston",9434,"QB","TB",1,3,0,0,30,0,0,0,33.3,100,0,0,0,0,0,1,3,3,0,1,1,0,0,33.3,33.3,0,0,0,6,2017
"Ben Roethlisberger",1732,"QB","PIT",1,3,33.3,0,25,0,0,0,66.7,100,0,0,0,1,0,2,3,3,0,1,0,0,0,33.3,0,0,0,0,6,2017
"Brock Osweiler",7059,"QB","DEN",1,2,0,0,10,0,0,0,50,100,0,0,0,0,0,1,2,2,0,0,2,0,0,0,100,0,0,0,6,2017
"Aaron Rodgers",2241,"QB","GB",1,1,0,0,12,0,0,0,0,100,0,0,0,0,0,0,1,1,0,0,1,0,0,0,100,0,0,0,6,2017
"Jacoby Brissett",10725,"QB","IND",1,19,5.3,0,14,1,0,10.5,15.8,68.4,21.1,0,4,1,2,3,19,13,4,6,3,4,1,31.6,15.8,3,21.1,5.3,7,2017
"Cam Newton",6153,"QB","CAR",1,19,21.1,0,5,0,0,5.3,31.6,78.9,10.5,0,2,4,1,6,19,15,2,4,2,2,1,21.1,10.5,2,10.5,5.3,7,2017
"Kirk Cousins",7102,"QB","WAS",1,19,10.5,0,32,0,0,36.8,15.8,94.7,5.3,0,2,2,7,3,19,18,1,1,6,2,1,5.3,31.6,2,10.5,5.3,7,2017
"Trevor Siemian",9683,"QB","DEN",1,17,11.8,0,10,0,2,11.8,17.6,88.2,0,0,2,2,2,3,17,15,0,1,8,2,0,5.9,47.1,0,11.8,0,7,2017
"Josh McCown",1085,"QB","NYJ",1,15,6.7,0,22,0,1,20,6.7,73.3,0,0,4,1,3,1,15,11,0,5,5,4,0,33.3,33.3,3,26.7,0,7,2017
"Philip Rivers",1725,"QB","LAC",1,14,28.6,0,27,0,0,7.1,0,85.7,7.1,0,1,4,1,0,14,12,1,2,5,1,0,14.3,35.7,1,7.1,0,7,2017
"C.J. Beathard",11859,"QB","SF",1,14,7.1,0,28,0,0,14.3,21.4,85.7,0,0,1,1,2,3,14,12,0,2,5,1,2,14.3,35.7,1,7.1,14.3,7,2017
"Russell Wilson",7077,"QB","SEA",1,13,15.4,0,29,0,0,15.4,7.7,100,0,0,0,2,2,1,13,13,0,1,8,0,1,7.7,61.5,0,0,7.7,7,2017
"Derek Carr",8671,"QB","OAK",1,13,7.7,0,23,0,0,23.1,7.7,100,0,0,0,1,3,1,13,13,0,1,10,0,0,7.7,76.9,0,0,0,7,2017
"Alex Smith",2218,"QB","KC",1,12,8.3,0,16,0,0,0,33.3,83.3,8.3,0,1,1,0,4,12,10,1,3,2,1,0,25,16.7,1,8.3,0,7,2017
"Joe Flacco",4332,"QB","BLT",1,11,18.2,0,3,0,0,0,36.4,81.8,9.1,0,1,2,0,4,11,9,1,3,4,1,0,27.3,36.4,1,9.1,0,7,2017
"Eli Manning",1722,"QB","NYG",1,11,9.1,0,21,0,0,9.1,45.5,90.9,9.1,0,0,1,1,5,11,10,1,1,4,0,0,9.1,36.4,0,0,0,7,2017
"Andy Dalton",6187,"QB","CIN",1,11,9.1,0,7,0,0,27.3,18.2,90.9,9.1,0,0,1,3,2,11,10,1,2,2,0,0,18.2,18.2,0,0,0,7,2017
"Tyrod Taylor",6332,"QB","BUF",1,11,0,0,4,0,1,36.4,9.1,90.9,0,0,1,0,4,1,11,10,0,4,0,1,1,36.4,0,0,9.1,9.1,7,2017
"Cody Kessler",10727,"QB","CLV",1,10,0,0,8,1,1,0,20,80,-10,0,2,0,0,2,10,8,-1,1,4,2,2,10,40,0,20,20,7,2017
"Drew Brees",802,"QB","NO",1,10,20,0,20,0,1,20,30,90,0,0,1,2,2,3,10,9,0,2,1,1,0,20,10,0,10,0,7,2017
"Blake Bortles",8638,"QB","JAX",1,9,0,0,15,2,1,22.2,22.2,66.7,0,0,3,0,2,2,9,6,0,0,2,3,1,0,22.2,0,33.3,11.1,7,2017
"Ben Roethlisberger",1732,"QB","PIT",1,9,11.1,0,25,0,0,0,33.3,100,0,0,0,1,0,3,9,9,0,0,2,0,3,0,22.2,0,0,33.3,7,2017
"Matt Moore",4018,"QB","MIA",1,8,0,0,17,2,0,12.5,25,62.5,12.5,0,2,0,1,2,8,5,1,2,0,2,0,25,0,0,25,0,7,2017
"Brett Hundley",9580,"QB","GB",1,8,25,0,12,0,0,25,12.5,87.5,12.5,0,0,2,2,1,8,7,1,1,2,0,0,12.5,25,0,0,0,7,2017
"Matt Ryan",4317,"QB","ATL",1,8,25,0,2,0,0,0,37.5,100,0,0,0,2,0,3,8,8,0,3,1,0,0,37.5,12.5,0,0,0,7,2017
"Jared Goff",10635,"QB","LA",1,8,37.5,0,26,0,0,12.5,37.5,100,0,0,0,3,1,3,8,8,0,0,1,0,0,0,12.5,0,0,0,7,2017
"Jameis Winston",9434,"QB","TB",1,8,12.5,0,30,0,0,0,37.5,100,0,0,0,1,0,3,8,8,0,1,3,0,0,12.5,37.5,0,0,0,7,2017
"Carson Wentz",10636,"QB","PHI",1,7,28.6,0,24,0,0,14.3,0,85.7,14.3,0,0,2,1,0,7,6,1,3,2,0,1,42.9,28.6,0,0,14.3,7,2017
"Case Keenum",7323,"QB","MIN",1,7,0,0,18,0,2,28.6,28.6,71.4,0,0,2,0,2,2,7,5,0,0,0,2,1,0,0,0,28.6,14.3,7,2017
"Tom Brady",698,"QB","NE",1,6,0,0,19,0,0,0,83.3,100,0,0,0,0,0,5,6,6,0,1,1,0,0,16.7,16.7,0,0,0,7,2017
"Jay Cutler",2956,"QB","MIA",1,6,16.7,0,17,0,0,33.3,50,100,0,0,0,1,2,3,6,6,0,0,1,0,0,0,16.7,0,0,0,7,2017
"Drew Stanton",3659,"QB","ARZ",1,6,0,0,1,0,0,66.7,0,100,0,0,0,0,4,0,6,6,0,2,2,0,0,33.3,33.3,0,0,0,7,2017
"DeShone Kizer",11807,"QB","CLV",1,6,16.7,0,8,0,0,0,16.7,100,0,0,0,1,0,1,6,6,0,1,2,0,1,16.7,33.3,0,0,16.7,7,2017
"Dak Prescott",10769,"QB","DAL",1,5,0,0,9,1,0,0,20,60,20,0,1,0,0,1,5,3,1,0,1,1,1,0,20,0,20,20,7,2017
"Mitchell Trubisky",11757,"QB","CHI",1,5,20,0,6,0,0,20,20,100,-20,0,0,1,1,1,5,5,-1,2,0,0,1,40,0,0,0,20,7,2017
"Carson Palmer",1317,"QB","ARZ",1,5,0,0,1,0,0,40,40,60,40,0,0,0,2,2,5,3,2,0,0,0,0,0,0,0,0,0,7,2017
"Marcus Mariota",9435,"QB","TEN",1,4,0,0,31,0,0,0,50,75,0,0,1,0,0,2,4,3,0,0,1,1,0,0,25,1,25,0,7,2017
"Marqise Lee",8674,"WR","JAX",1,1,0,0,15,0,0,0,100,100,0,0,0,0,0,1,1,1,0,0,0,0,0,0,0,0,0,0,7,2017
"Cooper Rush",12324,"QB","DAL",1,1,0,0,9,0,0,0,100,100,0,0,0,0,0,1,1,1,0,0,0,0,0,0,0,0,0,0,7,2017
"Deshaun Watson",11767,"QB","HST",1,21,0,0,13,0,0,9.5,9.5,85.7,4.8,0,2,0,2,2,21,18,1,7,9,2,0,33.3,42.9,2,9.5,0,8,2017
"Tom Brady",698,"QB","NE",1,18,0,0,19,0,0,16.7,38.9,100,0,0,1,0,3,7,18,18,0,4,7,1,0,22.2,38.9,1,5.6,0,8,2017
"C.J. Beathard",11859,"QB","SF",1,18,33.3,0,28,0,0,22.2,22.2,100,0,0,0,6,4,4,18,18,0,3,5,0,1,16.7,27.8,0,0,5.6,8,2017
"Mitchell Trubisky",11757,"QB","CHI",1,16,18.8,0,6,0,2,25,6.3,87.5,0,0,2,3,4,1,16,14,0,6,2,2,0,37.5,12.5,0,12.5,0,8,2017
"Jacoby Brissett",10725,"QB","IND",1,16,12.5,0,14,0,0,31.3,25,93.8,0,0,1,2,5,4,16,15,0,4,3,1,0,25,18.8,1,6.3,0,8,2017
"Matthew Stafford",4924,"QB","DET",1,15,20,0,11,0,2,6.7,40,73.3,13.3,0,2,3,1,6,15,11,2,0,2,2,0,0,13.3,0,13.3,0,8,2017
"Kirk Cousins",7102,"QB","WAS",1,13,0,0,32,0,0,7.7,23.1,84.6,15.4,0,0,0,1,3,13,11,2,6,4,0,0,46.2,30.8,0,0,0,8,2017
"Russell Wilson",7077,"QB","SEA",1,13,0,0,29,1,0,15.4,30.8,92.3,-7.7,0,1,0,2,4,13,12,-1,3,2,1,3,23.1,15.4,0,7.7,23.1,8,2017
"Josh McCown",1085,"QB","NYJ",1,12,16.7,0,22,0,2,50,25,83.3,0,0,2,2,6,3,12,10,0,0,4,2,0,0,33.3,0,16.7,0,8,2017
"Alex Smith",2218,"QB","KC",1,11,9.1,0,16,0,1,9.1,18.2,90.9,0,0,1,1,1,2,11,10,0,1,3,1,2,9.1,27.3,0,9.1,18.2,8,2017
"Matt Moore",4018,"QB","MIA",1,11,0,0,17,0,1,9.1,9.1,54.5,36.4,0,1,0,1,1,11,6,4,2,2,1,0,18.2,18.2,0,9.1,0,8,2017
"Jameis Winston",9434,"QB","TB",1,11,9.1,0,30,0,0,27.3,45.5,100,-9.1,0,0,1,3,5,11,11,-1,4,1,0,1,36.4,9.1,0,0,9.1,8,2017
"Andy Dalton",6187,"QB","CIN",1,10,30,0,7,0,0,10,20,100,0,0,0,3,1,2,10,10,0,1,4,0,0,10,40,0,0,0,8,2017
"Tyrod Taylor",6332,"QB","BUF",1,10,0,0,4,2,3,20,10,60,0,0,5,0,2,1,10,6,0,2,1,5,0,20,10,0,50,0,8,2017
"Case Keenum",7323,"QB","MIN",1,10,20,0,18,0,0,50,0,80,10,0,1,2,5,0,10,8,1,2,1,1,0,20,10,1,10,0,8,2017
"Trevor Siemian",9683,"QB","DEN",1,9,11.1,0,10,0,0,44.4,33.3,88.9,11.1,0,0,1,4,3,9,8,1,1,3,0,0,11.1,33.3,0,0,0,8,2017
"DeShone Kizer",11807,"QB","CLV",1,9,0,0,8,0,0,33.3,44.4,100,0,0,0,0,3,4,9,9,0,1,3,0,0,11.1,33.3,0,0,0,8,2017
"Drew Brees",802,"QB","NO",1,8,12.5,0,20,0,0,12.5,25,100,0,0,0,1,1,2,8,8,0,2,3,0,1,25,37.5,0,0,12.5,8,2017
"Derek Carr",8671,"QB","OAK",1,8,0,0,23,0,0,37.5,25,100,0,0,0,0,3,2,8,8,0,2,3,0,0,25,37.5,0,0,0,8,2017
"Carson Wentz",10636,"QB","PHI",1,8,25,0,24,0,0,12.5,12.5,87.5,12.5,0,0,2,1,1,8,7,1,0,3,0,0,0,37.5,0,0,0,8,2017
"Dak Prescott",10769,"QB","DAL",1,8,25,0,9,0,1,25,25,87.5,0,0,1,2,2,2,8,7,0,0,4,1,0,0,50,0,12.5,0,8,2017
"Joe Flacco",4332,"QB","BLT",1,7,14.3,0,3,0,0,28.6,14.3,100,0,0,0,1,2,1,7,7,0,4,3,0,0,57.1,42.9,0,0,0,8,2017
"Matt Ryan",4317,"QB","ATL",1,7,28.6,0,2,0,0,0,14.3,85.7,0,0,1,2,0,1,7,6,0,2,1,1,0,28.6,14.3,1,14.3,0,8,2017
"Ben Roethlisberger",1732,"QB","PIT",1,7,0,0,25,0,0,28.6,42.9,100,0,0,0,0,2,3,7,7,0,1,2,0,0,14.3,28.6,0,0,0,8,2017
"Philip Rivers",1725,"QB","LAC",1,6,16.7,0,27,0,0,0,33.3,83.3,16.7,0,1,1,0,2,6,5,1,0,2,1,0,0,33.3,1,16.7,0,8,2017
"Cam Newton",6153,"QB","CAR",1,3,33.3,0,5,0,0,33.3,0,100,0,0,0,1,1,0,3,3,0,2,0,0,0,66.7,0,0,0,0,8,2017
"Ryan Mallett",6226,"QB","BLT",1,1,0,0,3,0,0,0,0,100,0,0,0,0,0,0,1,1,0,1,0,0,0,100,0,0,0,0,8,2017
"Tom Savage",8770,"QB","HST",1,22,9.1,0,13,0,0,27.3,45.5,95.5,4.5,0,0,2,6,10,22,21,1,1,5,0,1,4.5,22.7,0,0,4.5,9,2017
"Brock Osweiler",7059,"QB","DEN",1,21,14.3,0,10,2,2,23.8,14.3,90.5,0,0,4,3,5,3,21,19,0,7,4,4,1,33.3,19,0,19,4.8,9,2017
"C.J. Beathard",11859,"QB","SF",1,20,20,0,28,0,0,45,10,85,10,0,0,4,9,2,20,17,2,1,4,0,1,5,20,0,0,5,9,2017
"Tyrod Taylor",6332,"QB","BUF",1,18,22.2,0,4,0,1,16.7,38.9,88.9,0,0,4,4,3,7,18,16,0,3,1,4,0,16.7,5.6,3,22.2,0,9,2017
"Russell Wilson",7077,"QB","SEA",1,16,6.3,0,29,0,3,31.3,12.5,81.3,0,0,3,1,5,2,16,13,0,0,6,3,2,0,37.5,0,18.8,12.5,9,2017
"Kirk Cousins",7102,"QB","WAS",1,13,15.4,0,32,0,0,0,38.5,92.3,7.7,0,0,2,0,5,13,12,1,6,1,0,0,46.2,7.7,0,0,0,9,2017
"Matt Ryan",4317,"QB","ATL",1,13,15.4,0,2,0,1,23.1,30.8,76.9,0,0,2,2,3,4,13,10,0,1,0,2,1,7.7,0,1,15.4,7.7,9,2017
"Jay Cutler",2956,"QB","MIA",1,11,9.1,0,17,1,0,18.2,36.4,81.8,9.1,0,1,1,2,4,11,9,1,1,2,1,0,9.1,18.2,0,9.1,0,9,2017
"Cam Newton",6153,"QB","CAR",1,11,0,0,5,0,0,0,45.5,90.9,9.1,0,0,0,0,5,11,10,1,1,5,0,0,9.1,45.5,0,0,0,9,2017
"Blake Bortles",8638,"QB","JAX",1,11,0,0,15,0,0,18.2,45.5,90.9,9.1,0,0,0,2,5,11,10,1,3,1,0,0,27.3,9.1,0,0,0,9,2017
"Derek Carr",8671,"QB","OAK",1,10,0,0,23,0,0,10,20,100,0,0,0,0,1,2,10,10,0,2,7,0,0,20,70,0,0,0,9,2017
"Joe Flacco",4332,"QB","BLT",1,10,10,0,3,0,0,10,60,100,0,0,0,1,1,6,10,10,0,3,1,0,0,30,10,0,0,0,9,2017
"Alex Smith",2218,"QB","KC",1,10,0,0,16,0,0,10,20,90,10,0,0,0,1,2,10,9,1,4,4,0,0,40,40,0,0,0,9,2017
"Andy Dalton",6187,"QB","CIN",1,9,11.1,0,7,0,0,33.3,55.6,100,0,0,0,1,3,5,9,9,0,2,2,0,0,22.2,22.2,0,0,0,9,2017
"Drew Stanton",3659,"QB","ARZ",1,8,0,0,1,2,1,12.5,12.5,50,12.5,0,3,0,1,1,8,4,1,1,0,3,1,12.5,0,0,37.5,12.5,9,2017
"Dak Prescott",10769,"QB","DAL",1,8,0,0,9,0,0,12.5,25,100,0,0,0,0,1,2,8,8,0,2,2,0,1,25,25,0,0,12.5,9,2017
"Brett Hundley",9580,"QB","GB",1,8,12.5,0,12,0,0,37.5,12.5,87.5,12.5,0,0,1,3,1,8,7,1,0,2,0,0,0,25,0,0,0,9,2017
"Jacoby Brissett",10725,"QB","IND",1,8,25,0,14,0,0,37.5,0,87.5,0,0,0,2,3,0,8,7,0,3,0,0,1,37.5,0,0,0,12.5,9,2017
"Ryan Fitzpatrick",2467,"QB","TB",1,7,28.6,0,30,1,0,14.3,57.1,85.7,0,0,1,2,1,4,7,6,0,2,0,1,0,28.6,0,0,14.3,0,9,2017
"Eli Manning",1722,"QB","NYG",1,7,0,0,21,0,0,0,28.6,100,0,0,0,0,0,2,7,7,0,3,3,0,0,42.9,42.9,0,0,0,9,2017
"Josh McCown",1085,"QB","NYJ",1,6,0,0,22,0,0,16.7,50,100,0,0,0,0,1,3,6,6,0,1,2,0,0,16.7,33.3,0,0,0,9,2017
"Matthew Stafford",4924,"QB","DET",1,6,16.7,0,11,0,0,33.3,33.3,100,0,0,0,1,2,2,6,6,0,0,1,0,0,0,16.7,0,0,0,9,2017
"Jameis Winston",9434,"QB","TB",1,6,33.3,0,30,0,0,33.3,50,100,0,0,0,2,2,3,6,6,0,0,1,0,0,0,16.7,0,0,0,9,2017
"Marcus Mariota",9435,"QB","TEN",1,5,0,0,31,0,0,0,80,100,0,0,0,0,0,4,5,5,0,1,0,0,0,20,0,0,0,0,9,2017
"Jared Goff",10635,"QB","LA",1,5,20,0,26,0,0,0,0,100,-20,0,0,1,0,0,5,5,-1,1,1,0,3,20,20,0,0,60,9,2017
"Carson Wentz",10636,"QB","PHI",1,4,0,0,24,0,0,25,0,75,25,0,0,0,1,0,4,3,1,0,1,0,2,0,25,0,0,50,9,2017
"Drew Brees",802,"QB","NO",1,4,25,0,20,0,0,25,50,100,0,0,0,1,1,2,4,4,0,1,0,0,0,25,0,0,0,0,9,2017
"Geno Smith",7820,"QB","NYG",1,1,0,0,21,0,0,100,0,100,0,0,0,0,1,0,1,1,0,0,0,0,0,0,0,0,0,0,9,2017
"Nick Foles",7089,"QB","PHI",1,1,0,0,24,0,0,0,0,100,0,0,0,0,0,0,1,1,0,0,1,0,0,0,100,0,0,0,9,2017
"Kirk Cousins",7102,"QB","WAS",1,19,15.8,0,32,0,1,31.6,15.8,89.5,0,0,1,3,6,3,19,17,0,2,4,1,2,10.5,21.1,0,5.3,10.5,10,2017
"Blake Bortles",8638,"QB","JAX",1,19,0,0,15,0,1,15.8,36.8,84.2,5.3,0,2,0,3,7,19,16,1,2,5,2,0,10.5,26.3,1,10.5,0,10,2017
"Dak Prescott",10769,"QB","DAL",1,18,0,0,9,0,0,11.1,61.1,94.4,0,0,1,0,2,11,18,17,0,2,3,1,0,11.1,16.7,1,5.6,0,10,2017
"Marcus Mariota",9435,"QB","TEN",1,17,0,0,31,1,0,29.4,17.6,88.2,0,0,2,0,5,3,17,15,0,5,3,2,0,29.4,17.6,1,11.8,0,10,2017
"Josh McCown",1085,"QB","NYJ",1,16,12.5,0,22,0,0,37.5,18.8,93.8,-6.3,0,1,2,6,3,16,15,-1,4,0,1,2,25,0,1,6.3,12.5,10,2017
"Mitchell Trubisky",11757,"QB","CHI",1,16,37.5,0,6,0,0,0,12.5,75,12.5,0,2,6,0,2,16,12,2,4,3,2,0,25,18.8,2,12.5,0,10,2017
"Tom Savage",8770,"QB","HST",1,16,12.5,0,13,0,2,25,18.8,87.5,0,0,2,2,4,3,16,14,0,5,6,2,0,31.3,37.5,0,12.5,0,10,2017
"Jacoby Brissett",10725,"QB","IND",1,14,14.3,0,14,0,0,35.7,7.1,85.7,14.3,0,0,2,5,1,14,12,2,4,2,0,0,28.6,14.3,0,0,0,10,2017
"Drew Stanton",3659,"QB","ARZ",1,13,7.7,0,1,1,0,0,46.2,92.3,0,0,1,1,0,6,13,12,0,5,3,1,0,38.5,23.1,0,7.7,0,10,2017
"Matthew Stafford",4924,"QB","DET",1,12,0,0,11,0,1,8.3,50,83.3,8.3,0,2,0,1,6,12,10,1,3,2,2,0,25,16.7,1,16.7,0,10,2017
"Russell Wilson",7077,"QB","SEA",1,12,0,0,29,0,3,16.7,16.7,58.3,0,0,6,0,2,2,12,7,0,2,2,6,0,16.7,16.7,3,50,0,10,2017
"DeShone Kizer",11807,"QB","CLV",1,11,36.4,0,8,0,2,9.1,9.1,90.9,0,0,2,4,1,1,11,10,0,1,1,2,2,9.1,9.1,0,18.2,18.2,10,2017
"Philip Rivers",1725,"QB","LAC",1,11,18.2,0,27,1,0,36.4,9.1,90.9,0,0,1,2,4,1,11,10,0,0,3,1,1,0,27.3,0,9.1,9.1,10,2017
"Jared Goff",10635,"QB","LA",1,11,0,0,26,0,0,36.4,0,90.9,0,0,1,0,4,0,11,10,0,1,3,1,2,9.1,27.3,1,9.1,18.2,10,2017
"Case Keenum",7323,"QB","MIN",1,11,18.2,0,18,1,4,9.1,18.2,45.5,9.1,0,5,2,1,2,11,5,1,0,0,5,0,0,0,0,45.5,0,10,2017
"Brett Hundley",9580,"QB","GB",1,9,11.1,0,12,0,0,0,0,88.9,0,0,1,1,0,0,9,8,0,3,4,1,0,33.3,44.4,1,11.1,0,10,2017
"Ben Roethlisberger",1732,"QB","PIT",1,9,11.1,0,25,1,0,33.3,33.3,88.9,0,0,1,1,3,3,9,8,0,0,2,1,0,0,22.2,0,11.1,0,10,2017
"Ryan Fitzpatrick",2467,"QB","TB",1,8,25,0,30,1,0,12.5,12.5,75,0,0,2,2,1,1,8,6,0,1,1,2,0,12.5,12.5,1,25,0,10,2017
"Eli Manning",1722,"QB","NYG",1,8,0,0,21,0,0,0,0,87.5,12.5,0,0,0,0,0,8,7,1,2,6,0,0,25,75,0,0,0,10,2017
"Tom Brady",698,"QB","NE",1,7,0,0,19,0,0,0,28.6,85.7,14.3,0,0,0,0,2,7,6,1,2,2,0,0,28.6,28.6,0,0,0,10,2017
"Cam Newton",6153,"QB","CAR",1,7,14.3,0,5,0,0,14.3,0,71.4,28.6,0,0,1,1,0,7,5,2,2,2,0,0,28.6,28.6,0,0,0,10,2017
"Brock Osweiler",7059,"QB","DEN",1,7,14.3,0,10,0,0,28.6,42.9,100,-14.3,0,0,1,2,3,7,7,-1,0,2,0,1,0,28.6,0,0,14.3,10,2017
"Matt Ryan",4317,"QB","ATL",1,6,0,0,2,0,0,16.7,16.7,100,0,0,0,0,1,1,6,6,0,2,3,0,0,33.3,50,0,0,0,10,2017
"Tyrod Taylor",6332,"QB","BUF",1,6,16.7,0,4,1,0,0,0,66.7,0,0,2,1,0,0,6,4,0,1,3,2,0,16.7,50,1,33.3,0,10,2017
"Jay Cutler",2956,"QB","MIA",1,5,0,0,17,0,1,20,40,60,20,0,1,0,1,2,5,3,1,0,1,1,0,0,20,0,20,0,10,2017
"Cody Kessler",10727,"QB","CLV",1,4,0,0,8,1,0,0,75,75,-25,0,1,0,0,3,4,3,-1,0,1,1,1,0,25,0,25,25,10,2017
"Andy Dalton",6187,"QB","CIN",1,4,25,0,7,0,0,0,50,100,0,0,0,1,0,2,4,4,0,0,1,0,0,0,25,0,0,0,10,2017
"C.J. Beathard",11859,"QB","SF",1,3,0,0,28,0,0,33.3,33.3,66.7,33.3,0,0,0,1,1,3,2,1,0,0,0,0,0,0,0,0,0,10,2017
"Drew Brees",802,"QB","NO",1,2,0,0,20,1,1,0,0,0,0,0,2,0,0,0,2,0,0,0,0,2,0,0,0,0,100,0,10,2017
"Nathan Peterman",11926,"QB","BUF",1,1,0,0,4,0,1,0,0,0,0,0,1,0,0,0,1,0,0,0,0,1,0,0,0,0,100,0,10,2017
"Brett Hundley",9580,"QB","GB",1,17,5.9,0,12,0,3,0,5.9,64.7,5.9,0,6,1,0,1,17,11,1,1,8,6,1,5.9,47.1,3,35.3,5.9,11,2017
"Russell Wilson",7077,"QB","SEA",1,15,0,0,29,1,2,40,13.3,80,0,0,3,0,6,2,15,12,0,2,3,3,0,13.3,20,0,20,0,11,2017
"Marcus Mariota",9435,"QB","TEN",1,15,6.7,0,31,0,0,53.3,13.3,93.3,0,0,1,1,8,2,15,14,0,0,3,1,2,0,20,1,6.7,13.3,11,2017
"DeShone Kizer",11807,"QB","CLV",1,14,7.1,0,8,0,1,0,21.4,85.7,0,0,2,1,0,3,14,12,0,5,4,2,0,35.7,28.6,1,14.3,0,11,2017
"Case Keenum",7323,"QB","MIN",1,14,7.1,0,18,1,3,14.3,14.3,64.3,0,0,4,1,2,2,14,9,0,3,2,4,1,21.4,14.3,0,28.6,7.1,11,2017
"Brock Osweiler",7059,"QB","DEN",1,14,14.3,0,10,0,0,28.6,21.4,92.9,7.1,0,0,2,4,3,14,13,1,0,4,0,0,0,28.6,0,0,0,11,2017
"Matthew Stafford",4924,"QB","DET",1,13,15.4,0,11,2,1,7.7,15.4,69.2,7.7,0,4,2,1,2,13,9,1,1,3,4,0,7.7,23.1,1,30.8,0,11,2017
"Ryan Fitzpatrick",2467,"QB","TB",1,13,7.7,0,30,1,0,23.1,38.5,84.6,15.4,0,1,1,3,5,13,11,2,2,2,1,0,15.4,15.4,0,7.7,0,11,2017
"Jared Goff",10635,"QB","LA",1,12,0,0,26,0,0,8.3,16.7,83.3,8.3,0,1,0,1,2,12,10,1,2,5,1,0,16.7,41.7,1,8.3,0,11,2017
"Tom Savage",8770,"QB","HST",1,12,16.7,0,13,0,0,16.7,25,100,0,0,0,2,2,3,12,12,0,0,5,0,0,0,41.7,0,0,0,11,2017
"Kirk Cousins",7102,"QB","WAS",1,12,0,0,32,0,0,66.7,25,91.7,0,0,1,0,8,3,12,11,0,1,2,1,1,8.3,16.7,1,8.3,8.3,11,2017
"Alex Smith",2218,"QB","KC",1,11,0,0,16,0,0,18.2,36.4,81.8,9.1,0,1,0,2,4,11,9,1,2,0,1,2,18.2,0,1,9.1,18.2,11,2017
"Blake Bortles",8638,"QB","JAX",1,10,0,0,15,0,0,30,40,90,10,0,0,0,3,4,10,9,1,2,0,0,1,20,0,0,0,10,11,2017
"Joe Flacco",4332,"QB","BLT",1,10,0,0,3,0,0,10,50,100,0,0,0,0,1,5,10,10,0,2,4,0,0,20,40,0,0,0,11,2017
"Dak Prescott",10769,"QB","DAL",1,9,11.1,0,9,1,0,22.2,55.6,88.9,0,0,1,1,2,5,9,8,0,1,2,1,0,11.1,22.2,0,11.1,0,11,2017
"Drew Brees",802,"QB","NO",1,9,11.1,0,20,0,0,11.1,33.3,100,0,0,0,1,1,3,9,9,0,1,6,0,0,11.1,66.7,0,0,0,11,2017
"Ben Roethlisberger",1732,"QB","PIT",1,9,44.4,0,25,0,1,22.2,22.2,77.8,11.1,0,1,4,2,2,9,7,1,1,2,1,0,11.1,22.2,0,11.1,0,11,2017
"Philip Rivers",1725,"QB","LAC",1,9,0,0,27,0,0,22.2,11.1,100,0,0,0,0,2,1,9,9,0,4,3,0,1,44.4,33.3,0,0,11.1,11,2017
"Derek Carr",8671,"QB","OAK",1,9,0,0,23,0,2,0,44.4,77.8,0,0,2,0,0,4,9,7,0,0,3,2,0,0,33.3,0,22.2,0,11,2017
"Carson Wentz",10636,"QB","PHI",1,8,37.5,0,24,0,1,25,37.5,87.5,0,0,1,3,2,3,8,7,0,0,1,1,0,0,12.5,0,12.5,0,11,2017
"Eli Manning",1722,"QB","NYG",1,7,0,0,21,0,0,0,0,100,0,0,0,0,0,0,7,7,0,4,4,0,0,57.1,57.1,0,0,0,11,2017
"Tyrod Taylor",6332,"QB","BUF",1,7,14.3,0,4,0,1,14.3,14.3,85.7,0,0,1,1,1,1,7,6,0,0,4,1,0,0,57.1,0,14.3,0,11,2017
"Matt Ryan",4317,"QB","ATL",1,7,0,0,2,0,0,14.3,28.6,100,0,0,0,0,1,2,7,7,0,4,0,0,1,57.1,0,0,0,14.3,11,2017
"Matt Moore",4018,"QB","MIA",1,7,14.3,0,17,0,0,28.6,0,100,0,0,0,1,2,0,7,7,0,3,0,0,1,42.9,0,0,0,14.3,11,2017
"Tom Brady",698,"QB","NE",1,6,16.7,0,19,0,0,16.7,0,100,0,0,0,1,1,0,6,6,0,1,4,0,0,16.7,66.7,0,0,0,11,2017
"Andy Dalton",6187,"QB","CIN",1,6,0,0,7,0,1,0,0,83.3,0,0,1,0,0,0,6,5,0,1,3,1,1,16.7,50,0,16.7,16.7,11,2017
"Blaine Gabbert",6162,"QB","ARZ",1,5,20,0,1,0,0,20,20,100,0,0,0,1,1,1,5,5,0,0,2,0,0,0,40,0,0,0,11,2017
"Mitchell Trubisky",11757,"QB","CHI",1,5,0,0,6,1,0,0,0,40,20,0,2,0,0,0,5,2,1,0,2,2,0,0,40,1,40,0,11,2017
"Nathan Peterman",11926,"QB","BUF",1,5,0,0,4,1,0,0,20,80,0,0,1,0,0,1,5,4,0,1,2,1,0,20,40,0,20,0,11,2017
"Jay Cutler",2956,"QB","MIA",1,4,0,0,17,0,1,50,0,50,25,0,1,0,2,0,4,2,1,0,0,1,0,0,0,0,25,0,11,2017
"Kellen Clemens",2994,"QB","LAC",1,2,0,0,27,0,0,0,50,100,0,0,0,0,0,1,2,2,0,1,0,0,0,50,0,0,0,0,11,2017
"Eric Decker",5611,"WR","TEN",1,1,0,0,31,0,0,0,0,100,0,0,0,0,0,0,1,1,0,0,0,0,1,0,0,0,0,100,11,2017
"Case Keenum",7323,"QB","MIN",1,17,11.8,0,18,0,0,11.8,29.4,94.1,0,0,1,2,2,5,17,16,0,2,5,1,0,11.8,29.4,1,5.9,0,12,2017
"C.J. Beathard",11859,"QB","SF",1,17,11.8,0,28,1,0,23.5,5.9,88.2,5.9,0,1,2,4,1,17,15,1,1,9,1,1,5.9,52.9,0,5.9,5.9,12,2017
"DeShone Kizer",11807,"QB","CLV",1,16,6.3,0,8,0,1,18.8,37.5,87.5,6.3,0,1,1,3,6,16,14,1,2,5,1,0,12.5,31.3,0,6.3,0,12,2017
"Jacoby Brissett",10725,"QB","IND",1,15,13.3,0,14,0,0,20,13.3,86.7,0,0,2,2,3,2,15,13,0,3,1,2,2,20,6.7,2,13.3,13.3,12,2017
"Ryan Fitzpatrick",2467,"QB","TB",1,15,13.3,0,30,2,0,13.3,6.7,86.7,0,0,2,2,2,1,15,13,0,3,5,2,0,20,33.3,0,13.3,0,12,2017
"Josh McCown",1085,"QB","NYJ",1,14,14.3,0,22,0,0,28.6,7.1,92.9,7.1,0,0,2,4,1,14,13,1,3,4,0,0,21.4,28.6,0,0,0,12,2017
"Tom Savage",8770,"QB","HST",1,13,23.1,0,13,0,0,23.1,30.8,100,0,0,0,3,3,4,13,13,0,5,3,0,0,38.5,23.1,0,0,0,12,2017
"Eli Manning",1722,"QB","NYG",1,13,23.1,0,21,0,1,0,23.1,84.6,7.7,0,1,3,0,3,13,11,1,1,6,1,0,7.7,46.2,0,7.7,0,12,2017
"Matt Moore",4018,"QB","MIA",1,12,16.7,0,17,0,0,33.3,25,100,0,0,0,2,4,3,12,12,0,1,2,0,1,8.3,16.7,0,0,8.3,12,2017
"Jared Goff",10635,"QB","LA",1,12,25,0,26,0,0,0,41.7,91.7,8.3,0,1,3,0,5,12,11,1,4,1,1,0,33.3,8.3,1,8.3,0,12,2017
"Kirk Cousins",7102,"QB","WAS",1,11,27.3,0,32,0,1,36.4,18.2,81.8,0,0,2,3,4,2,11,9,0,0,2,2,1,0,18.2,1,18.2,9.1,12,2017
"Philip Rivers",1725,"QB","LAC",1,11,27.3,0,27,0,0,54.5,18.2,100,-9.1,0,0,3,6,2,11,11,-1,3,0,0,1,27.3,0,0,0,9.1,12,2017
"Cam Newton",6153,"QB","CAR",1,11,9.1,0,5,0,0,0,36.4,72.7,27.3,0,0,1,0,4,11,8,3,3,2,0,0,27.3,18.2,0,0,0,12,2017
"Ben Roethlisberger",1732,"QB","PIT",1,10,0,0,25,0,0,20,40,90,0,0,1,0,2,4,10,9,0,2,2,1,0,20,20,1,10,0,12,2017
"Blaine Gabbert",6162,"QB","ARZ",1,9,11.1,0,1,0,0,11.1,11.1,77.8,11.1,0,1,1,1,1,9,7,1,1,3,1,1,11.1,33.3,1,11.1,11.1,12,2017
"Tyrod Taylor",6332,"QB","BUF",1,9,0,0,4,0,0,11.1,55.6,77.8,22.2,0,1,0,1,5,9,7,2,1,0,1,0,11.1,0,1,11.1,0,12,2017
"Blake Bortles",8638,"QB","JAX",1,9,0,0,15,0,0,22.2,33.3,88.9,0,0,0,0,2,3,9,8,0,1,2,0,2,11.1,22.2,0,0,22.2,12,2017
"Brett Hundley",9580,"QB","GB",1,9,11.1,0,12,0,0,33.3,11.1,88.9,0,0,1,1,3,1,9,8,0,1,3,1,0,11.1,33.3,1,11.1,0,12,2017
"Tom Brady",698,"QB","NE",1,9,22.2,0,19,0,0,22.2,22.2,100,0,0,0,2,2,2,9,9,0,1,5,0,0,11.1,55.6,0,0,0,12,2017
"Matthew Stafford",4924,"QB","DET",1,9,0,0,11,0,1,44.4,33.3,77.8,0,0,2,0,4,3,9,7,0,0,2,2,1,0,22.2,1,22.2,11.1,12,2017
"Dak Prescott",10769,"QB","DAL",1,8,12.5,0,9,0,0,0,12.5,100,0,0,0,1,0,1,8,8,0,4,3,0,0,50,37.5,0,0,0,12,2017
"Alex Smith",2218,"QB","KC",1,8,0,0,16,1,0,25,37.5,87.5,0,0,2,0,2,3,8,7,0,1,1,2,0,12.5,12.5,1,25,0,12,2017
"Drew Brees",802,"QB","NO",1,7,0,0,20,0,0,28.6,28.6,85.7,14.3,0,0,0,2,2,7,6,1,1,1,0,0,14.3,14.3,0,0,0,12,2017
"Derek Carr",8671,"QB","OAK",1,7,0,0,23,0,1,0,28.6,85.7,0,0,1,0,0,2,7,6,0,1,3,1,0,14.3,42.9,0,14.3,0,12,2017
"Carson Wentz",10636,"QB","PHI",1,7,28.6,0,24,0,0,28.6,42.9,85.7,14.3,0,0,2,2,3,7,6,1,2,0,0,0,28.6,0,0,0,0,12,2017
"Paxton Lynch",10660,"QB","DEN",1,7,0,0,10,0,0,0,28.6,100,0,0,0,0,0,2,7,7,0,2,2,0,1,28.6,28.6,0,0,14.3,12,2017
"Mitchell Trubisky",11757,"QB","CHI",1,7,0,0,6,0,0,14.3,14.3,100,0,0,0,0,1,1,7,7,0,2,4,0,1,28.6,57.1,0,0,14.3,12,2017
"Trevor Siemian",9683,"QB","DEN",1,6,0,0,10,0,0,16.7,0,100,0,0,0,0,1,0,6,6,0,2,2,0,1,33.3,33.3,0,0,16.7,12,2017
"Andy Dalton",6187,"QB","CIN",1,5,0,0,7,0,1,0,40,80,0,0,1,0,0,2,5,4,0,0,2,1,0,0,40,0,20,0,12,2017
"Russell Wilson",7077,"QB","SEA",1,5,0,0,29,1,0,0,40,80,0,0,1,0,0,2,5,4,0,1,2,1,0,20,40,0,20,0,12,2017
"Matt Ryan",4317,"QB","ATL",1,5,0,0,2,0,0,0,20,80,20,0,0,0,0,1,5,4,1,2,1,0,0,40,20,0,0,0,12,2017
"Marcus Mariota",9435,"QB","TEN",1,5,20,0,31,0,0,20,40,100,0,0,0,1,1,2,5,5,0,0,0,0,1,0,0,0,0,20,12,2017
"Joe Flacco",4332,"QB","BLT",1,4,25,0,3,0,0,0,25,75,25,0,0,1,0,1,4,3,1,1,0,0,0,25,0,0,0,0,12,2017
"Mohamed Sanu",7084,"WR","ATL",1,1,0,0,2,0,0,0,0,100,0,0,0,0,0,0,1,1,0,0,0,0,1,0,0,0,0,100,12,2017
"Jimmy Garoppolo",8697,"QB","SF",1,1,0,0,28,0,0,0,100,100,0,0,0,0,0,1,1,1,0,0,0,0,0,0,0,0,0,0,12,2017
"Cody Kessler",10727,"QB","CLV",1,1,0,0,8,0,0,100,100,100,0,0,0,0,1,1,1,1,0,0,0,0,0,0,0,0,0,0,12,2017
"Carson Wentz",10636,"QB","PHI",1,25,8,0,24,1,0,44,32,92,4,0,1,2,11,8,25,23,1,1,3,1,0,4,12,0,4,0,13,2017
"Jameis Winston",9434,"QB","TB",1,19,5.3,0,30,1,2,21.1,15.8,73.7,0,0,4,1,4,3,19,14,0,6,5,4,1,31.6,26.3,1,21.1,5.3,13,2017
"Tom Savage",8770,"QB","HST",1,17,11.8,0,13,0,0,11.8,35.3,88.2,5.9,0,1,2,2,6,17,15,1,2,6,1,0,11.8,35.3,1,5.9,0,13,2017
"Kirk Cousins",7102,"QB","WAS",1,17,5.9,0,32,0,1,35.3,5.9,88.2,5.9,0,1,1,6,1,17,15,1,1,6,1,1,5.9,35.3,0,5.9,5.9,13,2017
"Jacoby Brissett",10725,"QB","IND",1,17,0,0,14,1,1,17.6,23.5,82.4,5.9,0,3,0,3,4,17,14,1,8,2,3,0,47.1,11.8,1,17.6,0,13,2017
"Blaine Gabbert",6162,"QB","ARZ",1,17,11.8,0,1,1,0,35.3,5.9,82.4,-5.9,0,3,2,6,1,17,14,-1,4,3,3,1,23.5,17.6,2,17.6,5.9,13,2017
"Jay Cutler",2956,"QB","MIA",1,15,0,0,17,1,1,20,20,86.7,-6.7,0,2,0,3,3,15,13,-1,2,6,2,1,13.3,40,0,13.3,6.7,13,2017
"Geno Smith",7820,"QB","NYG",1,15,6.7,0,21,0,2,13.3,20,86.7,0,0,2,1,2,3,15,13,0,1,7,2,0,6.7,46.7,0,13.3,0,13,2017
"Russell Wilson",7077,"QB","SEA",1,14,7.1,0,29,2,2,14.3,7.1,64.3,0,0,4,1,2,1,14,9,0,2,3,4,1,14.3,21.4,0,28.6,7.1,13,2017
"Trevor Siemian",9683,"QB","DEN",1,14,0,0,10,0,0,21.4,42.9,92.9,7.1,0,0,0,3,6,14,13,1,3,3,0,0,21.4,21.4,0,0,0,13,2017
"Josh McCown",1085,"QB","NYJ",1,13,15.4,0,22,0,2,7.7,15.4,76.9,7.7,0,2,2,1,2,13,10,1,5,1,2,0,38.5,7.7,0,15.4,0,13,2017
"Philip Rivers",1725,"QB","LAC",1,13,30.8,0,27,1,0,7.7,0,61.5,30.8,0,1,4,1,0,13,8,4,3,1,1,0,23.1,7.7,0,7.7,0,13,2017
"Alex Smith",2218,"QB","KC",1,12,16.7,0,16,0,2,16.7,25,83.3,0,0,3,2,2,3,12,10,0,1,3,3,1,8.3,25,1,25,8.3,13,2017
"Matthew Stafford",4924,"QB","DET",1,11,0,0,11,1,0,18.2,27.3,81.8,9.1,0,2,0,2,3,11,9,1,1,3,2,0,9.1,27.3,1,18.2,0,13,2017
"DeShone Kizer",11807,"QB","CLV",1,10,10,0,8,0,0,0,30,90,0,0,2,1,0,3,10,9,0,0,6,2,0,0,60,2,20,0,13,2017
"Drew Brees",802,"QB","NO",1,10,30,0,20,0,0,0,60,100,0,0,0,3,0,6,10,10,0,1,1,0,0,10,10,0,0,0,13,2017
"Ben Roethlisberger",1732,"QB","PIT",1,10,0,0,25,0,0,50,20,90,10,0,0,0,5,2,10,9,1,2,4,0,0,20,40,0,0,0,13,2017
"Matt Ryan",4317,"QB","ATL",1,10,10,0,2,0,0,20,50,100,0,0,0,1,2,5,10,10,0,2,1,0,2,20,10,0,0,20,13,2017
"Andy Dalton",6187,"QB","CIN",1,10,10,0,7,0,0,0,20,80,10,0,1,1,0,2,10,8,1,1,5,1,0,10,50,1,10,0,13,2017
"Blake Bortles",8638,"QB","JAX",1,9,0,0,15,0,1,22.2,11.1,77.8,0,0,2,0,2,1,9,7,0,2,3,2,1,22.2,33.3,1,22.2,11.1,13,2017
"Jared Goff",10635,"QB","LA",1,8,12.5,0,26,1,2,0,12.5,37.5,25,0,3,1,0,1,8,3,2,2,0,3,0,25,0,0,37.5,0,13,2017
"Tom Brady",698,"QB","NE",1,8,25,0,19,0,0,25,37.5,87.5,0,0,1,2,2,3,8,7,0,1,0,1,0,12.5,0,1,12.5,0,13,2017
"Derek Carr",8671,"QB","OAK",1,7,0,0,23,0,0,14.3,42.9,100,0,0,0,0,1,3,7,7,0,3,1,0,0,42.9,14.3,0,0,0,13,2017
"Tyrod Taylor",6332,"QB","BUF",1,7,14.3,0,4,0,0,0,28.6,85.7,0,0,1,1,0,2,7,6,0,2,0,1,1,28.6,0,1,14.3,14.3,13,2017
"Dak Prescott",10769,"QB","DAL",1,7,14.3,0,9,0,0,42.9,0,100,0,0,0,1,3,0,7,7,0,1,2,0,0,14.3,28.6,0,0,0,13,2017
"Cam Newton",6153,"QB","CAR",1,7,14.3,0,5,0,0,0,14.3,42.9,42.9,0,1,1,0,1,7,3,3,1,0,1,0,14.3,0,1,14.3,0,13,2017
"Jimmy Garoppolo",8697,"QB","SF",1,7,14.3,0,28,0,1,0,0,57.1,14.3,0,2,1,0,0,7,4,1,1,2,2,0,14.3,28.6,1,28.6,0,13,2017
"Mitchell Trubisky",11757,"QB","CHI",1,7,14.3,0,6,0,2,0,0,71.4,0,0,2,1,0,0,7,5,0,2,3,2,0,28.6,42.9,0,28.6,0,13,2017
"Brett Hundley",9580,"QB","GB",1,7,0,0,12,0,0,0,0,85.7,14.3,0,0,0,0,0,7,6,1,2,4,0,0,28.6,57.1,0,0,0,13,2017
"Case Keenum",7323,"QB","MIN",1,6,16.7,0,18,0,0,16.7,33.3,100,0,0,0,1,1,2,6,6,0,0,2,0,1,0,33.3,0,0,16.7,13,2017
"Marcus Mariota",9435,"QB","TEN",1,5,0,0,31,0,1,0,20,60,0,0,2,0,0,1,5,3,0,2,0,2,0,40,0,1,40,0,13,2017
"Joe Flacco",4332,"QB","BLT",1,5,0,0,3,0,0,0,20,60,40,0,0,0,0,1,5,3,2,2,1,0,0,40,20,0,0,0,13,2017
"Nathan Peterman",11926,"QB","BUF",1,1,0,0,4,0,0,0,0,0,0,0,1,0,0,0,1,0,0,0,0,1,0,0,0,1,100,0,13,2017
"Case Keenum",7323,"QB","MIN",1,19,10.5,0,18,1,0,21.1,21.1,84.2,10.5,0,1,2,4,4,19,16,2,1,5,1,1,5.3,26.3,0,5.3,5.3,14,2017
"Russell Wilson",7077,"QB","SEA",1,17,0,0,29,2,4,11.8,5.9,64.7,0,0,7,0,2,1,17,11,0,8,1,7,1,47.1,5.9,1,41.2,5.9,14,2017
"Carson Wentz",10636,"QB","PHI",1,17,0,0,24,1,1,29.4,35.3,82.4,5.9,0,2,0,5,6,17,14,1,2,2,2,0,11.8,11.8,0,11.8,0,14,2017
"Jimmy Garoppolo",8697,"QB","SF",1,16,0,0,28,0,0,12.5,0,87.5,12.5,0,0,0,2,0,16,14,2,0,8,0,4,0,50,0,0,25,14,2017
"Alex Smith",2218,"QB","KC",1,15,0,0,16,0,0,26.7,20,66.7,20,0,2,0,4,3,15,10,3,1,2,2,0,6.7,13.3,2,13.3,0,14,2017
"Jared Goff",10635,"QB","LA",1,15,13.3,0,26,1,0,6.7,13.3,86.7,0,0,2,2,1,2,15,13,0,4,5,2,3,26.7,33.3,1,13.3,20,14,2017
"Ben Roethlisberger",1732,"QB","PIT",1,14,14.3,0,25,0,0,28.6,21.4,85.7,0,0,2,2,4,3,14,12,0,1,5,2,0,7.1,35.7,2,14.3,0,14,2017
"T.J. Yates",6304,"QB","HST",1,13,15.4,0,13,0,2,7.7,23.1,84.6,0,0,2,2,1,3,13,11,0,2,5,2,0,15.4,38.5,0,15.4,0,14,2017
"Eli Manning",1722,"QB","NYG",1,13,0,0,21,2,0,15.4,15.4,84.6,0,0,2,0,2,2,13,11,0,2,6,2,0,15.4,46.2,0,15.4,0,14,2017
"Blaine Gabbert",6162,"QB","ARZ",1,13,7.7,0,1,0,0,23.1,23.1,84.6,7.7,0,2,1,3,3,13,11,1,2,2,2,1,15.4,15.4,2,15.4,7.7,14,2017
"Tom Brady",698,"QB","NE",1,12,16.7,0,19,0,0,33.3,16.7,91.7,8.3,0,0,2,4,2,12,11,1,2,3,0,0,16.7,25,0,0,0,14,2017
"Philip Rivers",1725,"QB","LAC",1,12,8.3,0,27,0,0,8.3,25,91.7,0,0,1,1,1,3,12,11,0,3,3,1,1,25,25,1,8.3,8.3,14,2017
"Kirk Cousins",7102,"QB","WAS",1,12,0,0,32,0,0,25,16.7,100,0,0,0,0,3,2,12,12,0,5,3,0,0,41.7,25,0,0,0,14,2017
"Derek Carr",8671,"QB","OAK",1,12,0,0,23,0,0,25,25,91.7,0,0,1,0,3,3,12,11,0,1,5,1,0,8.3,41.7,1,8.3,0,14,2017
"Matthew Stafford",4924,"QB","DET",1,11,9.1,0,11,0,0,54.5,36.4,100,0,0,0,1,6,4,11,11,0,1,0,0,0,9.1,0,0,0,0,14,2017
"Joe Flacco",4332,"QB","BLT",1,11,9.1,0,3,0,0,9.1,36.4,90.9,0,0,1,1,1,4,11,10,0,1,3,1,1,9.1,27.3,1,9.1,9.1,14,2017
"Jameis Winston",9434,"QB","TB",1,11,9.1,0,30,0,2,0,9.1,54.5,27.3,0,3,1,0,1,11,6,3,2,1,3,1,18.2,9.1,1,27.3,9.1,14,2017
"Trevor Siemian",9683,"QB","DEN",1,11,18.2,0,10,0,4,9.1,27.3,63.6,0,0,5,2,1,3,11,7,0,1,1,5,0,9.1,9.1,1,45.5,0,14,2017
"Marcus Mariota",9435,"QB","TEN",1,9,33.3,0,31,0,0,44.4,55.6,100,-11.1,0,0,3,4,5,9,9,-1,0,1,0,1,0,11.1,0,0,11.1,14,2017
"Andy Dalton",6187,"QB","CIN",1,9,0,0,7,1,0,0,55.6,88.9,0,0,1,0,0,5,9,8,0,3,4,1,0,33.3,44.4,0,11.1,0,14,2017
"Brett Hundley",9580,"QB","GB",1,9,22.2,0,12,0,1,22.2,11.1,77.8,11.1,0,1,2,2,1,9,7,1,1,2,1,0,11.1,22.2,0,11.1,0,14,2017
"DeShone Kizer",11807,"QB","CLV",1,8,0,0,8,1,0,37.5,12.5,75,12.5,0,2,0,3,1,8,6,1,0,3,2,0,0,37.5,1,25,0,14,2017
"Matt Ryan",4317,"QB","ATL",1,8,12.5,0,2,1,0,37.5,25,87.5,0,0,1,1,3,2,8,7,0,1,1,1,0,12.5,12.5,0,12.5,0,14,2017
"Cam Newton",6153,"QB","CAR",1,8,37.5,0,5,1,0,12.5,25,87.5,0,0,1,3,1,2,8,7,0,2,1,1,0,25,12.5,0,12.5,0,14,2017
"Tom Savage",8770,"QB","HST",1,7,0,0,13,0,1,28.6,0,71.4,14.3,0,1,0,2,0,7,5,1,2,1,1,0,28.6,14.3,0,14.3,0,14,2017
"Drew Brees",802,"QB","NO",1,7,0,0,20,0,0,42.9,0,85.7,0,0,1,0,3,0,7,6,0,2,1,1,0,28.6,14.3,1,14.3,0,14,2017
"Jacoby Brissett",10725,"QB","IND",1,6,0,0,14,0,1,0,16.7,66.7,0,0,2,0,0,1,6,4,0,1,1,2,1,16.7,16.7,1,33.3,16.7,14,2017
"Blake Bortles",8638,"QB","JAX",1,6,0,0,15,0,1,16.7,33.3,83.3,0,0,1,0,1,2,6,5,0,1,1,1,1,16.7,16.7,0,16.7,16.7,14,2017
"Nick Foles",7089,"QB","PHI",1,5,0,0,24,0,0,40,60,100,0,0,0,0,2,3,5,5,0,0,1,0,0,0,20,0,0,0,14,2017
"Jay Cutler",2956,"QB","MIA",1,5,0,0,17,0,0,0,20,100,0,0,0,0,0,1,5,5,0,2,3,0,0,40,60,0,0,0,14,2017
"Dak Prescott",10769,"QB","DAL",1,5,0,0,9,0,0,0,20,80,20,0,0,0,0,1,5,4,1,1,2,0,0,20,40,0,0,0,14,2017
"Mitchell Trubisky",11757,"QB","CHI",1,5,20,0,6,0,0,0,0,80,20,0,0,1,0,0,5,4,1,2,0,0,1,40,0,0,0,20,14,2017
"Josh McCown",1085,"QB","NYJ",1,4,0,0,22,0,0,0,25,100,0,0,1,0,0,1,4,4,0,1,2,1,0,25,50,1,25,0,14,2017
"A.J. McCarron",8799,"QB","CIN",1,3,0,0,7,1,1,0,33.3,33.3,0,0,2,0,0,1,3,1,0,0,1,2,0,0,33.3,0,66.7,0,14,2017
"Joe Webb III",5722,"WR","BUF",1,2,0,0,4,0,0,0,50,100,0,0,0,0,0,1,2,2,0,1,1,0,0,50,50,0,0,0,14,2017
"Kellen Clemens",2994,"QB","LAC",1,2,50,0,27,0,0,50,0,100,0,0,0,1,1,0,2,2,0,0,0,0,0,0,0,0,0,0,14,2017
"Nathan Peterman",11926,"QB","BUF",1,2,0,0,4,0,1,0,0,0,50,0,1,0,0,0,2,0,1,0,0,1,0,0,0,0,50,0,14,2017
"Bryce Petty",9536,"QB","NYJ",1,2,0,0,22,0,0,50,0,100,0,0,0,0,1,0,2,2,0,0,1,0,0,0,50,0,0,0,14,2017
"DeShone Kizer",11807,"QB","CLV",1,17,0,0,8,0,4,0,23.5,70.6,5.9,0,4,0,0,4,17,12,1,4,4,4,1,23.5,23.5,0,23.5,5.9,15,2017
"Blaine Gabbert",6162,"QB","ARZ",1,16,6.3,0,1,0,0,12.5,25,93.8,0,0,2,1,2,4,16,15,0,4,4,2,1,25,25,2,12.5,6.3,15,2017
"Russell Wilson",7077,"QB","SEA",1,15,13.3,0,29,0,2,33.3,6.7,80,0,0,3,2,5,1,15,12,0,5,4,3,0,33.3,26.7,1,20,0,15,2017
"Aaron Rodgers",2241,"QB","GB",1,14,28.6,0,12,1,0,14.3,0,85.7,7.1,0,1,4,2,0,14,12,1,4,4,1,0,28.6,28.6,0,7.1,0,15,2017
"Tom Brady",698,"QB","NE",1,14,14.3,0,19,0,1,42.9,28.6,92.9,0,0,1,2,6,4,14,13,0,3,3,1,0,21.4,21.4,0,7.1,0,15,2017
"T.J. Yates",6304,"QB","HST",1,14,28.6,0,13,0,1,21.4,7.1,92.9,0,0,1,4,3,1,14,13,0,4,4,1,0,28.6,28.6,0,7.1,0,15,2017
"Jacoby Brissett",10725,"QB","IND",1,13,0,0,14,3,0,15.4,23.1,92.3,0,0,3,0,2,3,13,12,0,3,6,3,0,23.1,46.2,0,23.1,0,15,2017
"Joe Flacco",4332,"QB","BLT",1,12,0,0,3,2,2,8.3,16.7,58.3,8.3,0,4,0,1,2,12,7,1,2,3,4,0,16.7,25,0,33.3,0,15,2017
"Mitchell Trubisky",11757,"QB","CHI",1,12,8.3,0,6,0,1,16.7,16.7,91.7,0,0,1,1,2,2,12,11,0,4,4,1,0,33.3,33.3,0,8.3,0,15,2017
"Eli Manning",1722,"QB","NYG",1,12,0,0,21,0,2,8.3,33.3,83.3,-8.3,0,2,0,1,4,12,10,-1,4,1,2,1,33.3,8.3,0,16.7,8.3,15,2017
"Jameis Winston",9434,"QB","TB",1,12,8.3,0,30,0,1,16.7,16.7,91.7,0,0,1,1,2,2,12,11,0,3,3,1,1,25,25,0,8.3,8.3,15,2017
"Ben Roethlisberger",1732,"QB","PIT",1,12,8.3,0,25,0,0,25,25,91.7,0,0,1,1,3,3,12,11,0,1,4,1,0,8.3,33.3,1,8.3,0,15,2017
"Matt Ryan",4317,"QB","ATL",1,12,0,0,2,0,4,25,25,75,0,0,4,0,3,3,12,9,0,2,1,4,2,16.7,8.3,0,33.3,16.7,15,2017
"Derek Carr",8671,"QB","OAK",1,11,0,0,23,0,0,9.1,27.3,100,0,0,0,0,1,3,11,11,0,2,5,0,0,18.2,45.5,0,0,0,15,2017
"Marcus Mariota",9435,"QB","TEN",1,11,9.1,0,31,1,1,0,0,63.6,9.1,0,3,1,0,0,11,7,1,2,4,3,0,18.2,36.4,1,27.3,0,15,2017
"Matthew Stafford",4924,"QB","DET",1,11,18.2,0,11,0,0,45.5,18.2,100,0,0,0,2,5,2,11,11,0,1,2,0,0,9.1,18.2,0,0,0,15,2017
"Dak Prescott",10769,"QB","DAL",1,10,0,0,9,0,1,20,30,90,0,0,1,0,2,3,10,9,0,0,4,1,1,0,40,0,10,10,15,2017
"Philip Rivers",1725,"QB","LAC",1,10,30,0,27,0,0,20,0,100,0,0,0,3,2,0,10,10,0,3,3,0,0,30,30,0,0,0,15,2017
"Jimmy Garoppolo",8697,"QB","SF",1,10,0,0,28,0,0,20,10,70,30,0,0,0,2,1,10,7,3,2,3,0,0,20,30,0,0,0,15,2017
"Tyrod Taylor",6332,"QB","BUF",1,9,0,0,4,0,2,0,33.3,66.7,11.1,0,2,0,0,3,9,6,1,0,2,2,1,0,22.2,0,22.2,11.1,15,2017
"Bryce Petty",9536,"QB","NYJ",1,9,22.2,0,22,0,0,33.3,0,100,0,0,0,2,3,0,9,9,0,3,2,0,0,33.3,22.2,0,0,0,15,2017
"Blake Bortles",8638,"QB","JAX",1,9,11.1,0,15,0,0,0,33.3,66.7,22.2,0,1,1,0,3,9,6,2,1,2,1,0,11.1,22.2,1,11.1,0,15,2017
"Nick Foles",7089,"QB","PHI",1,8,0,0,24,0,1,12.5,62.5,87.5,0,0,1,0,1,5,8,7,0,0,1,1,0,0,12.5,0,12.5,0,15,2017
"Jay Cutler",2956,"QB","MIA",1,8,25,0,17,0,0,25,12.5,87.5,0,0,1,2,2,1,8,7,0,1,1,1,0,12.5,12.5,1,12.5,0,15,2017
"Andy Dalton",6187,"QB","CIN",1,8,12.5,0,7,0,0,0,37.5,87.5,12.5,0,1,1,0,3,8,7,1,0,4,1,0,0,50,1,12.5,0,15,2017
"Case Keenum",7323,"QB","MIN",1,8,12.5,0,18,1,0,12.5,12.5,75,12.5,0,1,1,1,1,8,6,1,2,1,1,0,25,12.5,0,12.5,0,15,2017
"Jared Goff",10635,"QB","LA",1,7,28.6,0,26,0,0,14.3,28.6,100,0,0,0,2,1,2,7,7,0,1,1,0,0,14.3,14.3,0,0,0,15,2017
"Brock Osweiler",7059,"QB","DEN",1,7,0,0,10,0,0,14.3,14.3,100,0,0,0,0,1,1,7,7,0,1,4,0,0,14.3,57.1,0,0,0,15,2017
"Alex Smith",2218,"QB","KC",1,6,0,0,16,0,0,50,33.3,100,0,0,0,0,3,2,6,6,0,0,1,0,0,0,16.7,0,0,0,15,2017
"Kirk Cousins",7102,"QB","WAS",1,5,0,0,32,0,0,40,40,100,0,0,0,0,2,2,5,5,0,1,0,0,1,20,0,0,0,20,15,2017
"Trevor Siemian",9683,"QB","DEN",1,5,0,0,10,0,0,20,40,80,0,0,1,0,1,2,5,4,0,0,1,1,0,0,20,1,20,0,15,2017
"Cam Newton",6153,"QB","CAR",1,5,0,0,5,0,0,0,40,100,0,0,0,0,0,2,5,5,0,3,2,0,0,60,40,0,0,0,15,2017
"Drew Brees",802,"QB","NO",1,4,50,0,20,0,0,0,0,100,0,0,0,2,0,0,4,4,0,1,1,0,0,25,25,0,0,0,15,2017
"A.J. McCarron",8799,"QB","CIN",1,2,0,0,7,0,0,0,50,100,0,0,0,0,0,1,2,2,0,0,1,0,0,0,50,0,0,0,15,2017
"Philip Rivers",1725,"QB","LAC",1,18,22.2,0,27,0,2,11.1,11.1,77.8,11.1,0,2,4,2,2,18,14,2,3,3,2,1,16.7,16.7,0,11.1,5.6,16,2017
"Dak Prescott",10769,"QB","DAL",1,18,5.6,0,9,1,2,5.6,38.9,72.2,5.6,0,4,1,1,7,18,13,1,0,5,4,0,0,27.8,1,22.2,0,16,2017
"Brett Hundley",9580,"QB","GB",1,17,11.8,0,12,0,5,11.8,29.4,76.5,0,0,6,2,2,5,17,13,0,1,4,6,1,5.9,23.5,1,35.3,5.9,16,2017
"Blake Bortles",8638,"QB","JAX",1,17,0,0,15,0,0,11.8,23.5,94.1,5.9,0,0,0,2,4,17,16,1,5,6,0,0,29.4,35.3,0,0,0,16,2017
"Brock Osweiler",7059,"QB","DEN",1,17,0,0,10,0,0,5.9,29.4,100,0,0,1,0,1,5,17,17,0,4,9,1,1,23.5,52.9,1,5.9,5.9,16,2017
"Jameis Winston",9434,"QB","TB",1,16,12.5,0,30,0,0,25,18.8,75,18.8,0,1,2,4,3,16,12,3,2,2,1,2,12.5,12.5,1,6.3,12.5,16,2017
"Matthew Stafford",4924,"QB","DET",1,16,0,0,11,0,1,31.3,18.8,87.5,6.3,0,1,0,5,3,16,14,1,4,5,1,0,25,31.3,0,6.3,0,16,2017
"DeShone Kizer",11807,"QB","CLV",1,15,13.3,0,8,2,1,13.3,13.3,73.3,13.3,0,3,2,2,2,15,11,2,1,4,3,1,6.7,26.7,0,20,6.7,16,2017
"Derek Carr",8671,"QB","OAK",1,13,7.7,0,23,1,0,15.4,7.7,92.3,0,0,1,1,2,1,13,12,0,3,6,1,1,23.1,46.2,0,7.7,7.7,16,2017
"Nick Foles",7089,"QB","PHI",1,12,0,0,24,2,0,41.7,8.3,75,0,0,3,0,5,1,12,9,0,0,2,3,1,0,16.7,1,25,8.3,16,2017
"Matt Ryan",4317,"QB","ATL",1,12,16.7,0,2,1,1,50,0,75,-8.3,0,3,2,6,0,12,9,-1,1,1,3,1,8.3,8.3,1,25,8.3,16,2017
"Jared Goff",10635,"QB","LA",1,12,8.3,0,26,1,0,16.7,8.3,83.3,-8.3,0,2,1,2,1,12,10,-1,2,5,2,1,16.7,41.7,1,16.7,8.3,16,2017
"Tyrod Taylor",6332,"QB","BUF",1,11,9.1,0,4,0,0,9.1,9.1,72.7,0,0,3,1,1,1,11,8,0,3,3,3,0,27.3,27.3,3,27.3,0,16,2017
"Bryce Petty",9536,"QB","NYJ",1,11,36.4,0,22,0,1,9.1,18.2,81.8,9.1,0,2,4,1,2,11,9,1,3,1,2,0,27.3,9.1,1,18.2,0,16,2017
"Marcus Mariota",9435,"QB","TEN",1,11,27.3,0,31,1,1,18.2,9.1,72.7,9.1,0,2,3,2,1,11,8,1,1,0,2,1,9.1,0,0,18.2,9.1,16,2017
"Russell Wilson",7077,"QB","SEA",1,10,0,0,29,0,1,20,40,90,0,0,2,0,2,4,10,9,0,0,4,2,0,0,40,1,20,0,16,2017
"Eli Manning",1722,"QB","NYG",1,10,10,0,21,0,0,0,60,90,10,0,0,1,0,6,10,9,1,0,4,0,0,0,40,0,0,0,16,2017
"Case Keenum",7323,"QB","MIN",1,10,10,0,18,1,0,20,30,70,10,0,3,1,2,3,10,7,1,0,4,3,1,0,40,2,30,10,16,2017
"Andy Dalton",6187,"QB","CIN",1,9,22.2,0,7,0,0,0,44.4,88.9,0,0,1,2,0,4,9,8,0,2,0,1,1,22.2,0,1,11.1,11.1,16,2017
"Kirk Cousins",7102,"QB","WAS",1,9,11.1,0,32,0,0,22.2,33.3,100,0,0,0,1,2,3,9,9,0,2,3,0,0,22.2,33.3,0,0,0,16,2017
"T.J. Yates",6304,"QB","HST",1,9,22.2,0,13,0,1,0,22.2,66.7,11.1,0,2,2,0,2,9,6,1,1,2,2,0,11.1,22.2,1,22.2,0,16,2017
"Drew Stanton",3659,"QB","ARZ",1,8,0,0,1,0,1,0,12.5,87.5,0,0,1,0,0,1,8,7,0,1,6,1,0,12.5,75,0,12.5,0,16,2017
"Jimmy Garoppolo",8697,"QB","SF",1,8,0,0,28,0,1,25,25,87.5,0,0,1,0,2,2,8,7,0,2,3,1,0,25,37.5,0,12.5,0,16,2017
"Cam Newton",6153,"QB","CAR",1,8,12.5,0,5,0,1,0,37.5,87.5,0,0,1,1,0,3,8,7,0,2,1,1,1,25,12.5,0,12.5,12.5,16,2017
"Alex Smith",2218,"QB","KC",1,8,12.5,0,16,1,0,0,50,87.5,0,0,1,1,0,4,8,7,0,1,2,1,0,12.5,25,0,12.5,0,16,2017
"Mitchell Trubisky",11757,"QB","CHI",1,8,25,0,6,0,0,12.5,25,87.5,0,0,1,2,1,2,8,7,0,0,3,1,0,0,37.5,1,12.5,0,16,2017
"Jacoby Brissett",10725,"QB","IND",1,7,0,0,14,0,0,14.3,28.6,100,0,0,0,0,1,2,7,7,0,1,4,0,0,14.3,57.1,0,0,0,16,2017
"Jay Cutler",2956,"QB","MIA",1,6,0,0,17,0,0,0,33.3,100,0,0,0,0,0,2,6,6,0,1,3,0,0,16.7,50,0,0,0,16,2017
"Ben Roethlisberger",1732,"QB","PIT",1,6,0,0,25,0,0,33.3,66.7,100,0,0,0,0,2,4,6,6,0,0,1,0,0,0,16.7,0,0,0,16,2017
"Joe Flacco",4332,"QB","BLT",1,5,0,0,3,0,0,20,20,100,-20,0,0,0,1,1,5,5,-1,0,3,0,1,0,60,0,0,20,16,2017
"Drew Brees",802,"QB","NO",1,5,0,0,20,0,0,20,80,100,0,0,0,0,1,4,5,5,0,0,0,0,0,0,0,0,0,0,16,2017
"Tom Brady",698,"QB","NE",1,4,50,0,19,0,2,0,25,75,0,0,2,2,0,1,4,3,0,0,0,2,0,0,0,0,50,0,16,2017
"Taylor Heinicke",9896,"QB","HST",1,1,0,0,13,0,0,0,0,100,0,0,0,0,0,0,1,1,0,1,0,0,0,100,0,0,0,0,16,2017
"Matt Ryan",4317,"QB","ATL",1,20,20,0,2,1,3,10,30,85,0,0,4,4,2,6,20,17,0,3,2,4,2,15,10,0,20,10,17,2017
"David Fales",8818,"QB","MIA",1,17,17.6,0,17,1,0,5.9,41.2,88.2,11.8,0,1,3,1,7,17,15,2,4,4,1,0,23.5,23.5,0,5.9,0,17,2017
"DeShone Kizer",11807,"QB","CLV",1,16,0,0,8,0,0,18.8,18.8,56.3,31.3,0,2,0,3,3,16,9,5,0,3,2,0,0,18.8,2,12.5,0,17,2017
"Drew Stanton",3659,"QB","ARZ",1,14,14.3,0,1,1,0,14.3,7.1,92.9,-7.1,0,1,2,2,1,14,13,-1,5,5,1,2,35.7,35.7,0,7.1,14.3,17,2017
"Bryce Petty",9536,"QB","NYJ",1,14,35.7,0,22,0,0,7.1,28.6,100,0,0,1,5,1,4,14,14,0,2,3,1,0,14.3,21.4,1,7.1,0,17,2017
"Tom Brady",698,"QB","NE",1,13,0,0,19,0,0,7.7,30.8,84.6,15.4,0,0,0,1,4,13,11,2,3,2,0,1,23.1,15.4,0,0,7.7,17,2017
"Andy Dalton",6187,"QB","CIN",1,13,0,0,7,0,0,38.5,30.8,92.3,7.7,0,0,0,5,4,13,12,1,0,3,0,0,0,23.1,0,0,0,17,2017
"Marcus Mariota",9435,"QB","TEN",1,13,7.7,0,31,1,1,23.1,7.7,69.2,15.4,0,2,1,3,1,13,9,2,2,1,2,2,15.4,7.7,0,15.4,15.4,17,2017
"Cam Newton",6153,"QB","CAR",1,12,16.7,0,5,0,1,0,16.7,83.3,8.3,0,1,2,0,2,12,10,1,6,4,1,0,50,33.3,0,8.3,0,17,2017
"Blake Bortles",8638,"QB","JAX",1,12,0,0,15,0,1,16.7,25,66.7,8.3,0,3,0,2,3,12,8,1,0,3,3,0,0,25,2,25,0,17,2017
"Patrick Mahomes",11765,"QB","KC",1,12,0,0,16,0,0,25,8.3,75,25,0,0,0,3,1,12,9,3,4,1,0,0,33.3,8.3,0,0,0,17,2017
"Joe Flacco",4332,"QB","BLT",1,12,8.3,0,3,0,1,16.7,16.7,83.3,8.3,0,1,1,2,2,12,10,1,2,2,1,1,16.7,16.7,0,8.3,8.3,17,2017
"Russell Wilson",7077,"QB","SEA",1,11,18.2,0,29,0,1,18.2,27.3,81.8,-9.1,0,2,2,2,3,11,9,-1,3,1,2,1,27.3,9.1,1,18.2,9.1,17,2017
"Kirk Cousins",7102,"QB","WAS",1,11,0,0,32,0,1,9.1,27.3,72.7,9.1,0,1,0,1,3,11,8,1,1,3,1,1,9.1,27.3,0,9.1,9.1,17,2017
"Dak Prescott",10769,"QB","DAL",1,10,10,0,9,0,1,20,30,90,0,0,1,1,2,3,10,9,0,0,4,1,0,0,40,0,10,0,17,2017
"Sean Mannion",9522,"QB","LA",1,10,10,0,26,0,0,30,50,100,0,0,0,1,3,5,10,10,0,1,2,0,0,10,20,0,0,0,17,2017
"Case Keenum",7323,"QB","MIN",1,10,0,0,18,0,1,10,40,90,0,0,1,0,1,4,10,9,0,3,2,1,0,30,20,0,10,0,17,2017
"Jameis Winston",9434,"QB","TB",1,10,10,0,30,0,0,10,10,100,0,0,0,1,1,1,10,10,0,3,4,0,1,30,40,0,0,10,17,2017
"Brett Hundley",9580,"QB","GB",1,10,20,0,12,1,0,10,10,100,0,0,1,2,1,1,10,10,0,5,4,1,0,50,40,0,10,0,17,2017
"Matthew Stafford",4924,"QB","DET",1,9,11.1,0,11,0,0,33.3,11.1,100,0,0,0,1,3,1,9,9,0,2,2,0,0,22.2,22.2,0,0,0,17,2017
"Tyrod Taylor",6332,"QB","BUF",1,9,11.1,0,4,1,1,0,44.4,77.8,0,0,2,1,0,4,9,7,0,0,3,2,0,0,33.3,0,22.2,0,17,2017
"Landry Jones",7897,"QB","PIT",1,9,0,0,25,0,1,11.1,33.3,77.8,-11.1,0,2,0,1,3,9,7,-1,2,1,2,1,22.2,11.1,1,22.2,11.1,17,2017
"Paxton Lynch",10660,"QB","DEN",1,9,11.1,0,10,0,0,22.2,11.1,100,0,0,1,1,2,1,9,9,0,4,1,1,0,44.4,11.1,1,11.1,0,17,2017
"Jacoby Brissett",10725,"QB","IND",1,9,11.1,0,14,0,0,22.2,0,77.8,22.2,0,0,1,2,0,9,7,2,3,2,0,0,33.3,22.2,0,0,0,17,2017
"Nate Sudfeld",10821,"QB","PHI",1,9,11.1,0,24,0,0,11.1,22.2,88.9,11.1,0,2,1,1,2,9,8,1,0,4,2,0,0,44.4,2,22.2,0,17,2017
"Mitchell Trubisky",11757,"QB","CHI",1,8,0,0,6,1,0,12.5,25,87.5,0,0,1,0,1,2,8,7,0,1,4,1,0,12.5,50,0,12.5,0,17,2017
"Philip Rivers",1725,"QB","LAC",1,8,12.5,0,27,0,0,12.5,25,100,0,0,0,1,1,2,8,8,0,2,1,0,1,25,12.5,0,0,12.5,17,2017
"Eli Manning",1722,"QB","NYG",1,7,0,0,21,0,0,0,14.3,100,0,0,0,0,0,1,7,7,0,3,3,0,0,42.9,42.9,0,0,0,17,2017
"Derek Carr",8671,"QB","OAK",1,7,14.3,0,23,0,0,0,71.4,100,0,0,0,1,0,5,7,7,0,1,1,0,0,14.3,14.3,0,0,0,17,2017
"T.J. Yates",6304,"QB","HST",1,7,28.6,0,13,0,0,14.3,0,100,0,0,0,2,1,0,7,7,0,3,2,0,0,42.9,28.6,0,0,0,17,2017
"Drew Brees",802,"QB","NO",1,6,0,0,20,0,0,0,16.7,100,0,0,0,0,0,1,6,6,0,4,2,0,0,66.7,33.3,0,0,0,17,2017
"Nick Foles",7089,"QB","PHI",1,5,0,0,24,0,0,0,0,80,20,0,0,0,0,0,5,4,1,3,0,0,1,60,0,0,0,20,17,2017
"Jimmy Garoppolo",8697,"QB","SF",1,4,25,0,28,0,0,0,0,100,0,0,0,1,0,0,4,4,0,1,3,0,0,25,75,0,0,0,17,2017
"Joe Callahan",11144,"QB","GB",1,1,0,0,12,0,1,0,0,0,0,0,1,0,0,0,1,0,0,0,0,1,0,0,0,0,100,0,17,2017
"Jay Cutler",2956,"QB","MIA",1,1,0,0,17,0,0,100,0,100,0,0,0,0,1,0,1,1,0,0,0,0,0,0,0,0,0,0,17,2017
"Jay Cutler",2956,"QB","CHI",1,17,11.8,0,6,0,0,5.9,29.4,88.2,5.9,0,1,2,1,5,17,15,1,1,8,1,0,5.9,47.1,1,5.9,0,1,2016
"Alex Smith",2218,"QB","KC",1,15,20,0,16,0,2,13.3,20,86.7,0,0,2,3,2,3,15,13,0,0,5,2,0,0,33.3,0,13.3,0,1,2016
"Brock Osweiler",7059,"QB","HST",1,13,15.4,0,13,0,0,23.1,23.1,100,0,0,0,2,3,3,13,13,0,3,4,0,0,23.1,30.8,0,0,0,1,2016
"Andrew Luck",7007,"QB","IND",1,13,7.7,0,14,0,1,7.7,7.7,84.6,7.7,0,1,1,1,1,13,11,1,3,5,1,1,23.1,38.5,0,7.7,7.7,1,2016
"Joe Flacco",4332,"QB","BLT",1,13,15.4,0,3,0,0,15.4,15.4,84.6,15.4,0,0,2,2,2,13,11,2,0,3,0,2,0,23.1,0,0,15.4,1,2016
"Russell Wilson",7077,"QB","SEA",1,12,8.3,0,29,0,0,16.7,25,100,-8.3,0,1,1,2,3,12,12,-1,3,5,1,1,25,41.7,1,8.3,8.3,1,2016
"Dak Prescott",10769,"QB","DAL",1,12,0,0,9,0,2,25,0,75,8.3,0,2,0,3,0,12,9,1,0,6,2,0,0,50,0,16.7,0,1,2016
"Case Keenum",7323,"QB","LA",1,12,8.3,0,26,0,0,16.7,33.3,100,-8.3,0,0,1,2,4,12,12,-1,2,7,0,1,16.7,58.3,0,0,8.3,1,2016
"Kirk Cousins",7102,"QB","WAS",1,11,18.2,0,32,0,0,27.3,9.1,90.9,9.1,0,0,2,3,1,11,10,1,2,2,0,0,18.2,18.2,0,0,0,1,2016
"Jameis Winston",9434,"QB","TB",1,11,18.2,0,30,0,0,18.2,18.2,100,0,0,0,2,2,2,11,11,0,1,4,0,1,9.1,36.4,0,0,9.1,1,2016
"Matt Ryan",4317,"QB","ATL",1,11,27.3,0,2,0,0,9.1,18.2,90.9,0,0,1,3,1,2,11,10,0,1,2,1,1,9.1,18.2,1,9.1,9.1,1,2016
"Shaun Hill",1255,"QB","MIN",1,11,9.1,0,18,0,0,9.1,36.4,100,0,0,0,1,1,4,11,11,0,2,2,0,1,18.2,18.2,0,0,9.1,1,2016
"Trevor Siemian",9683,"QB","DEN",1,10,0,0,10,0,0,10,30,90,10,0,0,0,1,3,10,9,1,2,2,0,1,20,20,0,0,10,1,2016
"Tyrod Taylor",6332,"QB","BUF",1,9,11.1,0,4,0,0,11.1,22.2,77.8,22.2,0,0,1,1,2,9,7,2,2,1,0,0,22.2,11.1,0,0,0,1,2016
"Carson Palmer",1317,"QB","ARZ",1,9,22.2,0,1,0,0,11.1,33.3,100,0,0,1,2,1,3,9,9,0,1,4,1,0,11.1,44.4,1,11.1,0,1,2016
"Cam Newton",6153,"QB","CAR",1,9,11.1,0,5,0,0,11.1,22.2,100,0,0,0,1,1,2,9,9,0,0,5,0,1,0,55.6,0,0,11.1,1,2016
"Andy Dalton",6187,"QB","CIN",1,9,55.6,0,7,0,0,0,11.1,88.9,0,0,1,5,0,1,9,8,0,2,2,1,0,22.2,22.2,1,11.1,0,1,2016
"Ryan Tannehill",7014,"QB","MIA",1,9,11.1,0,17,0,0,33.3,22.2,100,0,0,1,1,3,2,9,9,0,1,2,1,0,11.1,22.2,1,11.1,0,1,2016
"Blake Bortles",8638,"QB","JAX",1,9,11.1,0,15,0,0,22.2,11.1,100,0,0,0,1,2,1,9,9,0,1,4,0,0,11.1,44.4,0,0,0,1,2016
"Carson Wentz",10636,"QB","PHI",1,9,22.2,0,24,1,0,0,22.2,66.7,11.1,0,2,2,0,2,9,6,1,1,1,2,0,11.1,11.1,1,22.2,0,1,2016
"Robert Griffin III",7008,"QB","CLV",1,8,0,0,8,0,0,0,12.5,100,0,0,0,0,0,1,8,8,0,3,7,0,0,37.5,87.5,0,0,0,1,2016
"Jimmy Garoppolo",8697,"QB","NE",1,8,12.5,0,19,0,1,12.5,12.5,87.5,0,0,1,1,1,1,8,7,0,2,3,1,0,25,37.5,0,12.5,0,1,2016
"Marcus Mariota",9435,"QB","TEN",1,8,12.5,0,31,1,0,25,12.5,87.5,-12.5,0,1,1,2,1,8,7,-1,2,2,1,1,25,25,0,12.5,12.5,1,2016
"Ben Roethlisberger",1732,"QB","PIT",1,8,12.5,0,25,0,0,12.5,50,100,0,0,0,1,1,4,8,8,0,2,1,0,2,25,12.5,0,0,25,1,2016
"Blaine Gabbert",6162,"QB","SF",1,7,28.6,0,28,0,0,42.9,0,100,0,0,0,2,3,0,7,7,0,3,1,0,0,42.9,14.3,0,0,0,1,2016
"Eli Manning",1722,"QB","NYG",1,7,0,0,21,0,2,14.3,14.3,42.9,0,0,4,0,1,1,7,3,0,0,1,4,0,0,14.3,2,57.1,0,1,2016
"Derek Carr",8671,"QB","OAK",1,6,33.3,0,23,0,0,0,16.7,100,0,0,0,2,0,1,6,6,0,3,0,0,0,50,0,0,0,0,1,2016
"Ryan Fitzpatrick",2467,"QB","NYJ",1,6,0,0,22,0,0,16.7,16.7,83.3,16.7,0,0,0,1,1,6,5,1,0,2,0,1,0,33.3,0,0,16.7,1,2016
"Drew Brees",802,"QB","NO",1,6,0,0,20,0,0,50,16.7,83.3,0,0,1,0,3,1,6,5,0,2,1,1,0,33.3,16.7,1,16.7,0,1,2016
"Philip Rivers",1725,"QB","SD",1,6,0,0,27,0,0,33.3,33.3,100,0,0,0,0,2,2,6,6,0,0,2,0,2,0,33.3,0,0,33.3,1,2016
"Aaron Rodgers",2241,"QB","GB",1,5,20,0,12,0,0,40,20,100,0,0,0,1,2,1,5,5,0,0,1,0,0,0,20,0,0,0,1,2016
"Matthew Stafford",4924,"QB","DET",1,5,20,0,11,0,0,40,40,100,0,0,0,1,2,2,5,5,0,0,1,0,0,0,20,0,0,0,1,2016
"Andrew Luck",7007,"QB","IND",1,22,9.1,0,14,0,0,9.1,22.7,95.5,4.5,0,0,2,2,5,22,21,1,8,7,0,1,36.4,31.8,0,0,4.5,2,2016
"Russell Wilson",7077,"QB","SEA",1,18,5.6,0,29,0,0,27.8,27.8,100,0,0,0,1,5,5,18,18,0,4,4,0,1,22.2,22.2,0,0,5.6,2,2016
"Ben Roethlisberger",1732,"QB","PIT",1,17,11.8,0,25,0,1,29.4,41.2,88.2,0,0,1,2,5,7,17,15,0,3,1,1,1,17.6,5.9,0,5.9,5.9,2,2016
"Jameis Winston",9434,"QB","TB",1,16,0,0,30,0,0,18.8,56.3,93.8,6.3,0,0,0,3,9,16,15,1,2,2,0,1,12.5,12.5,0,0,6.3,2,2016
"Sam Bradford",5526,"QB","MIN",1,16,6.3,0,18,0,0,12.5,31.3,93.8,-6.3,0,1,1,2,5,16,15,-1,5,4,1,1,31.3,25,1,6.3,6.3,2,2016
"Blake Bortles",8638,"QB","JAX",1,15,0,0,15,0,1,13.3,33.3,66.7,26.7,0,1,0,2,5,15,10,4,2,2,1,0,13.3,13.3,0,6.7,0,2,2016
"Alex Smith",2218,"QB","KC",1,15,20,0,16,0,0,6.7,6.7,93.3,6.7,0,0,3,1,1,15,14,1,2,6,0,1,13.3,40,0,0,6.7,2,2016
"Andy Dalton",6187,"QB","CIN",1,14,7.1,0,7,0,0,21.4,7.1,78.6,14.3,0,1,1,3,1,14,11,2,3,3,1,0,21.4,21.4,1,7.1,0,2,2016
"Josh McCown",1085,"QB","CLV",1,13,23.1,0,8,0,1,23.1,23.1,76.9,7.7,0,2,3,3,3,13,10,1,2,2,2,0,15.4,15.4,1,15.4,0,2,2016
"Blaine Gabbert",6162,"QB","SF",1,13,7.7,0,28,0,1,30.8,15.4,76.9,15.4,0,1,1,4,2,13,10,2,3,0,1,2,23.1,0,0,7.7,15.4,2,2016
"Ryan Tannehill",7014,"QB","MIA",1,12,16.7,0,17,0,1,0,16.7,83.3,8.3,0,1,2,0,2,12,10,1,2,4,1,0,16.7,33.3,0,8.3,0,2,2016
"Joe Flacco",4332,"QB","BLT",1,12,25,0,3,1,0,25,33.3,91.7,8.3,0,1,3,3,4,12,11,1,0,0,1,1,0,0,0,8.3,8.3,2,2016
"Derek Carr",8671,"QB","OAK",1,12,8.3,0,23,0,2,16.7,16.7,75,-8.3,0,3,1,2,2,12,9,-1,1,5,3,1,8.3,41.7,1,25,8.3,2,2016
"Ryan Fitzpatrick",2467,"QB","NYJ",1,11,9.1,0,22,0,0,0,63.6,100,0,0,0,1,0,7,11,11,0,0,5,0,0,0,45.5,0,0,0,2,2016
"Tyrod Taylor",6332,"QB","BUF",1,11,18.2,0,4,0,1,9.1,36.4,90.9,-9.1,0,1,2,1,4,11,10,-1,2,2,1,1,18.2,18.2,0,9.1,9.1,2,2016
"Drew Brees",802,"QB","NO",1,10,0,0,20,0,1,10,0,60,30,0,1,0,1,0,10,6,3,1,4,1,0,10,40,0,10,0,2,2016
"Aaron Rodgers",2241,"QB","GB",1,10,0,0,12,1,1,20,10,60,20,0,2,0,2,1,10,6,2,1,3,2,0,10,30,0,20,0,2,2016
"Matthew Stafford",4924,"QB","DET",1,10,10,0,11,0,0,20,40,100,0,0,0,1,2,4,10,10,0,2,2,0,1,20,20,0,0,10,2,2016
"Marcus Mariota",9435,"QB","TEN",1,10,20,0,31,0,0,20,10,90,0,0,1,2,2,1,10,9,0,3,0,1,1,30,0,1,10,10,2,2016
"Trevor Siemian",9683,"QB","DEN",1,10,0,0,10,1,0,10,40,90,0,0,1,0,1,4,10,9,0,3,2,1,0,30,20,0,10,0,2,2016
"Matt Ryan",4317,"QB","ATL",1,9,11.1,0,2,0,0,0,33.3,88.9,11.1,0,0,1,0,3,9,8,1,4,0,0,0,44.4,0,0,0,0,2,2016
"Dak Prescott",10769,"QB","DAL",1,9,11.1,0,9,0,0,11.1,11.1,100,0,0,0,1,1,1,9,9,0,1,3,0,2,11.1,33.3,0,0,22.2,2,2016
"Cam Newton",6153,"QB","CAR",1,8,0,0,5,0,0,25,12.5,87.5,0,0,1,0,2,1,8,7,0,0,4,1,0,0,50,1,12.5,0,2,2016
"Philip Rivers",1725,"QB","SD",1,8,0,0,27,0,1,37.5,0,100,0,0,1,0,3,0,8,8,0,4,2,1,0,50,25,0,12.5,0,2,2016
"Carson Wentz",10636,"QB","PHI",1,7,28.6,0,24,0,0,14.3,14.3,100,0,0,1,2,1,1,7,7,0,2,2,1,0,28.6,28.6,1,14.3,0,2,2016
"Case Keenum",7323,"QB","LA",1,7,28.6,0,26,0,0,14.3,42.9,100,0,0,0,2,1,3,7,7,0,2,1,0,1,28.6,14.3,0,0,14.3,2,2016
"Jimmy Garoppolo",8697,"QB","NE",1,6,16.7,0,19,0,0,66.7,0,100,0,0,0,1,4,0,6,6,0,0,3,0,1,0,50,0,0,16.7,2,2016
"Carson Palmer",1317,"QB","ARZ",1,6,16.7,0,1,0,0,16.7,16.7,100,0,0,0,1,1,1,6,6,0,2,1,0,0,33.3,16.7,0,0,0,2,2016
"Kirk Cousins",7102,"QB","WAS",1,5,20,0,32,0,0,0,0,100,0,0,0,1,0,0,5,5,0,1,2,0,1,20,40,0,0,20,2,2016
"Jay Cutler",2956,"QB","CHI",1,5,0,0,6,0,0,0,20,100,-20,0,0,0,0,1,5,5,-1,0,2,0,3,0,40,0,0,60,2,2016
"Eli Manning",1722,"QB","NYG",1,5,0,0,21,0,0,0,40,100,0,0,0,0,0,2,5,5,0,1,3,0,0,20,60,0,0,0,2,2016
"Brock Osweiler",7059,"QB","HST",1,4,25,0,13,0,1,25,0,75,0,0,1,1,1,0,4,3,0,1,1,1,0,25,25,0,25,0,2,2016
"Jacoby Brissett",10725,"QB","NE",1,3,0,0,19,0,0,0,0,66.7,33.3,0,0,0,0,0,3,2,1,1,1,0,0,33.3,33.3,0,0,0,2,2016
"Brian Hoyer",5277,"QB","CHI",1,2,50,0,6,0,0,0,0,100,0,0,0,1,0,0,2,2,0,1,2,0,0,50,100,0,0,0,2,2016
"Jameis Winston",9434,"QB","TB",1,20,20,0,30,1,0,15,25,90,5,0,1,4,3,5,20,18,1,3,2,1,2,15,10,0,5,10,3,2016
"Cam Newton",6153,"QB","CAR",1,19,21.1,0,5,0,0,10.5,42.1,84.2,10.5,0,2,4,2,8,19,16,2,1,2,2,1,5.3,10.5,2,10.5,5.3,3,2016
"Ben Roethlisberger",1732,"QB","PIT",1,17,5.9,0,25,0,1,29.4,29.4,94.1,0,0,1,1,5,5,17,16,0,5,4,1,0,29.4,23.5,0,5.9,0,3,2016
"Blake Bortles",8638,"QB","JAX",1,17,17.6,0,15,0,0,23.5,17.6,88.2,5.9,0,2,3,4,3,17,15,1,2,2,2,1,11.8,11.8,2,11.8,5.9,3,2016
"Cody Kessler",10727,"QB","CLV",1,16,18.8,0,8,0,1,12.5,12.5,75,18.8,0,3,3,2,2,16,12,3,4,4,3,0,25,25,2,18.8,0,3,2016
"Ryan Tannehill",7014,"QB","MIA",1,15,0,0,17,1,0,26.7,20,93.3,-6.7,0,1,0,4,3,15,14,-1,5,4,1,1,33.3,26.7,0,6.7,6.7,3,2016
"Philip Rivers",1725,"QB","SD",1,14,0,0,27,0,0,35.7,42.9,100,0,0,0,0,5,6,14,14,0,3,0,0,0,21.4,0,0,0,0,3,2016
"Matthew Stafford",4924,"QB","DET",1,14,0,0,11,0,0,14.3,50,100,0,0,0,0,2,7,14,14,0,4,3,0,0,28.6,21.4,0,0,0,3,2016
"Andrew Luck",7007,"QB","IND",1,13,15.4,0,14,0,1,15.4,0,84.6,7.7,0,1,2,2,0,13,11,1,2,6,1,1,15.4,46.2,0,7.7,7.7,3,2016
"Brian Hoyer",5277,"QB","CHI",1,12,8.3,0,6,0,0,0,16.7,91.7,8.3,0,1,1,0,2,12,11,1,3,5,1,0,25,41.7,1,8.3,0,3,2016
"Andy Dalton",6187,"QB","CIN",1,11,0,0,7,0,0,18.2,9.1,100,0,0,0,0,2,1,11,11,0,1,7,0,1,9.1,63.6,0,0,9.1,3,2016
"Carson Palmer",1317,"QB","ARZ",1,11,9.1,0,1,0,0,0,27.3,90.9,0,0,1,1,0,3,11,10,0,4,4,1,0,36.4,36.4,1,9.1,0,3,2016
"Kirk Cousins",7102,"QB","WAS",1,11,9.1,0,32,0,0,27.3,36.4,90.9,9.1,0,0,1,3,4,11,10,1,0,4,0,0,0,36.4,0,0,0,3,2016
"Drew Brees",802,"QB","NO",1,11,0,0,20,0,0,18.2,54.5,90.9,9.1,0,0,0,2,6,11,10,1,1,3,0,0,9.1,27.3,0,0,0,3,2016
"Brock Osweiler",7059,"QB","HST",1,10,10,0,13,0,0,10,30,100,0,0,0,1,1,3,10,10,0,2,6,0,0,20,60,0,0,0,3,2016
"Tyrod Taylor",6332,"QB","BUF",1,9,22.2,0,4,0,0,22.2,44.4,77.8,11.1,0,1,2,2,4,9,7,1,0,0,1,0,0,0,1,11.1,0,3,2016
"Matt Ryan",4317,"QB","ATL",1,9,11.1,0,2,0,0,22.2,22.2,77.8,22.2,0,0,1,2,2,9,7,2,2,0,0,0,22.2,0,0,0,0,3,2016
"Joe Flacco",4332,"QB","BLT",1,9,55.6,0,3,0,0,11.1,33.3,100,0,0,0,5,1,3,9,9,0,1,2,0,0,11.1,22.2,0,0,0,3,2016
"Sam Bradford",5526,"QB","MIN",1,9,0,0,18,0,0,0,33.3,77.8,22.2,0,0,0,0,3,9,7,2,2,2,0,0,22.2,22.2,0,0,0,3,2016
"Dak Prescott",10769,"QB","DAL",1,9,11.1,0,9,0,0,22.2,44.4,100,0,0,0,1,2,4,9,9,0,1,0,0,1,11.1,0,0,0,11.1,3,2016
"Derek Carr",8671,"QB","OAK",1,9,11.1,0,23,0,1,11.1,44.4,88.9,0,0,1,1,1,4,9,8,0,3,1,1,0,33.3,11.1,0,11.1,0,3,2016
"Eli Manning",1722,"QB","NYG",1,8,12.5,0,21,0,0,0,25,75,25,0,0,1,0,2,8,6,2,0,4,0,0,0,50,0,0,0,3,2016
"Blaine Gabbert",6162,"QB","SF",1,8,12.5,0,28,0,0,0,50,100,0,0,0,1,0,4,8,8,0,1,2,0,0,12.5,25,0,0,0,3,2016
"Case Keenum",7323,"QB","LA",1,7,14.3,0,26,0,0,14.3,28.6,85.7,0,0,1,1,1,2,7,6,0,2,1,1,0,28.6,14.3,1,14.3,0,3,2016
"Aaron Rodgers",2241,"QB","GB",1,7,14.3,0,12,0,1,14.3,14.3,85.7,14.3,0,1,1,1,1,7,6,1,1,1,1,1,14.3,14.3,0,14.3,14.3,3,2016
"Alex Smith",2218,"QB","KC",1,7,0,0,16,0,2,0,28.6,57.1,0,0,3,0,0,2,7,4,0,2,0,3,0,28.6,0,1,42.9,0,3,2016
"Ryan Fitzpatrick",2467,"QB","NYJ",1,7,0,0,22,0,0,14.3,28.6,100,0,0,0,0,1,2,7,7,0,1,3,0,0,14.3,42.9,0,0,0,3,2016
"Trevor Siemian",9683,"QB","DEN",1,7,0,0,10,0,0,14.3,42.9,100,0,0,0,0,1,3,7,7,0,1,3,0,0,14.3,42.9,0,0,0,3,2016
"Marcus Mariota",9435,"QB","TEN",1,6,0,0,31,0,0,0,0,83.3,0,0,1,0,0,0,6,5,0,2,3,1,0,33.3,50,1,16.7,0,3,2016
"Carson Wentz",10636,"QB","PHI",1,5,0,0,24,0,0,60,40,100,0,0,0,0,3,2,5,5,0,0,0,0,0,0,0,0,0,0,3,2016
"Russell Wilson",7077,"QB","SEA",1,4,25,0,29,0,0,0,25,100,0,0,0,1,0,1,4,4,0,1,1,0,0,25,25,0,0,0,3,2016
"Jacoby Brissett",10725,"QB","NE",1,4,0,0,19,0,0,50,0,100,0,0,0,0,2,0,4,4,0,1,2,0,0,25,50,0,0,0,3,2016
"Trevone Boykin",11279,"QB","SEA",1,2,0,0,29,0,0,0,0,50,50,0,0,0,0,0,2,1,1,0,1,0,0,0,50,0,0,0,3,2016
"Terrelle Pryor Sr.",6944,"WR","CLV",1,2,0,0,8,0,0,0,0,0,50,0,1,0,0,0,2,0,1,0,0,1,0,0,0,1,50,0,3,2016
"Joe Flacco",4332,"QB","BLT",1,18,27.8,0,3,0,0,27.8,27.8,100,0,0,1,5,5,5,18,18,0,1,5,1,0,5.6,27.8,1,5.6,0,4,2016
"Andrew Luck",7007,"QB","IND",1,18,22.2,0,14,0,0,5.6,16.7,88.9,5.6,0,1,4,1,3,18,16,1,8,5,1,0,44.4,27.8,1,5.6,0,4,2016
"Philip Rivers",1725,"QB","SD",1,18,22.2,0,27,0,0,27.8,44.4,100,0,0,0,4,5,8,18,18,0,4,5,0,0,22.2,27.8,0,0,0,4,2016
"Jameis Winston",9434,"QB","TB",1,17,23.5,0,30,1,0,11.8,41.2,88.2,5.9,0,1,4,2,7,17,15,1,1,2,1,1,5.9,11.8,0,5.9,5.9,4,2016
"Alex Smith",2218,"QB","KC",1,16,12.5,0,16,0,1,31.3,18.8,81.3,0,0,2,2,5,3,16,13,0,7,1,2,1,43.8,6.3,1,12.5,6.3,4,2016
"Ryan Tannehill",7014,"QB","MIA",1,13,0,0,17,0,0,38.5,30.8,100,-15.4,0,0,0,5,4,13,13,-2,3,4,0,2,23.1,30.8,0,0,15.4,4,2016
"Russell Wilson",7077,"QB","SEA",1,12,0,0,29,1,0,16.7,41.7,83.3,8.3,0,2,0,2,5,12,10,1,1,2,2,0,8.3,16.7,1,16.7,0,4,2016
"Carson Palmer",1317,"QB","ARZ",1,12,8.3,0,1,0,0,25,25,83.3,16.7,0,0,1,3,3,12,10,2,1,3,0,1,8.3,25,0,0,8.3,4,2016
"Tyrod Taylor",6332,"QB","BUF",1,12,8.3,0,4,0,2,8.3,16.7,75,8.3,0,2,1,1,2,12,9,1,3,3,2,1,25,25,0,16.7,8.3,4,2016
"Ryan Fitzpatrick",2467,"QB","NYJ",1,11,0,0,22,1,0,9.1,36.4,81.8,-9.1,0,2,0,1,4,11,9,-1,1,3,2,2,9.1,27.3,1,18.2,18.2,4,2016
"Cody Kessler",10727,"QB","CLV",1,11,27.3,0,8,0,1,18.2,9.1,81.8,9.1,0,1,3,2,1,11,9,1,1,3,1,0,9.1,27.3,0,9.1,0,4,2016
"Matt Ryan",4317,"QB","ATL",1,11,18.2,0,2,0,1,18.2,18.2,72.7,18.2,0,1,2,2,2,11,8,2,2,3,1,0,18.2,27.3,0,9.1,0,4,2016
"Brock Osweiler",7059,"QB","HST",1,11,9.1,0,13,0,0,27.3,36.4,100,-9.1,0,0,1,3,4,11,11,-1,1,3,0,2,9.1,27.3,0,0,18.2,4,2016
"Dak Prescott",10769,"QB","DAL",1,10,0,0,9,1,0,0,20,70,20,0,1,0,0,2,10,7,2,0,4,1,1,0,40,0,10,10,4,2016
"Marcus Mariota",9435,"QB","TEN",1,10,30,0,31,1,1,40,10,80,0,0,2,3,4,1,10,8,0,2,1,2,0,20,10,0,20,0,4,2016
"Blake Bortles",8638,"QB","JAX",1,10,10,0,15,1,0,10,30,90,0,0,2,1,1,3,10,9,0,3,0,2,2,30,0,1,20,20,4,2016
"Case Keenum",7323,"QB","LA",1,10,10,0,26,0,0,30,30,100,0,0,0,1,3,3,10,10,0,2,1,0,2,20,10,0,0,20,4,2016
"Eli Manning",1722,"QB","NYG",1,10,0,0,21,0,0,20,40,90,10,0,0,0,2,4,10,9,1,2,2,0,0,20,20,0,0,0,4,2016
"Matthew Stafford",4924,"QB","DET",1,9,22.2,0,11,0,0,11.1,0,100,0,0,0,2,1,0,9,9,0,1,5,0,0,11.1,55.6,0,0,0,4,2016
"Jacoby Brissett",10725,"QB","NE",1,8,0,0,19,0,0,12.5,50,100,-12.5,0,0,0,1,4,8,8,-1,1,3,0,1,12.5,37.5,0,0,12.5,4,2016
"Brian Hoyer",5277,"QB","CHI",1,8,12.5,0,6,0,0,0,12.5,100,0,0,0,1,0,1,8,8,0,3,2,0,1,37.5,25,0,0,12.5,4,2016
"Cam Newton",6153,"QB","CAR",1,7,0,0,5,0,0,0,57.1,100,0,0,0,0,0,4,7,7,0,1,3,0,0,14.3,42.9,0,0,0,4,2016
"Derek Anderson",2430,"QB","CAR",1,7,0,0,5,0,0,14.3,42.9,100,0,0,0,0,1,3,7,7,0,1,2,0,0,14.3,28.6,0,0,0,4,2016
"Kirk Cousins",7102,"QB","WAS",1,7,0,0,32,0,0,57.1,14.3,85.7,0,0,1,0,4,1,7,6,0,1,0,1,0,14.3,0,1,14.3,0,4,2016
"Blaine Gabbert",6162,"QB","SF",1,6,0,0,28,0,0,0,50,100,0,0,0,0,0,3,6,6,0,2,2,0,0,33.3,33.3,0,0,0,4,2016
"Derek Carr",8671,"QB","OAK",1,5,0,0,23,0,1,0,0,40,40,0,1,0,0,0,5,2,2,1,1,1,0,20,20,0,20,0,4,2016
"Trevor Siemian",9683,"QB","DEN",1,5,20,0,10,0,0,20,0,80,0,0,1,1,1,0,5,4,0,2,2,1,0,40,40,1,20,0,4,2016
"Sam Bradford",5526,"QB","MIN",1,5,0,0,18,0,0,0,100,100,0,0,0,0,0,5,5,5,0,0,2,0,0,0,40,0,0,0,4,2016
"Drew Brees",802,"QB","NO",1,4,0,0,20,0,0,50,25,100,0,0,0,0,2,1,4,4,0,0,1,0,0,0,25,0,0,0,4,2016
"Ben Roethlisberger",1732,"QB","PIT",1,4,25,0,25,0,0,0,50,100,0,0,0,1,0,2,4,4,0,1,0,0,0,25,0,0,0,0,4,2016
"Drew Stanton",3659,"QB","ARZ",1,3,0,0,1,0,0,33.3,0,100,0,0,0,0,1,0,3,3,0,2,0,0,0,66.7,0,0,0,0,4,2016
"Paxton Lynch",10660,"QB","DEN",1,2,0,0,10,0,0,0,100,100,0,0,1,0,0,2,2,2,0,0,2,1,0,0,100,1,50,0,4,2016
"Andy Dalton",6187,"QB","CIN",1,2,0,0,7,0,0,0,0,100,0,0,0,0,0,0,2,2,0,0,2,0,0,0,100,0,0,0,4,2016
"Joe Flacco",4332,"QB","BLT",1,20,10,0,3,0,1,20,45,95,0,0,1,2,4,9,20,19,0,3,5,1,1,15,25,0,5,5,5,2016
"Eli Manning",1722,"QB","NYG",1,18,11.1,0,21,1,0,5.6,44.4,94.4,0,0,1,2,1,8,18,17,0,0,9,1,0,0,50,0,5.6,0,5,2016
"Paxton Lynch",10660,"QB","DEN",1,17,11.8,0,10,0,0,17.6,47.1,94.1,0,0,1,2,3,8,17,16,0,1,7,1,0,5.9,41.2,1,5.9,0,5,2016
"Andy Dalton",6187,"QB","CIN",1,16,6.3,0,7,0,0,6.3,12.5,93.8,0,0,0,1,1,2,16,15,0,3,8,0,3,18.8,50,0,0,18.8,5,2016
"Brock Osweiler",7059,"QB","HST",1,16,0,0,13,0,0,18.8,31.3,93.8,6.3,0,1,0,3,5,16,15,1,3,6,1,1,18.8,37.5,1,6.3,6.3,5,2016
"Blaine Gabbert",6162,"QB","SF",1,15,20,0,28,0,1,40,13.3,86.7,0,0,3,3,6,2,15,13,0,3,5,3,0,20,33.3,2,20,0,5,2016
"Ryan Tannehill",7014,"QB","MIA",1,13,7.7,0,17,0,0,30.8,61.5,92.3,0,0,1,1,4,8,13,12,0,1,3,1,0,7.7,23.1,1,7.7,0,5,2016
"Matthew Stafford",4924,"QB","DET",1,12,8.3,0,11,0,0,25,25,100,0,0,0,1,3,3,12,12,0,4,7,0,0,33.3,58.3,0,0,0,5,2016
"Derek Carr",8671,"QB","OAK",1,12,25,0,23,0,0,8.3,33.3,91.7,0,0,1,3,1,4,12,11,0,2,3,1,0,16.7,25,1,8.3,0,5,2016
"Matt Ryan",4317,"QB","ATL",1,11,18.2,0,2,1,0,0,0,90.9,0,0,1,2,0,0,11,10,0,3,5,1,1,27.3,45.5,0,9.1,9.1,5,2016
"Ryan Fitzpatrick",2467,"QB","NYJ",1,10,10,0,22,0,0,20,30,90,0,0,1,1,2,3,10,9,0,0,3,1,0,0,30,1,10,0,5,2016
"Andrew Luck",7007,"QB","IND",1,10,10,0,14,0,1,10,10,80,0,0,2,1,1,1,10,8,0,3,3,2,0,30,30,1,20,0,5,2016
"Jameis Winston",9434,"QB","TB",1,10,0,0,30,0,0,10,40,80,20,0,0,0,1,4,10,8,2,2,4,0,0,20,40,0,0,0,5,2016
"Marcus Mariota",9435,"QB","TEN",1,10,0,0,31,0,0,20,20,90,10,0,0,0,2,2,10,9,1,2,3,0,1,20,30,0,0,10,5,2016
"Philip Rivers",1725,"QB","SD",1,10,40,0,27,0,0,20,10,100,0,0,0,4,2,1,10,10,0,1,3,0,0,10,30,0,0,0,5,2016
"Kirk Cousins",7102,"QB","WAS",1,9,0,0,32,0,0,44.4,11.1,100,0,0,0,0,4,1,9,9,0,3,1,0,0,33.3,11.1,0,0,0,5,2016
"Sam Bradford",5526,"QB","MIN",1,9,33.3,0,18,0,0,0,22.2,100,0,0,0,3,0,2,9,9,0,3,2,0,0,33.3,22.2,0,0,0,5,2016
"Case Keenum",7323,"QB","LA",1,9,22.2,0,26,0,0,11.1,44.4,88.9,0,0,1,2,1,4,9,8,0,0,1,1,1,0,11.1,1,11.1,11.1,5,2016
"Drew Stanton",3659,"QB","ARZ",1,8,0,0,1,0,0,0,25,100,0,0,0,0,0,2,8,8,0,1,3,0,2,12.5,37.5,0,0,25,5,2016
"Aaron Rodgers",2241,"QB","GB",1,8,0,0,12,0,2,37.5,12.5,75,0,0,2,0,3,1,8,6,0,0,3,2,0,0,37.5,0,25,0,5,2016
"Tyrod Taylor",6332,"QB","BUF",1,8,37.5,0,4,0,0,12.5,0,87.5,12.5,0,0,3,1,0,8,7,1,0,4,0,0,0,50,0,0,0,5,2016
"Tom Brady",698,"QB","NE",1,7,28.6,0,19,0,0,28.6,28.6,100,0,0,0,2,2,2,7,7,0,2,1,0,0,28.6,14.3,0,0,0,5,2016
"Carson Wentz",10636,"QB","PHI",1,7,28.6,0,24,0,0,42.9,28.6,100,0,0,0,2,3,2,7,7,0,0,2,0,0,0,28.6,0,0,0,5,2016
"Ben Roethlisberger",1732,"QB","PIT",1,6,0,0,25,0,0,0,83.3,100,0,0,0,0,0,5,6,6,0,0,0,0,1,0,0,0,0,16.7,5,2016
"Cody Kessler",10727,"QB","CLV",1,5,40,0,8,1,0,20,0,80,0,0,1,2,1,0,5,4,0,0,1,1,0,0,20,0,20,0,5,2016
"Charlie Whitehurst",3026,"QB","CLV",1,5,20,0,8,1,0,0,20,80,20,0,2,1,0,1,5,4,1,2,1,2,0,40,20,1,40,0,5,2016
"Brian Hoyer",5277,"QB","CHI",1,5,20,0,6,2,0,0,0,60,0,0,2,1,0,0,5,3,0,0,2,2,0,0,40,0,40,0,5,2016
"Derek Anderson",2430,"QB","CAR",1,4,0,0,5,0,0,50,25,100,0,0,0,0,2,1,4,4,0,0,1,0,0,0,25,0,0,0,5,2016
"Dak Prescott",10769,"QB","DAL",1,3,0,0,9,0,0,33.3,0,100,0,0,0,0,1,0,3,3,0,1,1,0,0,33.3,33.3,0,0,0,5,2016
"Odell Beckham Jr.",8647,"WR","NYG",1,1,0,0,21,0,0,0,0,0,100,0,1,0,0,0,1,0,1,0,0,0,0,0,0,1,0,0,5,2016
"Andrew Luck",7007,"QB","IND",1,19,0,0,14,0,0,15.8,36.8,89.5,5.3,0,1,0,3,7,19,17,1,1,6,1,1,5.3,31.6,1,5.3,5.3,6,2016
"Trevor Siemian",9683,"QB","DEN",1,17,5.9,0,10,0,1,23.5,35.3,94.1,5.9,0,2,1,4,6,17,16,1,3,8,2,0,17.6,47.1,1,11.8,0,6,2016
"Cody Kessler",10727,"QB","CLV",1,16,25,0,8,0,0,12.5,25,93.8,0,0,2,4,2,4,16,15,0,5,3,2,1,31.3,18.8,2,12.5,6.3,6,2016
"Matt Ryan",4317,"QB","ATL",1,15,13.3,0,2,1,1,0,20,73.3,6.7,0,3,2,0,3,15,11,1,1,3,3,2,6.7,20,1,20,13.3,6,2016
"Ryan Fitzpatrick",2467,"QB","NYJ",1,14,7.1,0,22,1,1,7.1,57.1,85.7,0,0,2,1,1,8,14,12,0,2,3,2,0,14.3,21.4,0,14.3,0,6,2016
"Colin Kaepernick",6188,"QB","SF",1,14,7.1,0,28,1,0,28.6,35.7,100,0,0,2,1,4,5,14,14,0,2,7,2,0,14.3,50,1,14.3,0,6,2016
"Tom Brady",698,"QB","NE",1,13,23.1,0,19,1,1,30.8,15.4,76.9,7.7,0,2,3,4,2,13,10,1,2,2,2,0,15.4,15.4,0,15.4,0,6,2016
"Cam Newton",6153,"QB","CAR",1,13,0,0,5,0,0,0,30.8,84.6,7.7,0,0,0,0,4,13,11,1,1,6,0,1,7.7,46.2,0,0,7.7,6,2016
"Tyrod Taylor",6332,"QB","BUF",1,13,15.4,0,4,0,1,23.1,7.7,76.9,7.7,0,4,2,3,1,13,10,1,3,2,4,0,23.1,15.4,3,30.8,0,6,2016
"Russell Wilson",7077,"QB","SEA",1,13,15.4,0,29,1,1,23.1,15.4,84.6,0,0,2,2,3,2,13,11,0,3,3,2,0,23.1,23.1,0,15.4,0,6,2016
"Brian Hoyer",5277,"QB","CHI",1,12,16.7,0,6,0,0,33.3,16.7,91.7,8.3,0,0,2,4,2,12,11,1,1,2,0,0,8.3,16.7,0,0,0,6,2016
"Joe Flacco",4332,"QB","BLT",1,12,0,0,3,0,0,8.3,58.3,91.7,8.3,0,0,0,1,7,12,11,1,1,3,0,0,8.3,25,0,0,0,6,2016
"Kirk Cousins",7102,"QB","WAS",1,11,9.1,0,32,0,1,36.4,18.2,90.9,0,0,1,1,4,2,11,10,0,3,2,1,0,27.3,18.2,0,9.1,0,6,2016
"Carson Wentz",10636,"QB","PHI",1,11,27.3,0,24,1,0,27.3,18.2,90.9,0,0,1,3,3,2,11,10,0,1,4,1,1,9.1,36.4,0,9.1,9.1,6,2016
"Philip Rivers",1725,"QB","SD",1,11,18.2,0,27,0,0,18.2,9.1,90.9,9.1,0,1,2,2,1,11,10,1,2,4,1,0,18.2,36.4,1,9.1,0,6,2016
"Drew Brees",802,"QB","NO",1,11,9.1,0,20,0,0,18.2,45.5,100,0,0,0,1,2,5,11,11,0,2,2,0,1,18.2,18.2,0,0,9.1,6,2016
"Eli Manning",1722,"QB","NYG",1,11,9.1,0,21,1,0,9.1,36.4,90.9,0,0,1,1,1,4,11,10,0,0,4,1,0,0,36.4,0,9.1,0,6,2016
"Carson Palmer",1317,"QB","ARZ",1,11,9.1,0,1,0,0,27.3,0,90.9,9.1,0,0,1,3,0,11,10,1,2,3,0,1,18.2,27.3,0,0,9.1,6,2016
"Andy Dalton",6187,"QB","CIN",1,10,40,0,7,0,0,30,0,90,10,0,0,4,3,0,10,9,1,1,3,0,0,10,30,0,0,0,6,2016
"Ben Roethlisberger",1732,"QB","PIT",1,8,12.5,0,25,0,0,37.5,37.5,87.5,0,0,0,1,3,3,8,7,0,1,1,0,1,12.5,12.5,0,0,12.5,6,2016
"Derek Carr",8671,"QB","OAK",1,8,0,0,23,0,0,0,0,87.5,0,0,1,0,0,0,8,7,0,2,7,1,0,25,87.5,1,12.5,0,6,2016
"Matthew Stafford",4924,"QB","DET",1,7,0,0,11,0,0,28.6,0,85.7,14.3,0,0,0,2,0,7,6,1,2,2,0,0,28.6,28.6,0,0,0,6,2016
"Dak Prescott",10769,"QB","DAL",1,6,0,0,9,0,0,50,16.7,83.3,0,0,1,0,3,1,6,5,0,1,2,1,0,16.7,33.3,1,16.7,0,6,2016
"Blake Bortles",8638,"QB","JAX",1,6,0,0,15,1,0,0,16.7,83.3,0,0,1,0,0,1,6,5,0,2,1,1,2,33.3,16.7,0,16.7,33.3,6,2016
"Brock Osweiler",7059,"QB","HST",1,6,33.3,0,13,0,0,16.7,16.7,100,0,0,0,2,1,1,6,6,0,1,2,0,0,16.7,33.3,0,0,0,6,2016
"Marcus Mariota",9435,"QB","TEN",1,5,20,0,31,1,1,0,0,40,0,0,3,1,0,0,5,2,0,1,0,3,0,20,0,1,60,0,6,2016
"Case Keenum",7323,"QB","LA",1,5,0,0,26,0,0,60,0,80,0,0,1,0,3,0,5,4,0,1,0,1,0,20,0,1,20,0,6,2016
"Aaron Rodgers",2241,"QB","GB",1,4,50,0,12,0,0,0,0,75,25,0,0,2,0,0,4,3,1,1,0,0,0,25,0,0,0,0,6,2016
"Ryan Tannehill",7014,"QB","MIA",1,4,25,0,17,0,0,0,0,100,-25,0,0,1,0,0,4,4,-1,2,1,0,1,50,25,0,0,25,6,2016
"Geno Smith",7820,"QB","NYJ",1,4,25,0,22,0,0,0,0,100,0,0,0,1,0,0,4,4,0,1,4,0,0,25,100,0,0,0,6,2016
"Alex Smith",2218,"QB","KC",1,2,0,0,16,0,0,0,50,100,0,0,0,0,0,1,2,2,0,2,0,0,0,100,0,0,0,0,6,2016
"Landry Jones",7897,"QB","PIT",1,1,0,0,25,0,0,0,0,100,0,0,0,0,0,0,1,1,0,1,0,0,0,100,0,0,0,0,6,2016
"E.J. Manuel",7797,"QB","BUF",1,1,0,0,4,0,0,0,0,0,100,0,0,0,0,0,1,0,1,0,0,0,0,0,0,0,0,0,6,2016
"Joe Flacco",4332,"QB","BLT",1,20,10,0,3,0,1,20,45,95,0,0,1,2,4,9,20,19,0,3,5,1,1,15,25,0,5,5,5,2016
"Eli Manning",1722,"QB","NYG",1,18,11.1,0,21,1,0,5.6,44.4,94.4,0,0,1,2,1,8,18,17,0,0,9,1,0,0,50,0,5.6,0,5,2016
"Paxton Lynch",10660,"QB","DEN",1,17,11.8,0,10,0,0,17.6,47.1,94.1,0,0,1,2,3,8,17,16,0,1,7,1,0,5.9,41.2,1,5.9,0,5,2016
"Andy Dalton",6187,"QB","CIN",1,16,6.3,0,7,0,0,6.3,12.5,93.8,0,0,0,1,1,2,16,15,0,3,8,0,3,18.8,50,0,0,18.8,5,2016
"Brock Osweiler",7059,"QB","HST",1,16,0,0,13,0,0,18.8,31.3,93.8,6.3,0,1,0,3,5,16,15,1,3,6,1,1,18.8,37.5,1,6.3,6.3,5,2016
"Blaine Gabbert",6162,"QB","SF",1,15,20,0,28,0,1,40,13.3,86.7,0,0,3,3,6,2,15,13,0,3,5,3,0,20,33.3,2,20,0,5,2016
"Ryan Tannehill",7014,"QB","MIA",1,13,7.7,0,17,0,0,30.8,61.5,92.3,0,0,1,1,4,8,13,12,0,1,3,1,0,7.7,23.1,1,7.7,0,5,2016
"Matthew Stafford",4924,"QB","DET",1,12,8.3,0,11,0,0,25,25,100,0,0,0,1,3,3,12,12,0,4,7,0,0,33.3,58.3,0,0,0,5,2016
"Derek Carr",8671,"QB","OAK",1,12,25,0,23,0,0,8.3,33.3,91.7,0,0,1,3,1,4,12,11,0,2,3,1,0,16.7,25,1,8.3,0,5,2016
"Matt Ryan",4317,"QB","ATL",1,11,18.2,0,2,1,0,0,0,90.9,0,0,1,2,0,0,11,10,0,3,5,1,1,27.3,45.5,0,9.1,9.1,5,2016
"Ryan Fitzpatrick",2467,"QB","NYJ",1,10,10,0,22,0,0,20,30,90,0,0,1,1,2,3,10,9,0,0,3,1,0,0,30,1,10,0,5,2016
"Andrew Luck",7007,"QB","IND",1,10,10,0,14,0,1,10,10,80,0,0,2,1,1,1,10,8,0,3,3,2,0,30,30,1,20,0,5,2016
"Jameis Winston",9434,"QB","TB",1,10,0,0,30,0,0,10,40,80,20,0,0,0,1,4,10,8,2,2,4,0,0,20,40,0,0,0,5,2016
"Marcus Mariota",9435,"QB","TEN",1,10,0,0,31,0,0,20,20,90,10,0,0,0,2,2,10,9,1,2,3,0,1,20,30,0,0,10,5,2016
"Philip Rivers",1725,"QB","SD",1,10,40,0,27,0,0,20,10,100,0,0,0,4,2,1,10,10,0,1,3,0,0,10,30,0,0,0,5,2016
"Kirk Cousins",7102,"QB","WAS",1,9,0,0,32,0,0,44.4,11.1,100,0,0,0,0,4,1,9,9,0,3,1,0,0,33.3,11.1,0,0,0,5,2016
"Sam Bradford",5526,"QB","MIN",1,9,33.3,0,18,0,0,0,22.2,100,0,0,0,3,0,2,9,9,0,3,2,0,0,33.3,22.2,0,0,0,5,2016
"Case Keenum",7323,"QB","LA",1,9,22.2,0,26,0,0,11.1,44.4,88.9,0,0,1,2,1,4,9,8,0,0,1,1,1,0,11.1,1,11.1,11.1,5,2016
"Drew Stanton",3659,"QB","ARZ",1,8,0,0,1,0,0,0,25,100,0,0,0,0,0,2,8,8,0,1,3,0,2,12.5,37.5,0,0,25,5,2016
"Aaron Rodgers",2241,"QB","GB",1,8,0,0,12,0,2,37.5,12.5,75,0,0,2,0,3,1,8,6,0,0,3,2,0,0,37.5,0,25,0,5,2016
"Tyrod Taylor",6332,"QB","BUF",1,8,37.5,0,4,0,0,12.5,0,87.5,12.5,0,0,3,1,0,8,7,1,0,4,0,0,0,50,0,0,0,5,2016
"Tom Brady",698,"QB","NE",1,7,28.6,0,19,0,0,28.6,28.6,100,0,0,0,2,2,2,7,7,0,2,1,0,0,28.6,14.3,0,0,0,5,2016
"Carson Wentz",10636,"QB","PHI",1,7,28.6,0,24,0,0,42.9,28.6,100,0,0,0,2,3,2,7,7,0,0,2,0,0,0,28.6,0,0,0,5,2016
"Ben Roethlisberger",1732,"QB","PIT",1,6,0,0,25,0,0,0,83.3,100,0,0,0,0,0,5,6,6,0,0,0,0,1,0,0,0,0,16.7,5,2016
"Cody Kessler",10727,"QB","CLV",1,5,40,0,8,1,0,20,0,80,0,0,1,2,1,0,5,4,0,0,1,1,0,0,20,0,20,0,5,2016
"Charlie Whitehurst",3026,"QB","CLV",1,5,20,0,8,1,0,0,20,80,20,0,2,1,0,1,5,4,1,2,1,2,0,40,20,1,40,0,5,2016
"Brian Hoyer",5277,"QB","CHI",1,5,20,0,6,2,0,0,0,60,0,0,2,1,0,0,5,3,0,0,2,2,0,0,40,0,40,0,5,2016
"Derek Anderson",2430,"QB","CAR",1,4,0,0,5,0,0,50,25,100,0,0,0,0,2,1,4,4,0,0,1,0,0,0,25,0,0,0,5,2016
"Dak Prescott",10769,"QB","DAL",1,3,0,0,9,0,0,33.3,0,100,0,0,0,0,1,0,3,3,0,1,1,0,0,33.3,33.3,0,0,0,5,2016
"Odell Beckham Jr.",8647,"WR","NYG",1,1,0,0,21,0,0,0,0,0,100,0,1,0,0,0,1,0,1,0,0,0,0,0,0,1,0,0,5,2016
"Andrew Luck",7007,"QB","IND",1,19,0,0,14,0,0,15.8,36.8,89.5,5.3,0,1,0,3,7,19,17,1,1,6,1,1,5.3,31.6,1,5.3,5.3,6,2016
"Trevor Siemian",9683,"QB","DEN",1,17,5.9,0,10,0,1,23.5,35.3,94.1,5.9,0,2,1,4,6,17,16,1,3,8,2,0,17.6,47.1,1,11.8,0,6,2016
"Cody Kessler",10727,"QB","CLV",1,16,25,0,8,0,0,12.5,25,93.8,0,0,2,4,2,4,16,15,0,5,3,2,1,31.3,18.8,2,12.5,6.3,6,2016
"Matt Ryan",4317,"QB","ATL",1,15,13.3,0,2,1,1,0,20,73.3,6.7,0,3,2,0,3,15,11,1,1,3,3,2,6.7,20,1,20,13.3,6,2016
"Ryan Fitzpatrick",2467,"QB","NYJ",1,14,7.1,0,22,1,1,7.1,57.1,85.7,0,0,2,1,1,8,14,12,0,2,3,2,0,14.3,21.4,0,14.3,0,6,2016
"Colin Kaepernick",6188,"QB","SF",1,14,7.1,0,28,1,0,28.6,35.7,100,0,0,2,1,4,5,14,14,0,2,7,2,0,14.3,50,1,14.3,0,6,2016
"Tom Brady",698,"QB","NE",1,13,23.1,0,19,1,1,30.8,15.4,76.9,7.7,0,2,3,4,2,13,10,1,2,2,2,0,15.4,15.4,0,15.4,0,6,2016
"Cam Newton",6153,"QB","CAR",1,13,0,0,5,0,0,0,30.8,84.6,7.7,0,0,0,0,4,13,11,1,1,6,0,1,7.7,46.2,0,0,7.7,6,2016
"Tyrod Taylor",6332,"QB","BUF",1,13,15.4,0,4,0,1,23.1,7.7,76.9,7.7,0,4,2,3,1,13,10,1,3,2,4,0,23.1,15.4,3,30.8,0,6,2016
"Russell Wilson",7077,"QB","SEA",1,13,15.4,0,29,1,1,23.1,15.4,84.6,0,0,2,2,3,2,13,11,0,3,3,2,0,23.1,23.1,0,15.4,0,6,2016
"Brian Hoyer",5277,"QB","CHI",1,12,16.7,0,6,0,0,33.3,16.7,91.7,8.3,0,0,2,4,2,12,11,1,1,2,0,0,8.3,16.7,0,0,0,6,2016
"Joe Flacco",4332,"QB","BLT",1,12,0,0,3,0,0,8.3,58.3,91.7,8.3,0,0,0,1,7,12,11,1,1,3,0,0,8.3,25,0,0,0,6,2016
"Kirk Cousins",7102,"QB","WAS",1,11,9.1,0,32,0,1,36.4,18.2,90.9,0,0,1,1,4,2,11,10,0,3,2,1,0,27.3,18.2,0,9.1,0,6,2016
"Carson Wentz",10636,"QB","PHI",1,11,27.3,0,24,1,0,27.3,18.2,90.9,0,0,1,3,3,2,11,10,0,1,4,1,1,9.1,36.4,0,9.1,9.1,6,2016
"Philip Rivers",1725,"QB","SD",1,11,18.2,0,27,0,0,18.2,9.1,90.9,9.1,0,1,2,2,1,11,10,1,2,4,1,0,18.2,36.4,1,9.1,0,6,2016
"Drew Brees",802,"QB","NO",1,11,9.1,0,20,0,0,18.2,45.5,100,0,0,0,1,2,5,11,11,0,2,2,0,1,18.2,18.2,0,0,9.1,6,2016
"Eli Manning",1722,"QB","NYG",1,11,9.1,0,21,1,0,9.1,36.4,90.9,0,0,1,1,1,4,11,10,0,0,4,1,0,0,36.4,0,9.1,0,6,2016
"Carson Palmer",1317,"QB","ARZ",1,11,9.1,0,1,0,0,27.3,0,90.9,9.1,0,0,1,3,0,11,10,1,2,3,0,1,18.2,27.3,0,0,9.1,6,2016
"Andy Dalton",6187,"QB","CIN",1,10,40,0,7,0,0,30,0,90,10,0,0,4,3,0,10,9,1,1,3,0,0,10,30,0,0,0,6,2016
"Ben Roethlisberger",1732,"QB","PIT",1,8,12.5,0,25,0,0,37.5,37.5,87.5,0,0,0,1,3,3,8,7,0,1,1,0,1,12.5,12.5,0,0,12.5,6,2016
"Derek Carr",8671,"QB","OAK",1,8,0,0,23,0,0,0,0,87.5,0,0,1,0,0,0,8,7,0,2,7,1,0,25,87.5,1,12.5,0,6,2016
"Matthew Stafford",4924,"QB","DET",1,7,0,0,11,0,0,28.6,0,85.7,14.3,0,0,0,2,0,7,6,1,2,2,0,0,28.6,28.6,0,0,0,6,2016
"Dak Prescott",10769,"QB","DAL",1,6,0,0,9,0,0,50,16.7,83.3,0,0,1,0,3,1,6,5,0,1,2,1,0,16.7,33.3,1,16.7,0,6,2016
"Blake Bortles",8638,"QB","JAX",1,6,0,0,15,1,0,0,16.7,83.3,0,0,1,0,0,1,6,5,0,2,1,1,2,33.3,16.7,0,16.7,33.3,6,2016
"Brock Osweiler",7059,"QB","HST",1,6,33.3,0,13,0,0,16.7,16.7,100,0,0,0,2,1,1,6,6,0,1,2,0,0,16.7,33.3,0,0,0,6,2016
"Marcus Mariota",9435,"QB","TEN",1,5,20,0,31,1,1,0,0,40,0,0,3,1,0,0,5,2,0,1,0,3,0,20,0,1,60,0,6,2016
"Case Keenum",7323,"QB","LA",1,5,0,0,26,0,0,60,0,80,0,0,1,0,3,0,5,4,0,1,0,1,0,20,0,1,20,0,6,2016
"Aaron Rodgers",2241,"QB","GB",1,4,50,0,12,0,0,0,0,75,25,0,0,2,0,0,4,3,1,1,0,0,0,25,0,0,0,0,6,2016
"Ryan Tannehill",7014,"QB","MIA",1,4,25,0,17,0,0,0,0,100,-25,0,0,1,0,0,4,4,-1,2,1,0,1,50,25,0,0,25,6,2016
"Geno Smith",7820,"QB","NYJ",1,4,25,0,22,0,0,0,0,100,0,0,0,1,0,0,4,4,0,1,4,0,0,25,100,0,0,0,6,2016
"Alex Smith",2218,"QB","KC",1,2,0,0,16,0,0,0,50,100,0,0,0,0,0,1,2,2,0,2,0,0,0,100,0,0,0,0,6,2016
"Landry Jones",7897,"QB","PIT",1,1,0,0,25,0,0,0,0,100,0,0,0,0,0,0,1,1,0,1,0,0,0,100,0,0,0,0,6,2016
"E.J. Manuel",7797,"QB","BUF",1,1,0,0,4,0,0,0,0,0,100,0,0,0,0,0,1,0,1,0,0,0,0,0,0,0,0,0,6,2016
"Tyrod Taylor",6332,"QB","BUF",1,18,11.1,0,4,0,1,27.8,16.7,88.9,5.6,0,1,2,5,3,18,16,1,3,8,1,0,16.7,44.4,0,5.6,0,7,2016
"Andrew Luck",7007,"QB","IND",1,18,11.1,0,14,0,0,22.2,33.3,100,0,0,0,2,4,6,18,18,0,2,10,0,0,11.1,55.6,0,0,0,7,2016
"Colin Kaepernick",6188,"QB","SF",1,17,5.9,0,28,1,1,17.6,35.3,94.1,0,0,2,1,3,6,17,16,0,9,4,2,0,52.9,23.5,0,11.8,0,7,2016
"Carson Palmer",1317,"QB","ARZ",1,17,5.9,0,1,1,0,5.9,29.4,88.2,0,0,1,1,1,5,17,15,0,4,5,1,1,23.5,29.4,0,5.9,5.9,7,2016
"Sam Bradford",5526,"QB","MIN",1,16,0,0,18,0,0,25,31.3,87.5,6.3,0,0,0,4,5,16,14,1,0,9,0,1,0,56.3,0,0,6.3,7,2016
"Case Keenum",7323,"QB","LA",1,16,12.5,0,26,1,0,6.3,12.5,93.8,0,0,2,2,1,2,16,15,0,2,7,2,1,12.5,43.8,1,12.5,6.3,7,2016
"Matt Ryan",4317,"QB","ATL",1,15,6.7,0,2,0,2,13.3,20,80,6.7,0,2,1,2,3,15,12,1,3,1,2,2,20,6.7,0,13.3,13.3,7,2016
"Brock Osweiler",7059,"QB","HST",1,15,6.7,0,13,0,1,0,20,86.7,0,0,2,1,0,3,15,13,0,3,8,2,0,20,53.3,1,13.3,0,7,2016
"Blake Bortles",8638,"QB","JAX",1,14,14.3,0,15,3,0,7.1,35.7,78.6,0,0,3,2,1,5,14,11,0,0,3,3,1,0,21.4,0,21.4,7.1,7,2016
"Russell Wilson",7077,"QB","SEA",1,14,0,0,29,0,0,21.4,42.9,92.9,7.1,0,0,0,3,6,14,13,1,3,5,0,0,21.4,35.7,0,0,0,7,2016
"Matthew Stafford",4924,"QB","DET",1,13,7.7,0,11,0,1,15.4,7.7,76.9,15.4,0,1,1,2,1,13,10,2,1,9,1,0,7.7,69.2,0,7.7,0,7,2016
"Joe Flacco",4332,"QB","BLT",1,13,7.7,0,3,0,0,23.1,38.5,100,0,0,0,1,3,5,13,13,0,2,2,0,0,15.4,15.4,0,0,0,7,2016
"Kirk Cousins",7102,"QB","WAS",1,13,23.1,0,32,0,0,23.1,23.1,100,0,0,0,3,3,3,13,13,0,5,0,0,1,38.5,0,0,0,7.7,7,2016
"Aaron Rodgers",2241,"QB","GB",1,12,16.7,0,12,2,2,0,16.7,75,0,0,4,2,0,2,12,9,0,3,2,4,0,25,16.7,0,33.3,0,7,2016
"Tom Brady",698,"QB","NE",1,11,9.1,0,19,0,0,18.2,27.3,90.9,0,0,0,1,2,3,11,10,0,4,1,0,1,36.4,9.1,0,0,9.1,7,2016
"Philip Rivers",1725,"QB","SD",1,11,9.1,0,27,0,0,18.2,27.3,100,0,0,0,1,2,3,11,11,0,2,3,0,0,18.2,27.3,0,0,0,7,2016
"Marcus Mariota",9435,"QB","TEN",1,10,40,0,31,0,0,20,20,90,-10,0,1,4,2,2,10,9,-1,0,2,1,2,0,20,1,10,20,7,2016
"Drew Brees",802,"QB","NO",1,10,0,0,20,0,0,20,40,100,0,0,0,0,2,4,10,10,0,3,1,0,0,30,10,0,0,0,7,2016
"Jameis Winston",9434,"QB","TB",1,10,10,0,30,1,0,20,30,70,0,0,3,1,2,3,10,7,0,1,2,3,0,10,20,2,30,0,7,2016
"Ryan Tannehill",7014,"QB","MIA",1,9,11.1,0,17,0,1,0,22.2,88.9,0,0,1,1,0,2,9,8,0,2,1,1,2,22.2,11.1,0,11.1,22.2,7,2016
"Eli Manning",1722,"QB","NYG",1,8,0,0,21,0,0,37.5,12.5,100,0,0,0,0,3,1,8,8,0,0,4,0,0,0,50,0,0,0,7,2016
"Derek Carr",8671,"QB","OAK",1,8,0,0,23,0,0,12.5,37.5,87.5,12.5,0,0,0,1,3,8,7,1,3,1,0,0,37.5,12.5,0,0,0,7,2016
"Andy Dalton",6187,"QB","CIN",1,8,37.5,0,7,0,1,25,12.5,75,0,0,2,3,2,1,8,6,0,0,2,2,0,0,25,1,25,0,7,2016
"Kevin Hogan",10796,"QB","CLV",1,7,14.3,0,8,2,0,0,0,57.1,14.3,0,2,1,0,0,7,4,1,1,2,2,0,14.3,28.6,0,28.6,0,7,2016
"Landry Jones",7897,"QB","PIT",1,6,16.7,0,25,1,1,0,16.7,66.7,0,0,2,1,0,1,6,4,0,1,3,2,0,16.7,50,0,33.3,0,7,2016
"Geno Smith",7820,"QB","NYJ",1,5,0,0,22,0,0,0,40,80,0,0,1,0,0,2,5,4,0,1,1,1,0,20,20,1,20,0,7,2016
"Alex Smith",2218,"QB","KC",1,4,0,0,16,0,0,50,50,100,0,0,0,0,2,2,4,4,0,1,0,0,0,25,0,0,0,0,7,2016
"Trevor Siemian",9683,"QB","DEN",1,4,0,0,10,1,0,25,25,75,25,0,1,0,1,1,4,3,1,0,0,1,1,0,0,0,25,25,7,2016
"Ryan Fitzpatrick",2467,"QB","NYJ",1,4,25,0,22,0,0,25,25,100,0,0,0,1,1,1,4,4,0,2,1,0,0,50,25,0,0,0,7,2016
"Matt Barkley",7880,"QB","CHI",1,4,0,0,6,0,0,25,0,75,0,0,1,0,1,0,4,3,0,1,2,1,0,25,50,1,25,0,7,2016
"Carson Wentz",10636,"QB","PHI",1,3,0,0,24,0,0,33.3,0,100,0,0,0,0,1,0,3,3,0,0,2,0,0,0,66.7,0,0,0,7,2016
"Cody Kessler",10727,"QB","CLV",1,3,0,0,8,1,0,33.3,33.3,66.7,0,0,1,0,1,1,3,2,0,0,0,1,0,0,0,0,33.3,0,7,2016
"Brian Hoyer",5277,"QB","CHI",1,3,0,0,6,0,0,0,66.7,100,0,0,0,0,0,2,3,3,0,1,1,0,0,33.3,33.3,0,0,0,7,2016
"Andrew Luck",7007,"QB","IND",1,26,7.7,0,14,0,1,19.2,26.9,92.3,3.8,0,1,2,5,7,26,24,1,5,10,1,0,19.2,38.5,0,3.8,0,8,2016
"Philip Rivers",1725,"QB","SD",1,21,19,0,27,0,0,9.5,23.8,90.5,0,0,2,4,2,5,21,19,0,2,8,2,1,9.5,38.1,2,9.5,4.8,8,2016
"Carson Palmer",1317,"QB","ARZ",1,20,5,0,1,0,0,30,25,90,10,0,0,1,6,5,20,18,2,7,4,0,0,35,20,0,0,0,8,2016
"Blake Bortles",8638,"QB","JAX",1,16,12.5,0,15,0,1,43.8,25,87.5,6.3,0,1,2,7,4,16,14,1,5,2,1,0,31.3,12.5,0,6.3,0,8,2016
"Tom Brady",698,"QB","NE",1,15,20,0,19,0,0,33.3,26.7,86.7,6.7,0,1,3,5,4,15,13,1,1,2,1,0,6.7,13.3,1,6.7,0,8,2016
"Josh McCown",1085,"QB","CLV",1,15,33.3,0,8,1,2,13.3,6.7,60,20,0,3,5,2,1,15,9,3,0,1,3,0,0,6.7,0,20,0,8,2016
"Matthew Stafford",4924,"QB","DET",1,15,6.7,0,11,1,1,33.3,20,86.7,0,0,2,1,5,3,15,13,0,2,4,2,0,13.3,26.7,0,13.3,0,8,2016
"Brock Osweiler",7059,"QB","HST",1,15,0,0,13,0,1,26.7,6.7,86.7,6.7,0,1,0,4,1,15,13,1,2,7,1,1,13.3,46.7,0,6.7,6.7,8,2016
"Kirk Cousins",7102,"QB","WAS",1,15,13.3,0,32,0,0,26.7,0,80,20,0,0,2,4,0,15,12,3,3,2,0,1,20,13.3,0,0,6.7,8,2016
"Dak Prescott",10769,"QB","DAL",1,15,0,0,9,0,0,6.7,20,100,-6.7,0,0,0,1,3,15,15,-1,4,11,0,2,26.7,73.3,0,0,13.3,8,2016
"Tyrod Taylor",6332,"QB","BUF",1,14,42.9,0,4,0,0,7.1,0,85.7,7.1,0,1,6,1,0,14,12,1,3,3,1,0,21.4,21.4,1,7.1,0,8,2016
"Sam Bradford",5526,"QB","MIN",1,14,7.1,0,18,0,0,7.1,21.4,92.9,7.1,0,1,1,1,3,14,13,1,5,7,1,0,35.7,50,1,7.1,0,8,2016
"Aaron Rodgers",2241,"QB","GB",1,13,15.4,0,12,0,1,7.7,23.1,92.3,0,0,1,2,1,3,13,12,0,3,2,1,1,23.1,15.4,0,7.7,7.7,8,2016
"Ryan Fitzpatrick",2467,"QB","NYJ",1,13,23.1,0,22,0,0,15.4,46.2,100,0,0,0,3,2,6,13,13,0,2,5,0,0,15.4,38.5,0,0,0,8,2016
"Jameis Winston",9434,"QB","TB",1,12,16.7,0,30,1,0,8.3,66.7,91.7,0,0,1,2,1,8,12,11,0,0,3,1,0,0,25,0,8.3,0,8,2016
"Russell Wilson",7077,"QB","SEA",1,11,0,0,29,0,1,27.3,36.4,81.8,0,0,2,0,3,4,11,9,0,0,5,2,0,0,45.5,1,18.2,0,8,2016
"Andy Dalton",6187,"QB","CIN",1,10,50,0,7,0,0,40,20,100,0,0,0,5,4,2,10,10,0,2,3,0,0,20,30,0,0,0,8,2016
"Carson Wentz",10636,"QB","PHI",1,10,20,0,24,0,0,20,10,80,0,0,2,2,2,1,10,8,0,0,3,2,0,0,30,2,20,0,8,2016
"Jay Cutler",2956,"QB","CHI",1,9,11.1,0,6,1,0,33.3,22.2,88.9,0,0,1,1,3,2,9,8,0,1,1,1,1,11.1,11.1,0,11.1,11.1,8,2016
"Cam Newton",6153,"QB","CAR",1,9,22.2,0,5,0,0,11.1,22.2,77.8,11.1,0,1,2,1,2,9,7,1,2,0,1,0,22.2,0,1,11.1,0,8,2016
"Derek Carr",8671,"QB","OAK",1,8,0,0,23,0,0,0,25,100,0,0,1,0,0,2,8,8,0,2,4,1,1,25,50,1,12.5,12.5,8,2016
"Matt Ryan",4317,"QB","ATL",1,7,0,0,2,0,0,42.9,0,100,0,0,0,0,3,0,7,7,0,4,2,0,0,57.1,28.6,0,0,0,8,2016
"Trevor Siemian",9683,"QB","DEN",1,7,0,0,10,0,0,28.6,42.9,100,0,0,0,0,2,3,7,7,0,0,4,0,0,0,57.1,0,0,0,8,2016
"Drew Brees",802,"QB","NO",1,5,0,0,20,0,0,20,20,80,20,0,0,0,1,1,5,4,1,2,2,0,0,40,40,0,0,0,8,2016
"Marcus Mariota",9435,"QB","TEN",1,4,0,0,31,0,0,25,75,100,0,0,0,0,1,3,4,4,0,1,0,0,0,25,0,0,0,0,8,2016
"Nick Foles",7089,"QB","KC",1,3,0,0,16,0,0,0,0,66.7,0,0,1,0,0,0,3,2,0,0,1,1,1,0,33.3,1,33.3,33.3,8,2016
"Alex Smith",2218,"QB","KC",1,3,0,0,16,0,0,0,0,100,0,0,1,0,0,0,3,3,0,1,1,1,1,33.3,33.3,1,33.3,33.3,8,2016
"E.J. Manuel",7797,"QB","BUF",1,2,0,0,4,0,0,50,50,100,0,0,0,0,1,1,2,2,0,0,0,0,0,0,0,0,0,0,8,2016
"Jimmy Garoppolo",8697,"QB","NE",1,1,0,0,19,0,0,100,0,100,0,0,0,0,1,0,1,1,0,0,0,0,0,0,0,0,0,0,8,2016
"Tyrod Taylor",6332,"QB","BUF",1,18,11.1,0,4,0,0,0,0,72.2,16.7,0,2,2,0,0,18,13,3,2,9,2,2,11.1,50,2,11.1,11.1,9,2016
"Trevor Siemian",9683,"QB","DEN",1,17,11.8,0,10,0,0,11.8,35.3,100,-11.8,0,0,2,2,6,17,17,-2,2,8,0,2,11.8,47.1,0,0,11.8,9,2016
"Case Keenum",7323,"QB","LA",1,17,0,0,26,0,1,35.3,17.6,88.2,0,0,1,0,6,3,17,15,0,3,3,1,2,17.6,17.6,0,5.9,11.8,9,2016
"Blake Bortles",8638,"QB","JAX",1,16,0,0,15,2,2,6.3,25,62.5,6.3,0,5,0,1,4,16,10,1,1,6,5,0,6.3,37.5,1,31.3,0,9,2016
"Jameis Winston",9434,"QB","TB",1,16,6.3,0,30,0,0,31.3,31.3,100,0,0,0,1,5,5,16,16,0,2,4,0,0,12.5,25,0,0,0,9,2016
"Andrew Luck",7007,"QB","IND",1,16,0,0,14,0,2,12.5,18.8,75,12.5,0,2,0,2,3,16,12,2,3,4,2,1,18.8,25,0,12.5,6.3,9,2016
"Philip Rivers",1725,"QB","SD",1,14,21.4,0,27,0,0,0,21.4,92.9,7.1,0,0,3,0,3,14,13,1,2,6,0,1,14.3,42.9,0,0,7.1,9,2016
"Cam Newton",6153,"QB","CAR",1,13,15.4,0,5,0,1,30.8,38.5,92.3,0,0,1,2,4,5,13,12,0,5,1,1,0,38.5,7.7,0,7.7,0,9,2016
"Ryan Fitzpatrick",2467,"QB","NYJ",1,13,0,0,22,0,1,15.4,53.8,92.3,0,0,1,0,2,7,13,12,0,4,4,1,0,30.8,30.8,0,7.7,0,9,2016
"Cody Kessler",10727,"QB","CLV",1,12,0,0,8,0,0,25,8.3,91.7,0,0,1,0,3,1,12,11,0,5,3,1,0,41.7,25,1,8.3,0,9,2016
"Ryan Tannehill",7014,"QB","MIA",1,11,36.4,0,17,0,0,27.3,36.4,100,0,0,0,4,3,4,11,11,0,4,1,0,0,36.4,9.1,0,0,0,9,2016
"Russell Wilson",7077,"QB","SEA",1,11,18.2,0,29,0,0,9.1,36.4,90.9,9.1,0,0,2,1,4,11,10,1,4,2,0,0,36.4,18.2,0,0,0,9,2016
"Marcus Mariota",9435,"QB","TEN",1,10,0,0,31,0,1,10,40,90,0,0,1,0,1,4,10,9,0,0,6,1,0,0,60,0,10,0,9,2016
"Aaron Rodgers",2241,"QB","GB",1,9,11.1,0,12,0,1,33.3,11.1,66.7,0,0,3,1,3,1,9,6,0,0,0,3,1,0,0,2,33.3,11.1,9,2016
"Sam Bradford",5526,"QB","MIN",1,9,11.1,0,18,0,0,0,11.1,88.9,11.1,0,0,1,0,1,9,8,1,5,2,0,0,55.6,22.2,0,0,0,9,2016
"Matthew Stafford",4924,"QB","DET",1,9,22.2,0,11,1,0,11.1,33.3,77.8,11.1,0,1,2,1,3,9,7,1,2,2,1,0,22.2,22.2,0,11.1,0,9,2016
"Colin Kaepernick",6188,"QB","SF",1,9,0,0,28,0,0,11.1,55.6,88.9,0,0,1,0,1,5,9,8,0,1,2,1,0,11.1,22.2,1,11.1,0,9,2016
"Joe Flacco",4332,"QB","BLT",1,9,11.1,0,3,0,0,0,55.6,66.7,11.1,0,2,1,0,5,9,6,1,0,1,2,0,0,11.1,2,22.2,0,9,2016
"Carson Wentz",10636,"QB","PHI",1,8,25,0,24,0,1,0,12.5,75,0,0,2,2,0,1,8,6,0,1,2,2,0,12.5,25,1,25,0,9,2016
"Eli Manning",1722,"QB","NYG",1,8,12.5,0,21,0,0,12.5,50,100,0,0,0,1,1,4,8,8,0,2,4,0,0,25,50,0,0,0,9,2016
"Derek Carr",8671,"QB","OAK",1,8,12.5,0,23,0,0,0,25,87.5,0,0,1,1,0,2,8,7,0,0,4,1,0,0,50,1,12.5,0,9,2016
"Drew Brees",802,"QB","NO",1,7,0,0,20,0,0,28.6,28.6,85.7,0,0,1,0,2,2,7,6,0,0,1,1,1,0,14.3,1,14.3,14.3,9,2016
"Matt Ryan",4317,"QB","ATL",1,7,0,0,2,0,0,14.3,14.3,100,-14.3,0,0,0,1,1,7,7,-1,4,1,0,1,57.1,14.3,0,0,14.3,9,2016
"Nick Foles",7089,"QB","KC",1,7,0,0,16,1,0,28.6,14.3,71.4,14.3,0,1,0,2,1,7,5,1,1,2,1,0,14.3,28.6,0,14.3,0,9,2016
"Ben Roethlisberger",1732,"QB","PIT",1,6,0,0,25,0,0,33.3,33.3,100,0,0,0,0,2,2,6,6,0,0,2,0,0,0,33.3,0,0,0,9,2016
"Dak Prescott",10769,"QB","DAL",1,5,40,0,9,0,0,20,0,80,20,0,0,2,1,0,5,4,1,0,1,0,0,0,20,0,0,0,9,2016
"Jarvis Landry",8698,"WR","MIA",1,1,0,0,17,0,1,0,0,0,100,0,1,0,0,0,1,0,1,0,0,0,0,0,0,0,0,0,9,2016
"Mike Glennon",7854,"QB","TB",1,1,0,0,30,0,0,0,100,100,0,0,0,0,0,1,1,1,0,0,0,0,0,0,0,0,0,0,9,2016
"Philip Rivers",1725,"QB","SD",1,20,5,0,27,0,0,30,45,100,0,0,0,1,6,9,20,20,0,3,5,0,0,15,25,0,0,0,10,2016
"Aaron Rodgers",2241,"QB","GB",1,18,5.6,0,12,0,0,22.2,33.3,100,0,0,0,1,4,6,18,18,0,4,5,0,0,22.2,27.8,0,0,0,10,2016
"Trevor Siemian",9683,"QB","DEN",1,18,0,0,10,1,0,11.1,22.2,88.9,0,0,3,0,2,4,18,16,0,2,11,3,0,11.1,61.1,2,16.7,0,10,2016
"Matt Ryan",4317,"QB","ATL",1,15,0,0,2,0,0,13.3,6.7,86.7,6.7,0,1,0,2,1,15,13,1,7,4,1,2,46.7,26.7,1,6.7,13.3,10,2016
"Russell Wilson",7077,"QB","SEA",1,15,6.7,0,29,0,1,26.7,33.3,86.7,6.7,0,1,1,4,5,15,13,1,1,6,1,0,6.7,40,0,6.7,0,10,2016
"Colin Kaepernick",6188,"QB","SF",1,14,0,0,28,0,0,42.9,21.4,100,0,0,0,0,6,3,14,14,0,1,5,0,0,7.1,35.7,0,0,0,10,2016
"Blake Bortles",8638,"QB","JAX",1,14,21.4,0,15,1,0,0,21.4,85.7,7.1,0,1,3,0,3,14,12,1,3,5,1,0,21.4,35.7,0,7.1,0,10,2016
"Jay Cutler",2956,"QB","CHI",1,13,7.7,0,6,0,2,0,23.1,84.6,0,0,2,1,0,3,13,11,0,2,5,2,1,15.4,38.5,0,15.4,7.7,10,2016
"Eli Manning",1722,"QB","NYG",1,13,15.4,0,21,0,1,15.4,30.8,92.3,0,0,1,2,2,4,13,12,0,5,1,1,0,38.5,7.7,0,7.7,0,10,2016
"Drew Brees",802,"QB","NO",1,12,0,0,20,0,1,8.3,25,83.3,0,0,2,0,1,3,12,10,0,2,4,2,0,16.7,33.3,1,16.7,0,10,2016
"Kirk Cousins",7102,"QB","WAS",1,12,25,0,32,0,0,25,8.3,75,25,0,0,3,3,1,12,9,3,5,2,0,0,41.7,16.7,0,0,0,10,2016
"Jameis Winston",9434,"QB","TB",1,12,16.7,0,30,0,0,41.7,8.3,100,0,0,0,2,5,1,12,12,0,1,3,0,1,8.3,25,0,0,8.3,10,2016
"Andy Dalton",6187,"QB","CIN",1,11,9.1,0,7,0,2,36.4,27.3,81.8,0,0,2,1,4,3,11,9,0,0,3,2,1,0,27.3,0,18.2,9.1,10,2016
"Joe Flacco",4332,"QB","BLT",1,11,27.3,0,3,1,0,18.2,36.4,81.8,9.1,0,1,3,2,4,11,9,1,2,1,1,0,18.2,9.1,0,9.1,0,10,2016
"Carson Palmer",1317,"QB","ARZ",1,11,9.1,0,1,1,0,27.3,27.3,81.8,0,0,2,1,3,3,11,9,0,2,3,2,0,18.2,27.3,1,18.2,0,10,2016
"Ryan Tannehill",7014,"QB","MIA",1,11,9.1,0,17,1,0,18.2,27.3,90.9,0,0,1,1,2,3,11,10,0,2,3,1,0,18.2,27.3,0,9.1,0,10,2016
"Dak Prescott",10769,"QB","DAL",1,10,20,0,9,0,0,30,10,90,10,0,0,2,3,1,10,9,1,1,1,0,1,10,10,0,0,10,10,2016
"Cam Newton",6153,"QB","CAR",1,10,10,0,5,0,0,20,20,100,0,0,0,1,2,2,10,10,0,3,4,0,0,30,40,0,0,0,10,2016
"Carson Wentz",10636,"QB","PHI",1,10,40,0,24,0,0,20,0,90,10,0,1,4,2,0,10,9,1,3,4,1,0,30,40,1,10,0,10,2016
"Tom Brady",698,"QB","NE",1,9,11.1,0,19,0,0,0,44.4,100,0,0,0,1,0,4,9,9,0,2,3,0,0,22.2,33.3,0,0,0,10,2016
"Sam Bradford",5526,"QB","MIN",1,9,0,0,18,0,0,33.3,22.2,88.9,0,0,0,0,3,2,9,8,0,2,5,0,1,22.2,55.6,0,0,11.1,10,2016
"Case Keenum",7323,"QB","LA",1,9,22.2,0,26,0,1,0,22.2,88.9,0,0,1,2,0,2,9,8,0,1,3,1,0,11.1,33.3,0,11.1,0,10,2016
"Bryce Petty",9536,"QB","NYJ",1,9,11.1,0,22,0,0,44.4,33.3,100,0,0,0,1,4,3,9,9,0,1,4,0,0,11.1,44.4,0,0,0,10,2016
"Josh McCown",1085,"QB","CLV",1,8,0,0,8,0,0,37.5,25,100,-12.5,0,0,0,3,2,8,8,-1,2,2,0,1,25,25,0,0,12.5,10,2016
"Brock Osweiler",7059,"QB","HST",1,8,0,0,13,0,0,37.5,0,87.5,12.5,0,0,0,3,0,8,7,1,2,3,0,0,25,37.5,0,0,0,10,2016
"Alex Smith",2218,"QB","KC",1,8,0,0,16,0,0,12.5,75,100,0,0,0,0,1,6,8,8,0,0,2,0,1,0,25,0,0,12.5,10,2016
"Marcus Mariota",9435,"QB","TEN",1,8,0,0,31,0,0,37.5,25,100,0,0,0,0,3,2,8,8,0,2,1,0,0,25,12.5,0,0,0,10,2016
"Cody Kessler",10727,"QB","CLV",1,8,25,0,8,0,0,37.5,37.5,100,-12.5,0,0,2,3,3,8,8,-1,1,1,0,2,12.5,12.5,0,0,25,10,2016
"Ben Roethlisberger",1732,"QB","PIT",1,6,16.7,0,25,0,0,16.7,50,100,0,0,0,1,1,3,6,6,0,0,1,0,0,0,16.7,0,0,0,10,2016
"Kevin Hogan",10796,"QB","CLV",1,1,0,0,8,0,1,0,0,0,0,0,1,0,0,0,1,0,0,0,0,1,0,0,0,0,100,0,10,2016
"Carson Palmer",1317,"QB","ARZ",1,23,8.7,0,1,0,0,26.1,34.8,95.7,-8.7,0,1,2,6,8,23,22,-2,8,7,1,2,34.8,30.4,1,4.3,8.7,11,2016
"Andrew Luck",7007,"QB","IND",1,19,5.3,0,14,0,2,31.6,26.3,78.9,5.3,0,2,1,6,5,19,15,1,2,4,2,1,10.5,21.1,0,10.5,5.3,11,2016
"Brock Osweiler",7059,"QB","HST",1,16,25,0,13,0,0,18.8,31.3,93.8,6.3,0,0,4,3,5,16,15,1,0,6,0,0,0,37.5,0,0,0,11,2016
"Cam Newton",6153,"QB","CAR",1,15,0,0,5,1,1,6.7,0,66.7,26.7,0,2,0,1,0,15,10,4,3,4,2,2,20,26.7,0,13.3,13.3,11,2016
"Colin Kaepernick",6188,"QB","SF",1,15,33.3,0,28,0,1,13.3,26.7,93.3,0,0,1,5,2,4,15,14,0,3,2,1,0,20,13.3,0,6.7,0,11,2016
"Eli Manning",1722,"QB","NYG",1,14,0,0,21,0,0,14.3,50,100,0,0,0,0,2,7,14,14,0,4,2,0,1,28.6,14.3,0,0,7.1,11,2016
"Josh McCown",1085,"QB","CLV",1,14,14.3,0,8,1,1,7.1,14.3,50,28.6,0,3,2,1,2,14,7,4,2,2,3,0,14.3,14.3,1,21.4,0,11,2016
"Jay Cutler",2956,"QB","CHI",1,13,7.7,0,6,0,2,15.4,38.5,76.9,-7.7,0,3,1,2,5,13,10,-1,2,4,3,1,15.4,30.8,1,23.1,7.7,11,2016
"Tyrod Taylor",6332,"QB","BUF",1,12,8.3,0,4,0,0,0,25,83.3,0,0,2,1,0,3,12,10,0,3,4,2,0,25,33.3,2,16.7,0,11,2016
"Russell Wilson",7077,"QB","SEA",1,12,0,0,29,0,0,0,25,100,0,0,0,0,0,3,12,12,0,5,7,0,0,41.7,58.3,0,0,0,11,2016
"Carson Wentz",10636,"QB","PHI",1,12,16.7,0,24,0,0,8.3,41.7,100,0,0,0,2,1,5,12,12,0,1,4,0,0,8.3,33.3,0,0,0,11,2016
"Ryan Tannehill",7014,"QB","MIA",1,11,9.1,0,17,0,0,9.1,27.3,90.9,0,0,1,1,1,3,11,10,0,4,2,1,2,36.4,18.2,1,9.1,18.2,11,2016
"Jameis Winston",9434,"QB","TB",1,11,0,0,30,0,0,36.4,9.1,90.9,0,0,1,0,4,1,11,10,0,3,2,1,0,27.3,18.2,1,9.1,0,11,2016
"Tom Brady",698,"QB","NE",1,10,30,0,19,0,0,30,10,90,10,0,0,3,3,1,10,9,1,1,1,0,0,10,10,0,0,0,11,2016
"Drew Brees",802,"QB","NO",1,10,10,0,20,0,0,30,20,80,0,0,1,1,3,2,10,8,0,2,1,1,1,20,10,1,10,10,11,2016
"Aaron Rodgers",2241,"QB","GB",1,10,0,0,12,0,1,10,0,90,10,0,1,0,1,0,10,9,1,5,2,1,1,50,20,0,10,10,11,2016
"Andy Dalton",6187,"QB","CIN",1,10,10,0,7,0,0,10,10,70,20,0,1,1,1,1,10,7,2,2,3,1,0,20,30,1,10,0,11,2016
"Jared Goff",10635,"QB","LA",1,10,30,0,26,1,0,0,40,100,0,0,1,3,0,4,10,10,0,3,0,1,0,30,0,0,10,0,11,2016
"Matthew Stafford",4924,"QB","DET",1,9,11.1,0,11,0,0,55.6,33.3,100,0,0,0,1,5,3,9,9,0,0,2,0,0,0,22.2,0,0,0,11,2016
"Marcus Mariota",9435,"QB","TEN",1,9,11.1,0,31,1,0,11.1,22.2,66.7,11.1,0,3,1,1,2,9,6,1,1,3,3,0,11.1,33.3,2,33.3,0,11,2016
"Ben Roethlisberger",1732,"QB","PIT",1,9,22.2,0,25,1,0,22.2,33.3,77.8,11.1,0,1,2,2,3,9,7,1,0,0,1,0,0,0,0,11.1,0,11,2016
"Cody Kessler",10727,"QB","CLV",1,8,25,0,8,0,0,12.5,12.5,87.5,0,0,1,2,1,1,8,7,0,2,1,1,0,25,12.5,1,12.5,0,11,2016
"Kirk Cousins",7102,"QB","WAS",1,8,0,0,32,0,0,12.5,12.5,87.5,12.5,0,0,0,1,1,8,7,1,3,4,0,0,37.5,50,0,0,0,11,2016
"Blake Bortles",8638,"QB","JAX",1,8,12.5,0,15,0,0,0,37.5,87.5,12.5,0,0,1,0,3,8,7,1,1,2,0,0,12.5,25,0,0,0,11,2016
"Sam Bradford",5526,"QB","MIN",1,7,0,0,18,1,0,0,42.9,71.4,14.3,0,1,0,0,3,7,5,1,2,3,1,0,28.6,42.9,0,14.3,0,11,2016
"Alex Smith",2218,"QB","KC",1,7,14.3,0,16,0,0,42.9,0,100,0,0,0,1,3,0,7,7,0,2,1,0,0,28.6,14.3,0,0,0,11,2016
"Dak Prescott",10769,"QB","DAL",1,6,16.7,0,9,0,0,16.7,33.3,83.3,16.7,0,0,1,1,2,6,5,1,3,0,0,0,50,0,0,0,0,11,2016
"Joe Flacco",4332,"QB","BLT",1,6,0,0,3,0,0,0,16.7,83.3,0,0,0,0,0,1,6,5,0,1,2,0,2,16.7,33.3,0,0,33.3,11,2016
"Derek Carr",8671,"QB","OAK",1,3,0,0,23,0,0,0,0,100,0,0,0,0,0,0,3,3,0,0,1,0,2,0,33.3,0,0,66.7,11,2016
"Doug Baldwin",6615,"WR","SEA",1,1,0,0,29,0,0,0,0,0,100,0,0,0,0,0,1,0,1,0,0,0,0,0,0,0,0,0,11,2016
"Russell Wilson",7077,"QB","SEA",1,22,13.6,0,29,2,0,9.1,31.8,90.9,0,0,2,3,2,7,22,20,0,8,4,2,1,36.4,18.2,0,9.1,4.5,12,2016
"Carson Palmer",1317,"QB","ARZ",1,19,10.5,0,1,0,0,5.3,26.3,100,-10.5,0,0,2,1,5,19,19,-2,7,9,0,3,36.8,47.4,0,0,15.8,12,2016
"Colin Kaepernick",6188,"QB","SF",1,18,16.7,0,28,0,0,22.2,11.1,88.9,11.1,0,0,3,4,2,18,16,2,5,5,0,0,27.8,27.8,0,0,0,12,2016
"Scott Tolzien",6749,"QB","IND",1,17,41.2,0,14,0,0,5.9,11.8,88.2,11.8,0,0,7,1,2,17,15,2,3,2,0,1,17.6,11.8,0,0,5.9,12,2016
"Trevor Siemian",9683,"QB","DEN",1,15,6.7,0,10,0,0,20,20,100,-6.7,0,0,1,3,3,15,15,-1,4,8,0,1,26.7,53.3,0,0,6.7,12,2016
"Brock Osweiler",7059,"QB","HST",1,14,7.1,0,13,0,2,14.3,42.9,85.7,0,0,2,1,2,6,14,12,0,2,7,2,0,14.3,50,0,14.3,0,12,2016
"Carson Wentz",10636,"QB","PHI",1,14,7.1,0,24,1,0,7.1,7.1,85.7,14.3,0,1,1,1,1,14,12,2,6,4,1,0,42.9,28.6,0,7.1,0,12,2016
"Josh McCown",1085,"QB","CLV",1,14,7.1,0,8,0,1,14.3,28.6,85.7,0,0,2,1,2,4,14,12,0,1,6,2,0,7.1,42.9,1,14.3,0,12,2016
"Matthew Stafford",4924,"QB","DET",1,14,14.3,0,11,0,0,50,28.6,85.7,14.3,0,0,2,7,4,14,12,2,1,0,0,0,7.1,0,0,0,0,12,2016
"Cam Newton",6153,"QB","CAR",1,14,21.4,0,5,0,0,7.1,28.6,92.9,7.1,0,0,3,1,4,14,13,1,2,4,0,1,14.3,28.6,0,0,7.1,12,2016
"Drew Brees",802,"QB","NO",1,13,30.8,0,20,0,1,23.1,7.7,92.3,0,0,1,4,3,1,13,12,0,3,1,1,0,23.1,7.7,0,7.7,0,12,2016
"Jared Goff",10635,"QB","LA",1,12,8.3,0,26,0,0,16.7,16.7,100,0,0,0,1,2,2,12,12,0,4,6,0,1,33.3,50,0,0,8.3,12,2016
"Kirk Cousins",7102,"QB","WAS",1,11,9.1,0,32,1,0,0,36.4,90.9,0,0,1,1,0,4,11,10,0,1,4,1,0,9.1,36.4,0,9.1,0,12,2016
"Andy Dalton",6187,"QB","CIN",1,11,9.1,0,7,0,0,0,27.3,100,0,0,0,1,0,3,11,11,0,0,8,0,0,0,72.7,0,0,0,12,2016
"Derek Carr",8671,"QB","OAK",1,11,0,0,23,0,2,9.1,18.2,81.8,0,0,2,0,1,2,11,9,0,2,5,2,1,18.2,45.5,0,18.2,9.1,12,2016
"Alex Smith",2218,"QB","KC",1,11,18.2,0,16,0,0,18.2,18.2,90.9,0,0,1,2,2,2,11,10,0,3,6,1,0,27.3,54.5,1,9.1,0,12,2016
"Philip Rivers",1725,"QB","SD",1,10,10,0,27,0,0,30,40,100,-10,0,0,1,3,4,10,10,-1,1,1,0,1,10,10,0,0,10,12,2016
"Ryan Fitzpatrick",2467,"QB","NYJ",1,10,30,0,22,0,0,0,40,90,10,0,0,3,0,4,10,9,1,1,1,0,0,10,10,0,0,0,12,2016
"Tyrod Taylor",6332,"QB","BUF",1,9,0,0,4,0,0,0,33.3,77.8,0,0,3,0,0,3,9,7,0,2,2,3,0,22.2,22.2,3,33.3,0,12,2016
"Blake Bortles",8638,"QB","JAX",1,9,11.1,0,15,1,0,33.3,33.3,77.8,11.1,0,1,1,3,3,9,7,1,2,0,1,0,22.2,0,0,11.1,0,12,2016
"Tom Brady",698,"QB","NE",1,8,0,0,19,0,1,62.5,0,87.5,0,0,1,0,5,0,8,7,0,1,1,1,0,12.5,12.5,0,12.5,0,12,2016
"Eli Manning",1722,"QB","NYG",1,8,0,0,21,0,0,25,62.5,100,0,0,0,0,2,5,8,8,0,0,1,0,0,0,12.5,0,0,0,12,2016
"Aaron Rodgers",2241,"QB","GB",1,8,0,0,12,1,1,25,0,75,0,0,2,0,2,0,8,6,0,4,2,2,0,50,25,0,25,0,12,2016
"Ryan Tannehill",7014,"QB","MIA",1,8,0,0,17,0,0,0,37.5,75,25,0,0,0,0,3,8,6,2,3,0,0,0,37.5,0,0,0,0,12,2016
"Jameis Winston",9434,"QB","TB",1,8,12.5,0,30,0,0,37.5,12.5,100,0,0,0,1,3,1,8,8,0,1,3,0,1,12.5,37.5,0,0,12.5,12,2016
"Dak Prescott",10769,"QB","DAL",1,7,14.3,0,9,0,1,14.3,14.3,85.7,0,0,1,1,1,1,7,6,0,0,3,1,1,0,42.9,0,14.3,14.3,12,2016
"Joe Flacco",4332,"QB","BLT",1,7,0,0,3,0,0,14.3,14.3,71.4,28.6,0,1,0,1,1,7,5,2,1,2,1,0,14.3,28.6,1,14.3,0,12,2016
"Sam Bradford",5526,"QB","MIN",1,6,33.3,0,18,0,0,0,50,100,0,0,0,2,0,3,6,6,0,1,3,0,0,16.7,50,0,0,0,12,2016
"Matt Ryan",4317,"QB","ATL",1,5,40,0,2,0,0,40,0,80,20,0,0,2,2,0,5,4,1,2,0,0,0,40,0,0,0,0,12,2016
"Matt Barkley",7880,"QB","CHI",1,5,20,0,6,0,1,0,20,80,0,0,1,1,0,1,5,4,0,0,0,1,2,0,0,0,20,40,12,2016
"Ben Roethlisberger",1732,"QB","PIT",1,4,25,0,25,0,0,0,0,75,25,0,0,1,0,0,4,3,1,1,1,0,0,25,25,0,0,0,12,2016
"Marcus Mariota",9435,"QB","TEN",1,3,33.3,0,31,0,0,33.3,33.3,100,0,0,0,1,1,1,3,3,0,0,0,0,0,0,0,0,0,0,12,2016
"Landry Jones",7897,"QB","PIT",1,1,0,0,25,0,0,0,100,100,0,0,0,0,0,1,1,1,0,0,0,0,0,0,0,0,0,0,12,2016
"Matt McGloin",8374,"QB","OAK",1,1,0,0,23,0,0,0,0,0,100,0,0,0,0,0,1,0,1,0,0,0,0,0,0,0,0,0,12,2016
"Ryan Tannehill",7014,"QB","MIA",1,18,5.6,0,17,0,0,11.1,27.8,94.4,-5.6,0,1,1,2,5,18,17,-1,1,6,1,3,5.6,33.3,1,5.6,16.7,13,2016
"Tyrod Taylor",6332,"QB","BUF",1,16,6.3,0,4,0,0,12.5,18.8,93.8,0,0,1,1,2,3,16,15,0,2,8,1,0,12.5,50,1,6.3,0,13,2016
"Blake Bortles",8638,"QB","JAX",1,16,6.3,0,15,0,0,18.8,37.5,93.8,6.3,0,0,1,3,6,16,15,1,2,4,0,0,12.5,25,0,0,0,13,2016
"Jared Goff",10635,"QB","LA",1,16,31.3,0,26,2,0,25,6.3,87.5,-6.3,0,2,5,4,1,16,14,-1,3,5,2,2,18.8,31.3,0,12.5,12.5,13,2016
"Carson Wentz",10636,"QB","PHI",1,15,6.7,0,24,0,0,26.7,20,100,0,0,0,1,4,3,15,15,0,6,3,0,0,40,20,0,0,0,13,2016
"Kirk Cousins",7102,"QB","WAS",1,15,0,0,32,0,1,46.7,26.7,86.7,6.7,0,1,0,7,4,15,13,1,0,3,1,0,0,20,0,6.7,0,13,2016
"Carson Palmer",1317,"QB","ARZ",1,15,20,0,1,0,0,13.3,26.7,93.3,6.7,0,0,3,2,4,15,14,1,5,5,0,0,33.3,33.3,0,0,0,13,2016
"Cam Newton",6153,"QB","CAR",1,14,21.4,0,5,0,1,0,21.4,92.9,0,0,1,3,0,3,14,13,0,3,3,1,2,21.4,21.4,0,7.1,14.3,13,2016
"Brock Osweiler",7059,"QB","HST",1,13,7.7,0,13,0,0,30.8,23.1,92.3,7.7,0,0,1,4,3,13,12,1,3,3,0,0,23.1,23.1,0,0,0,13,2016
"Sam Bradford",5526,"QB","MIN",1,13,15.4,0,18,0,0,7.7,53.8,92.3,7.7,0,0,2,1,7,13,12,1,3,2,0,0,23.1,15.4,0,0,0,13,2016
"Russell Wilson",7077,"QB","SEA",1,12,16.7,0,29,0,0,16.7,25,83.3,8.3,0,1,2,2,3,12,10,1,1,5,1,0,8.3,41.7,1,8.3,0,13,2016
"Philip Rivers",1725,"QB","SD",1,12,16.7,0,27,0,1,16.7,25,91.7,0,0,1,2,2,3,12,11,0,4,1,1,0,33.3,8.3,0,8.3,0,13,2016
"Eli Manning",1722,"QB","NYG",1,11,18.2,0,21,0,0,9.1,54.5,90.9,9.1,0,0,2,1,6,11,10,1,2,2,0,0,18.2,18.2,0,0,0,13,2016
"Matthew Stafford",4924,"QB","DET",1,11,0,0,11,1,0,9.1,27.3,63.6,9.1,0,3,0,1,3,11,7,1,3,2,3,0,27.3,18.2,2,27.3,0,13,2016
"Matt Ryan",4317,"QB","ATL",1,11,9.1,0,2,0,0,18.2,45.5,100,-9.1,0,0,1,2,5,11,11,-1,5,2,0,1,45.5,18.2,0,0,9.1,13,2016
"Dak Prescott",10769,"QB","DAL",1,10,0,0,9,0,1,20,30,90,0,0,1,0,2,3,10,9,0,0,4,1,1,0,40,0,10,10,13,2016
"Paxton Lynch",10660,"QB","DEN",1,10,10,0,10,0,0,40,20,100,0,0,0,1,4,2,10,10,0,2,2,0,0,20,20,0,0,0,13,2016
"Drew Brees",802,"QB","NO",1,10,0,0,20,0,0,40,50,100,0,0,0,0,4,5,10,10,0,0,2,0,1,0,20,0,0,10,13,2016
"Ben Roethlisberger",1732,"QB","PIT",1,10,0,0,25,0,1,30,20,90,0,0,1,0,3,2,10,9,0,1,2,1,1,10,20,0,10,10,13,2016
"Andy Dalton",6187,"QB","CIN",1,9,11.1,0,7,0,1,11.1,0,77.8,11.1,0,1,1,1,0,9,7,1,0,4,1,1,0,44.4,0,11.1,11.1,13,2016
"Joe Flacco",4332,"QB","BLT",1,8,0,0,3,0,0,0,37.5,100,0,0,0,0,0,3,8,8,0,5,3,0,0,62.5,37.5,0,0,0,13,2016
"Aaron Rodgers",2241,"QB","GB",1,8,12.5,0,12,1,0,37.5,12.5,87.5,0,0,1,1,3,1,8,7,0,1,1,1,0,12.5,12.5,0,12.5,0,13,2016
"Tom Brady",698,"QB","NE",1,8,12.5,0,19,0,0,50,12.5,87.5,0,0,0,1,4,1,8,7,0,1,0,0,1,12.5,0,0,0,12.5,13,2016
"Jameis Winston",9434,"QB","TB",1,8,0,0,30,0,1,37.5,37.5,62.5,25,0,1,0,3,3,8,5,2,1,0,1,0,12.5,0,0,12.5,0,13,2016
"Colin Kaepernick",6188,"QB","SF",1,7,57.1,0,28,0,0,42.9,0,85.7,0,0,1,4,3,0,7,6,0,1,0,1,0,14.3,0,1,14.3,0,13,2016
"Andrew Luck",7007,"QB","IND",1,7,28.6,0,14,0,0,14.3,14.3,100,0,0,0,2,1,1,7,7,0,2,2,0,1,28.6,28.6,0,0,14.3,13,2016
"Ryan Fitzpatrick",2467,"QB","NYJ",1,6,0,0,22,0,0,33.3,33.3,100,0,0,0,0,2,2,6,6,0,1,2,0,0,16.7,33.3,0,0,0,13,2016
"Blaine Gabbert",6162,"QB","SF",1,5,20,0,28,0,0,0,40,100,0,0,0,1,0,2,5,5,0,2,1,0,0,40,20,0,0,0,13,2016
"Derek Carr",8671,"QB","OAK",1,4,0,0,23,0,0,0,0,100,0,0,0,0,0,0,4,4,0,1,2,0,1,25,50,0,0,25,13,2016
"Bryce Petty",9536,"QB","NYJ",1,4,25,0,22,0,0,50,25,100,0,0,0,1,2,1,4,4,0,1,0,0,0,25,0,0,0,0,13,2016
"Matt Barkley",7880,"QB","CHI",1,3,0,0,6,0,0,33.3,33.3,100,0,0,0,0,1,1,3,3,0,0,0,0,1,0,0,0,0,33.3,13,2016
"Alex Smith",2218,"QB","KC",1,3,0,0,16,0,0,33.3,66.7,100,0,0,0,0,1,2,3,3,0,0,2,0,0,0,66.7,0,0,0,13,2016
"Trevone Boykin",11279,"QB","SEA",1,2,0,0,29,0,1,50,0,50,0,0,1,0,1,0,2,1,0,0,0,1,0,0,0,0,50,0,13,2016
"Shaun Hill",1255,"QB","MIN",1,1,100,0,18,0,0,0,0,100,0,0,0,1,0,0,1,1,0,1,0,0,0,100,0,0,0,0,13,2016
"Ryan Mallett",6226,"QB","BLT",1,1,100,0,3,0,0,0,0,100,0,0,0,1,0,0,1,1,0,0,0,0,0,0,0,0,0,0,13,2016
"Philip Rivers",1725,"QB","SD",1,24,16.7,0,27,0,1,29.2,45.8,87.5,8.3,0,2,4,7,11,24,21,2,4,4,2,0,16.7,16.7,1,8.3,0,14,2016
"Andrew Luck",7007,"QB","IND",1,20,0,0,14,2,0,5,10,80,10,0,2,0,1,2,20,16,2,7,9,2,0,35,45,0,10,0,14,2016
"Trevor Siemian",9683,"QB","DEN",1,20,20,0,10,0,0,10,40,85,5,0,1,4,2,8,20,17,1,1,4,1,1,5,20,1,5,5,14,2016
"Russell Wilson",7077,"QB","SEA",1,19,0,0,29,0,0,21.1,21.1,94.7,0,0,1,0,4,4,19,18,0,5,7,1,1,26.3,36.8,1,5.3,5.3,14,2016
"Drew Brees",802,"QB","NO",1,18,5.6,0,20,0,2,33.3,5.6,83.3,0,0,3,1,6,1,18,15,0,2,7,3,0,11.1,38.9,1,16.7,0,14,2016
"Carson Wentz",10636,"QB","PHI",1,15,13.3,0,24,0,0,33.3,20,93.3,0,0,0,2,5,3,15,14,0,1,3,0,4,6.7,20,0,0,26.7,14,2016
"Carson Palmer",1317,"QB","ARZ",1,15,13.3,0,1,0,0,13.3,13.3,93.3,0,0,1,2,2,2,15,14,0,7,5,1,1,46.7,33.3,1,6.7,6.7,14,2016
"Matthew Stafford",4924,"QB","DET",1,14,0,0,11,0,0,35.7,21.4,92.9,7.1,0,1,0,5,3,14,13,1,3,4,1,0,21.4,28.6,1,7.1,0,14,2016
"Jared Goff",10635,"QB","LA",1,13,23.1,0,26,0,0,7.7,38.5,92.3,0,0,1,3,1,5,13,12,0,3,3,1,0,23.1,23.1,1,7.7,0,14,2016
"Bryce Petty",9536,"QB","NYJ",1,13,0,0,22,0,0,15.4,23.1,84.6,7.7,0,1,0,2,3,13,11,1,2,2,1,3,15.4,15.4,1,7.7,23.1,14,2016
"Robert Griffin III",7008,"QB","CLV",1,12,25,0,8,1,1,33.3,0,75,0,0,3,3,4,0,12,9,0,0,3,3,0,0,25,1,25,0,14,2016
"Blake Bortles",8638,"QB","JAX",1,12,8.3,0,15,0,0,0,50,100,-8.3,0,0,1,0,6,12,12,-1,5,2,0,1,41.7,16.7,0,0,8.3,14,2016
"Tom Brady",698,"QB","NE",1,11,18.2,0,19,1,0,18.2,18.2,81.8,9.1,0,1,2,2,2,11,9,1,1,3,1,0,9.1,27.3,0,9.1,0,14,2016
"Sam Bradford",5526,"QB","MIN",1,11,0,0,18,0,2,9.1,18.2,81.8,0,0,2,0,1,2,11,9,0,4,2,2,0,36.4,18.2,0,18.2,0,14,2016
"Dak Prescott",10769,"QB","DAL",1,10,0,0,9,0,0,20,40,80,0,0,2,0,2,4,10,8,0,0,1,2,2,0,10,2,20,20,14,2016
"Aaron Rodgers",2241,"QB","GB",1,10,10,0,12,2,0,10,20,80,0,0,3,1,1,2,10,8,0,2,2,3,0,20,20,1,30,0,14,2016
"Tyrod Taylor",6332,"QB","BUF",1,10,10,0,4,1,0,10,20,80,0,0,2,1,1,2,10,8,0,4,2,2,0,40,20,1,20,0,14,2016
"Matt Barkley",7880,"QB","CHI",1,9,0,0,6,0,0,11.1,11.1,88.9,11.1,0,0,0,1,1,9,8,1,1,4,0,1,11.1,44.4,0,0,11.1,14,2016
"Eli Manning",1722,"QB","NYG",1,9,22.2,0,21,0,0,22.2,22.2,100,0,0,0,2,2,2,9,9,0,3,2,0,0,33.3,22.2,0,0,0,14,2016
"Derek Carr",8671,"QB","OAK",1,9,0,0,23,0,0,44.4,11.1,100,0,0,0,0,4,1,9,9,0,1,3,0,0,11.1,33.3,0,0,0,14,2016
"Jameis Winston",9434,"QB","TB",1,9,11.1,0,30,0,1,22.2,11.1,66.7,22.2,0,1,1,2,1,9,6,2,2,1,1,0,22.2,11.1,0,11.1,0,14,2016
"Cam Newton",6153,"QB","CAR",1,9,0,0,5,0,0,44.4,44.4,100,0,0,0,0,4,4,9,9,0,1,4,0,0,11.1,44.4,0,0,0,14,2016
"Joe Flacco",4332,"QB","BLT",1,8,12.5,0,3,0,0,12.5,25,75,25,0,0,1,1,2,8,6,2,3,1,0,0,37.5,12.5,0,0,0,14,2016
"Kirk Cousins",7102,"QB","WAS",1,8,0,0,32,0,0,0,0,87.5,0,0,1,0,0,0,8,7,0,3,4,1,0,37.5,50,1,12.5,0,14,2016
"Colin Kaepernick",6188,"QB","SF",1,7,57.1,0,28,0,0,14.3,14.3,100,-14.3,0,0,4,1,1,7,7,-1,0,1,0,2,0,14.3,0,0,28.6,14,2016
"Andy Dalton",6187,"QB","CIN",1,7,28.6,0,7,0,0,14.3,14.3,71.4,14.3,0,1,2,1,1,7,5,1,1,2,1,0,14.3,28.6,1,14.3,0,14,2016
"Ryan Tannehill",7014,"QB","MIA",1,7,28.6,0,17,0,0,0,42.9,71.4,14.3,0,1,2,0,3,7,5,1,1,0,1,0,14.3,0,1,14.3,0,14,2016
"Brock Osweiler",7059,"QB","HST",1,7,14.3,0,13,0,0,28.6,28.6,100,0,0,0,1,2,2,7,7,0,0,3,0,0,0,42.9,0,0,0,14,2016
"Marcus Mariota",9435,"QB","TEN",1,7,0,0,31,0,1,14.3,14.3,71.4,0,0,2,0,1,1,7,5,0,0,3,2,0,0,42.9,1,28.6,0,14,2016
"Alex Smith",2218,"QB","KC",1,6,0,0,16,0,0,33.3,50,100,0,0,0,0,2,3,6,6,0,1,2,0,0,16.7,33.3,0,0,0,14,2016
"Matt Ryan",4317,"QB","ATL",1,6,0,0,2,0,0,0,33.3,83.3,16.7,0,0,0,0,2,6,5,1,2,3,0,0,33.3,50,0,0,0,14,2016
"Ben Roethlisberger",1732,"QB","PIT",1,4,0,0,25,0,0,25,50,75,25,0,0,0,1,2,4,3,1,0,0,0,0,0,0,0,0,0,14,2016
"Matt Moore",4018,"QB","MIA",1,3,0,0,17,0,0,0,33.3,100,0,0,0,0,0,1,3,3,0,1,1,0,0,33.3,33.3,0,0,0,14,2016
"Matt Schaub",1811,"QB","ATL",1,1,0,0,2,0,0,0,0,100,0,0,0,0,0,0,1,1,0,1,0,0,0,100,0,0,0,0,14,2016
"Sam Bradford",5526,"QB","MIN",1,19,26.3,0,18,0,0,5.3,36.8,94.7,0,0,1,5,1,7,19,18,0,1,6,1,1,5.3,31.6,1,5.3,5.3,15,2016
"Philip Rivers",1725,"QB","SD",1,14,7.1,0,27,0,0,7.1,50,92.9,0,0,1,1,1,7,14,13,0,2,4,1,0,14.3,28.6,1,7.1,0,15,2016
"Jameis Winston",9434,"QB","TB",1,14,14.3,0,30,0,1,7.1,14.3,85.7,0,0,2,2,1,2,14,12,0,3,7,2,0,21.4,50,1,14.3,0,15,2016
"Aaron Rodgers",2241,"QB","GB",1,14,21.4,0,12,0,0,35.7,0,92.9,0,0,2,3,5,0,14,13,0,2,3,2,0,14.3,21.4,2,14.3,0,15,2016
"Trevor Siemian",9683,"QB","DEN",1,13,30.8,0,10,1,0,23.1,15.4,92.3,0,0,1,4,3,2,13,12,0,0,5,1,0,0,38.5,0,7.7,0,15,2016
"Tom Brady",698,"QB","NE",1,13,15.4,0,19,0,1,46.2,15.4,92.3,0,0,1,2,6,2,13,12,0,1,1,1,0,7.7,7.7,0,7.7,0,15,2016
"Jared Goff",10635,"QB","LA",1,13,23.1,0,26,0,0,15.4,23.1,92.3,0,0,0,3,2,3,13,12,0,2,6,0,1,15.4,46.2,0,0,7.7,15,2016
"Dak Prescott",10769,"QB","DAL",1,11,9.1,0,9,0,0,45.5,27.3,90.9,0,0,1,1,5,3,11,10,0,2,1,1,0,18.2,9.1,1,9.1,0,15,2016
"Cam Newton",6153,"QB","CAR",1,11,0,0,5,0,1,36.4,0,90.9,0,0,1,0,4,0,11,10,0,3,3,1,1,27.3,27.3,0,9.1,9.1,15,2016
"Colin Kaepernick",6188,"QB","SF",1,11,18.2,0,28,0,0,9.1,54.5,90.9,0,0,1,2,1,6,11,10,0,3,0,1,0,27.3,0,1,9.1,0,15,2016
"Russell Wilson",7077,"QB","SEA",1,11,9.1,0,29,0,0,36.4,9.1,100,0,0,1,1,4,1,11,11,0,3,5,1,0,27.3,45.5,1,9.1,0,15,2016
"Kirk Cousins",7102,"QB","WAS",1,11,0,0,32,0,0,27.3,27.3,90.9,9.1,0,0,0,3,3,11,10,1,4,1,0,1,36.4,9.1,0,0,9.1,15,2016
"Derek Carr",8671,"QB","OAK",1,11,0,0,23,0,1,27.3,36.4,90.9,0,0,2,0,3,4,11,10,0,2,3,2,0,18.2,27.3,1,18.2,0,15,2016
"Marcus Mariota",9435,"QB","TEN",1,11,0,0,31,0,2,18.2,36.4,81.8,0,0,2,0,2,4,11,9,0,3,2,2,0,27.3,18.2,0,18.2,0,15,2016
"Ben Roethlisberger",1732,"QB","PIT",1,10,10,0,25,0,1,40,20,90,0,0,1,1,4,2,10,9,0,2,2,1,0,20,20,0,10,0,15,2016
"Drew Brees",802,"QB","NO",1,10,20,0,20,0,1,40,10,80,10,0,1,2,4,1,10,8,1,1,1,1,1,10,10,0,10,10,15,2016
"Carson Palmer",1317,"QB","ARZ",1,10,20,0,1,1,0,20,0,90,0,0,1,2,2,0,10,9,0,4,4,1,1,40,40,0,10,10,15,2016
"Matthew Stafford",4924,"QB","DET",1,10,10,0,11,1,1,10,40,60,20,0,2,1,1,4,10,6,2,0,1,2,0,0,10,0,20,0,15,2016
"Joe Flacco",4332,"QB","BLT",1,10,10,0,3,0,0,0,10,80,10,0,0,1,0,1,10,8,1,4,3,0,1,40,30,0,0,10,15,2016
"Matt Barkley",7880,"QB","CHI",1,9,11.1,0,6,0,0,0,33.3,88.9,11.1,0,0,1,0,3,9,8,1,2,2,0,0,22.2,22.2,0,0,0,15,2016
"Tyrod Taylor",6332,"QB","BUF",1,9,22.2,0,4,0,1,0,11.1,66.7,22.2,0,1,2,0,1,9,6,2,2,1,1,1,22.2,11.1,0,11.1,11.1,15,2016
"Andrew Luck",7007,"QB","IND",1,9,0,0,14,0,1,11.1,44.4,88.9,0,0,1,0,1,4,9,8,0,1,4,1,1,11.1,44.4,0,11.1,11.1,15,2016
"Carson Wentz",10636,"QB","PHI",1,9,33.3,0,24,0,0,0,11.1,88.9,0,0,1,3,0,1,9,8,0,1,3,1,0,11.1,33.3,1,11.1,0,15,2016
"Tom Savage",8770,"QB","HST",1,9,0,0,13,1,0,11.1,0,77.8,11.1,0,1,0,1,0,9,7,1,1,5,1,0,11.1,55.6,0,11.1,0,15,2016
"Blake Bortles",8638,"QB","JAX",1,8,12.5,0,15,0,0,62.5,12.5,87.5,12.5,0,0,1,5,1,8,7,1,1,0,0,0,12.5,0,0,0,0,15,2016
"Eli Manning",1722,"QB","NYG",1,8,0,0,21,0,0,25,25,87.5,12.5,0,0,0,2,2,8,7,1,0,3,0,0,0,37.5,0,0,0,15,2016
"Robert Griffin III",7008,"QB","CLV",1,8,37.5,0,8,0,0,37.5,12.5,87.5,0,0,2,3,3,1,8,7,0,1,0,2,0,12.5,0,2,25,0,15,2016
"Bryce Petty",9536,"QB","NYJ",1,8,12.5,0,22,0,0,12.5,12.5,62.5,25,0,1,1,1,1,8,5,2,2,0,1,0,25,0,1,12.5,0,15,2016
"Matt Moore",4018,"QB","MIA",1,6,16.7,0,17,0,2,33.3,0,66.7,0,0,2,1,2,0,6,4,0,1,1,2,0,16.7,16.7,0,33.3,0,15,2016
"Andy Dalton",6187,"QB","CIN",1,5,0,0,7,0,1,0,0,40,40,0,1,0,0,0,5,2,2,1,1,1,0,20,20,0,20,0,15,2016
"Alex Smith",2218,"QB","KC",1,4,0,0,16,0,1,25,25,50,0,0,2,0,1,1,4,2,0,0,0,2,0,0,0,1,50,0,15,2016
"Brock Osweiler",7059,"QB","HST",1,3,0,0,13,0,0,66.7,0,100,0,0,0,0,2,0,3,3,0,1,0,0,0,33.3,0,0,0,0,15,2016
"Case Keenum",7323,"QB","LA",1,2,50,0,26,0,0,0,0,100,0,0,0,1,0,0,2,2,0,1,0,0,0,50,0,0,0,0,15,2016
"Matt Ryan",4317,"QB","ATL",1,2,0,0,2,1,0,0,0,50,0,0,1,0,0,0,2,1,0,0,1,1,0,0,50,0,50,0,15,2016
"Ryan Fitzpatrick",2467,"QB","NYJ",1,1,0,0,22,0,0,0,0,0,100,0,0,0,0,0,1,0,1,0,0,0,0,0,0,0,0,0,15,2016
"Sam Bradford",5526,"QB","MIN",1,19,5.3,0,18,1,0,15.8,42.1,84.2,5.3,0,2,1,3,8,19,16,1,3,4,2,0,15.8,21.1,1,10.5,0,16,2016
"Russell Wilson",7077,"QB","SEA",1,18,11.1,0,29,0,0,33.3,50,100,0,0,1,2,6,9,18,18,0,4,0,1,2,22.2,0,1,5.6,11.1,16,2016
"Tyrod Taylor",6332,"QB","BUF",1,17,0,0,4,0,2,23.5,0,76.5,11.8,0,3,0,4,0,17,13,2,1,8,3,0,5.9,47.1,1,17.6,0,16,2016
"Eli Manning",1722,"QB","NYG",1,17,0,0,21,0,0,35.3,23.5,100,0,0,0,0,6,4,17,17,0,2,8,0,0,11.8,47.1,0,0,0,16,2016
"Matthew Stafford",4924,"QB","DET",1,16,31.3,0,11,2,2,12.5,12.5,75,0,0,4,5,2,2,16,12,0,2,3,4,0,12.5,18.8,0,25,0,16,2016
"Philip Rivers",1725,"QB","SD",1,16,6.3,0,27,0,2,31.3,18.8,81.3,6.3,0,2,1,5,3,16,13,1,3,4,2,0,18.8,25,0,12.5,0,16,2016
"Robert Griffin III",7008,"QB","CLV",1,16,18.8,0,8,0,1,6.3,25,87.5,6.3,0,1,3,1,4,16,14,1,2,4,1,0,12.5,25,0,6.3,0,16,2016
"Colin Kaepernick",6188,"QB","SF",1,15,0,0,28,0,0,33.3,6.7,93.3,0,0,1,0,5,1,15,14,0,4,7,1,0,26.7,46.7,1,6.7,0,16,2016
"Cam Newton",6153,"QB","CAR",1,14,14.3,0,5,0,0,7.1,21.4,100,0,0,0,2,1,3,14,14,0,5,6,0,0,35.7,42.9,0,0,0,16,2016
"Andrew Luck",7007,"QB","IND",1,14,7.1,0,14,0,0,28.6,14.3,100,0,0,0,1,4,2,14,14,0,1,7,0,1,7.1,50,0,0,7.1,16,2016
"Tom Savage",8770,"QB","HST",1,13,7.7,0,13,0,0,30.8,15.4,100,0,0,0,1,4,2,13,13,0,6,3,0,0,46.2,23.1,0,0,0,16,2016
"Andy Dalton",6187,"QB","CIN",1,12,33.3,0,7,0,0,8.3,25,100,0,0,0,4,1,3,12,12,0,2,5,0,1,16.7,41.7,0,0,8.3,16,2016
"Aaron Rodgers",2241,"QB","GB",1,12,0,0,12,0,0,33.3,16.7,83.3,16.7,0,0,0,4,2,12,10,2,0,4,0,0,0,33.3,0,0,0,16,2016
"Jameis Winston",9434,"QB","TB",1,10,10,0,30,0,0,20,20,90,0,0,1,1,2,2,10,9,0,2,6,1,0,20,60,1,10,0,16,2016
"Matt Ryan",4317,"QB","ATL",1,10,20,0,2,0,1,20,40,80,10,0,1,2,2,4,10,8,1,1,1,1,0,10,10,0,10,0,16,2016
"Matt Barkley",7880,"QB","CHI",1,10,10,0,6,0,0,0,60,100,0,0,0,1,0,6,10,10,0,2,2,0,1,20,20,0,0,10,16,2016
"Trevor Siemian",9683,"QB","DEN",1,9,11.1,0,10,1,0,11.1,22.2,88.9,0,0,1,1,1,2,9,8,0,2,3,1,0,22.2,33.3,0,11.1,0,16,2016
"Jared Goff",10635,"QB","LA",1,9,22.2,0,26,1,0,11.1,33.3,77.8,0,0,2,2,1,3,9,7,0,0,0,2,1,0,0,1,22.2,11.1,16,2016
"Carson Palmer",1317,"QB","ARZ",1,9,0,0,1,0,0,33.3,22.2,88.9,0,0,0,0,3,2,9,8,0,2,1,0,1,22.2,11.1,0,0,11.1,16,2016
"Kirk Cousins",7102,"QB","WAS",1,9,22.2,0,32,2,1,11.1,0,66.7,11.1,0,3,2,1,0,9,6,1,2,1,3,0,22.2,11.1,0,33.3,0,16,2016
"Blake Bortles",8638,"QB","JAX",1,9,0,0,15,0,1,55.6,22.2,88.9,0,0,2,0,5,2,9,8,0,0,3,2,0,0,33.3,1,22.2,0,16,2016
"Joe Flacco",4332,"QB","BLT",1,9,33.3,0,3,0,0,0,0,77.8,11.1,0,1,3,0,0,9,7,1,0,4,1,0,0,44.4,1,11.1,0,16,2016
"Matt Cassel",2447,"QB","TEN",1,8,0,0,31,0,0,50,25,87.5,12.5,0,0,0,4,2,8,7,1,0,2,0,0,0,25,0,0,0,16,2016
"Marcus Mariota",9435,"QB","TEN",1,8,12.5,0,31,0,0,12.5,0,100,0,0,0,1,1,0,8,8,0,4,3,0,0,50,37.5,0,0,0,16,2016
"Drew Brees",802,"QB","NO",1,7,14.3,0,20,0,0,28.6,14.3,100,0,0,0,1,2,1,7,7,0,4,0,0,1,57.1,0,0,0,14.3,16,2016
"Matt Moore",4018,"QB","MIA",1,7,14.3,0,17,0,0,14.3,42.9,100,0,0,0,1,1,3,7,7,0,2,1,0,0,28.6,14.3,0,0,0,16,2016
"Ryan Fitzpatrick",2467,"QB","NYJ",1,6,0,0,22,0,0,33.3,50,100,0,0,0,0,2,3,6,6,0,1,0,0,0,16.7,0,0,0,0,16,2016
"Alex Smith",2218,"QB","KC",1,6,33.3,0,16,0,1,0,50,83.3,0,0,1,2,0,3,6,5,0,0,0,1,0,0,0,0,16.7,0,16,2016
"Dak Prescott",10769,"QB","DAL",1,5,0,0,9,0,0,20,20,80,0,0,1,0,1,1,5,4,0,1,1,1,0,20,20,1,20,0,16,2016
"Carson Wentz",10636,"QB","PHI",1,5,20,0,24,0,0,0,20,100,0,0,0,1,0,1,5,5,0,1,2,0,0,20,40,0,0,0,16,2016
"Tom Brady",698,"QB","NE",1,5,20,0,19,0,0,20,20,80,20,0,0,1,1,1,5,4,1,3,0,0,0,60,0,0,0,0,16,2016
"Ben Roethlisberger",1732,"QB","PIT",1,4,25,0,25,0,0,0,0,100,0,0,0,1,0,0,4,4,0,2,3,0,0,50,75,0,0,0,16,2016
"Bryce Petty",9536,"QB","NYJ",1,3,0,0,22,0,1,0,0,0,33.3,0,2,0,0,0,3,0,1,0,0,2,0,0,0,1,66.7,0,16,2016
"Cody Kessler",10727,"QB","CLV",1,2,0,0,8,0,0,50,0,50,0,0,1,0,1,0,2,1,0,0,0,1,0,0,0,1,50,0,16,2016
"Derek Carr",8671,"QB","OAK",1,2,0,0,23,0,0,0,50,100,0,0,0,0,0,1,2,2,0,0,1,0,0,0,50,0,0,0,16,2016
"Chase Daniel",5214,"QB","PHI",1,1,0,0,24,0,0,0,100,100,0,0,0,0,0,1,1,1,0,0,0,0,0,0,0,0,0,0,16,2016
"Joe Flacco",4332,"QB","BLT",1,16,12.5,0,3,0,2,0,6.3,75,12.5,0,2,2,0,1,16,12,2,8,5,2,0,50,31.3,0,12.5,0,17,2016
"Robert Griffin III",7008,"QB","CLV",1,16,18.8,0,8,0,1,25,12.5,68.8,25,0,1,3,4,2,16,11,4,1,2,1,0,6.3,12.5,0,6.3,0,17,2016
"Carson Palmer",1317,"QB","ARZ",1,16,12.5,0,1,0,0,0,6.3,93.8,6.3,0,0,2,0,1,16,15,1,2,10,0,1,12.5,62.5,0,0,6.3,17,2016
"Andrew Luck",7007,"QB","IND",1,15,13.3,0,14,1,0,46.7,13.3,93.3,0,0,1,2,7,2,15,14,0,4,3,1,0,26.7,20,0,6.7,0,17,2016
"Jared Goff",10635,"QB","LA",1,13,7.7,0,26,0,0,23.1,30.8,84.6,0,0,1,1,3,4,13,11,0,2,1,1,2,15.4,7.7,1,7.7,15.4,17,2016
"Landry Jones",7897,"QB","PIT",1,13,15.4,0,25,0,0,7.7,23.1,84.6,15.4,0,0,2,1,3,13,11,2,1,4,0,0,7.7,30.8,0,0,0,17,2016
"Brock Osweiler",7059,"QB","HST",1,13,7.7,0,13,0,2,30.8,7.7,76.9,7.7,0,2,1,4,1,13,10,1,0,8,2,0,0,61.5,0,15.4,0,17,2016
"Colin Kaepernick",6188,"QB","SF",1,12,25,0,28,0,0,8.3,8.3,83.3,8.3,0,1,3,1,1,12,10,1,5,1,1,1,41.7,8.3,1,8.3,8.3,17,2016
"Aaron Rodgers",2241,"QB","GB",1,11,9.1,0,12,0,1,9.1,18.2,81.8,9.1,0,1,1,1,2,11,9,1,1,5,1,0,9.1,45.5,0,9.1,0,17,2016
"Russell Wilson",7077,"QB","SEA",1,11,9.1,0,29,2,1,9.1,36.4,63.6,9.1,0,3,1,1,4,11,7,1,1,0,3,0,9.1,0,0,27.3,0,17,2016
"Kirk Cousins",7102,"QB","WAS",1,11,9.1,0,32,0,0,27.3,27.3,100,0,0,0,1,3,3,11,11,0,1,1,0,2,9.1,9.1,0,0,18.2,17,2016
"Jameis Winston",9434,"QB","TB",1,10,20,0,30,0,0,40,20,100,-10,0,0,2,4,2,10,10,-1,1,1,0,2,10,10,0,0,20,17,2016
"Cam Newton",6153,"QB","CAR",1,10,30,0,5,0,0,30,10,90,10,0,0,3,3,1,10,9,1,4,3,0,0,40,30,0,0,0,17,2016
"Drew Brees",802,"QB","NO",1,10,20,0,20,0,1,0,10,80,0,0,2,2,0,1,10,8,0,2,4,2,0,20,40,1,20,0,17,2016
"Philip Rivers",1725,"QB","SD",1,9,0,0,27,0,0,33.3,33.3,88.9,11.1,0,0,0,3,3,9,8,1,1,1,0,0,11.1,11.1,0,0,0,17,2016
"Matt Cassel",2447,"QB","TEN",1,9,33.3,0,31,0,1,11.1,11.1,66.7,0,0,3,3,1,1,9,6,0,4,0,3,0,44.4,0,2,33.3,0,17,2016
"Matt Moore",4018,"QB","MIA",1,9,33.3,0,17,0,0,11.1,22.2,100,0,0,0,3,1,2,9,9,0,0,4,0,0,0,44.4,0,0,0,17,2016
"Blake Bortles",8638,"QB","JAX",1,9,33.3,0,15,0,0,44.4,22.2,100,0,0,0,3,4,2,9,9,0,1,2,0,0,11.1,22.2,0,0,0,17,2016
"Carson Wentz",10636,"QB","PHI",1,9,22.2,0,24,1,1,22.2,0,55.6,11.1,0,3,2,2,0,9,5,1,0,1,3,0,0,11.1,1,33.3,0,17,2016
"Alex Smith",2218,"QB","KC",1,8,0,0,16,0,0,25,50,100,0,0,0,0,2,4,8,8,0,0,3,0,0,0,37.5,0,0,0,17,2016
"Mark Sanchez",4928,"QB","DAL",1,8,0,0,9,0,0,12.5,50,100,0,0,1,0,1,4,8,8,0,0,5,1,0,0,62.5,1,12.5,0,17,2016
"Matt Ryan",4317,"QB","ATL",1,8,0,0,2,0,0,0,37.5,100,0,0,0,0,0,3,8,8,0,3,2,0,0,37.5,25,0,0,0,17,2016
"E.J. Manuel",7797,"QB","BUF",1,7,28.6,0,4,0,0,0,14.3,85.7,14.3,0,0,2,0,1,7,6,1,1,1,0,3,14.3,14.3,0,0,42.9,17,2016
"Sam Bradford",5526,"QB","MIN",1,7,28.6,0,18,0,0,0,0,85.7,14.3,0,0,2,0,0,7,6,1,1,4,0,0,14.3,57.1,0,0,0,17,2016
"Matthew Stafford",4924,"QB","DET",1,7,14.3,0,11,0,0,14.3,0,85.7,14.3,0,0,1,1,0,7,6,1,1,4,0,0,14.3,57.1,0,0,0,17,2016
"Ryan Fitzpatrick",2467,"QB","NYJ",1,6,33.3,0,22,0,0,0,16.7,83.3,16.7,0,0,2,0,1,6,5,1,1,0,0,1,16.7,0,0,0,16.7,17,2016
"Eli Manning",1722,"QB","NYG",1,6,0,0,21,1,0,16.7,50,83.3,0,0,1,0,1,3,6,5,0,1,0,1,0,16.7,0,0,16.7,0,17,2016
"Trevor Siemian",9683,"QB","DEN",1,5,0,0,10,0,0,0,40,100,0,0,0,0,0,2,5,5,0,1,3,0,0,20,60,0,0,0,17,2016
"Tom Brady",698,"QB","NE",1,4,0,0,19,0,0,50,0,100,0,0,0,0,2,0,4,4,0,2,1,0,0,50,25,0,0,0,17,2016
"Matt Barkley",7880,"QB","CHI",1,4,0,0,6,0,0,0,25,100,0,0,1,0,0,1,4,4,0,2,1,1,0,50,25,1,25,0,17,2016
"Tom Savage",8770,"QB","HST",1,3,33.3,0,13,0,0,0,33.3,100,0,0,0,1,0,1,3,3,0,2,0,0,0,66.7,0,0,0,0,17,2016
"Dak Prescott",10769,"QB","DAL",1,3,0,0,9,0,1,0,0,66.7,0,0,1,0,0,0,3,2,0,1,1,1,0,33.3,33.3,0,33.3,0,17,2016
"Cardale Jones",10773,"QB","BUF",1,3,0,0,4,0,0,0,0,66.7,33.3,0,0,0,0,0,3,2,1,0,2,0,0,0,66.7,0,0,0,17,2016
"Trevone Boykin",11279,"QB","SEA",1,3,0,0,29,0,0,0,0,66.7,0,0,1,0,0,0,3,2,0,1,1,1,0,33.3,33.3,1,33.3,0,17,2016
"Matt McGloin",8374,"QB","OAK",1,3,33.3,0,23,0,0,33.3,33.3,100,0,0,0,1,1,1,3,3,0,0,0,0,0,0,0,0,0,0,17,2016
"Andy Dalton",6187,"QB","CIN",1,3,0,0,7,0,0,0,0,100,0,0,0,0,0,0,3,3,0,1,2,0,0,33.3,66.7,0,0,0,17,2016
"Connor Cook",10734,"QB","OAK",1,3,0,0,23,0,0,0,100,100,0,0,0,0,0,3,3,3,0,1,2,0,0,33.3,66.7,0,0,0,17,2016
"David Fales",8818,"QB","CHI",1,1,0,0,6,0,0,0,0,100,0,0,0,0,0,0,1,1,0,1,1,0,0,100,100,0,0,0,17,2016
"Drew Stanton",3659,"QB","ARZ",1,1,0,0,1,0,0,0,0,100,0,0,0,0,0,0,1,1,0,1,0,0,0,100,0,0,0,0,17,2016
"Shaun Hill",1255,"QB","MIN",1,1,0,0,18,0,0,0,0,100,0,0,0,0,0,0,1,1,0,1,0,0,0,100,0,0,0,0,17,2016
"Russell Wilson",7077,"QB","SEA",1,20,0,0,29,0,0,25,35,100,-5,0,1,0,5,7,20,20,-1,1,9,1,2,5,45,1,5,10,1,2015
"Joe Flacco",4332,"QB","BLT",1,20,0,0,3,0,1,15,55,85,10,0,1,0,3,11,20,17,2,1,6,1,0,5,30,0,5,0,1,2015
"Jay Cutler",2956,"QB","CHI",1,17,17.6,0,6,1,2,0,5.9,76.5,0,0,4,3,0,1,17,13,0,3,5,4,1,17.6,29.4,1,23.5,5.9,1,2015
"Jameis Winston",9434,"QB","TB",1,15,13.3,0,30,0,1,6.7,33.3,93.3,0,0,1,2,1,5,15,14,0,1,5,1,0,6.7,33.3,0,6.7,0,1,2015
"Nick Foles",7089,"QB","SL",1,15,26.7,0,26,1,0,20,26.7,93.3,0,0,1,4,3,4,15,14,0,2,3,1,0,13.3,20,0,6.7,0,1,2015
"Teddy Bridgewater",8667,"QB","MIN",1,15,6.7,0,18,0,2,20,13.3,53.3,33.3,0,2,1,3,2,15,8,5,0,4,2,0,0,26.7,0,13.3,0,1,2015
"Philip Rivers",1725,"QB","SD",1,14,42.9,0,27,0,0,35.7,0,85.7,14.3,0,0,6,5,0,14,12,2,3,3,0,0,21.4,21.4,0,0,0,1,2015
"Blake Bortles",8638,"QB","JAX",1,12,16.7,0,15,0,0,8.3,25,91.7,0,0,1,2,1,3,12,11,0,3,4,1,0,25,33.3,1,8.3,0,1,2015
"Ben Roethlisberger",1732,"QB","PIT",1,12,33.3,0,25,0,0,8.3,33.3,100,0,0,0,4,1,4,12,12,0,0,4,0,0,0,33.3,0,0,0,1,2015
"Andrew Luck",7007,"QB","IND",1,12,41.7,0,14,0,0,16.7,0,75,25,0,0,5,2,0,12,9,3,1,1,0,0,8.3,8.3,0,0,0,1,2015
"Colin Kaepernick",6188,"QB","SF",1,11,27.3,0,28,0,0,9.1,27.3,100,-9.1,0,1,3,1,3,11,11,-1,2,5,1,1,18.2,45.5,1,9.1,9.1,1,2015
"Johnny Manziel",8657,"QB","CLV",1,11,18.2,0,8,0,0,9.1,18.2,72.7,18.2,0,1,2,1,2,11,8,2,2,0,1,1,18.2,0,1,9.1,9.1,1,2015
"Matt McGloin",8374,"QB","OAK",1,10,10,0,23,0,0,10,10,100,0,0,0,1,1,1,10,10,0,6,3,0,0,60,30,0,0,0,1,2015
"Eli Manning",1722,"QB","NYG",1,10,10,0,21,1,0,0,50,90,0,0,1,1,0,5,10,9,0,2,2,1,0,20,20,0,10,0,1,2015
"Sam Bradford",5526,"QB","PHI",1,10,10,0,24,1,0,30,20,90,0,0,1,1,3,2,10,9,0,2,1,1,0,20,10,0,10,0,1,2015
"Kirk Cousins",7102,"QB","WAS",1,10,40,0,32,0,0,30,0,80,20,0,0,4,3,0,10,8,2,1,1,0,0,10,10,0,0,0,1,2015
"Brian Hoyer",5277,"QB","HST",1,9,11.1,0,13,0,0,22.2,22.2,100,0,0,0,1,2,2,9,9,0,1,4,0,0,11.1,44.4,0,0,0,1,2015
"Tom Brady",698,"QB","NE",1,9,22.2,0,19,0,2,0,11.1,77.8,0,0,2,2,0,1,9,7,0,4,0,2,0,44.4,0,0,22.2,0,1,2015
"Tony Romo",1693,"QB","DAL",1,9,0,0,9,0,0,44.4,11.1,88.9,11.1,0,0,0,4,1,9,8,1,0,4,0,0,0,44.4,0,0,0,1,2015
"Matthew Stafford",4924,"QB","DET",1,9,22.2,0,11,0,0,22.2,33.3,100,0,0,0,2,2,3,9,9,0,2,2,0,0,22.2,22.2,0,0,0,1,2015
"Carson Palmer",1317,"QB","ARZ",1,8,37.5,0,1,0,0,0,12.5,100,0,0,0,3,0,1,8,8,0,2,4,0,0,25,50,0,0,0,1,2015
"Peyton Manning",327,"QB","DEN",1,8,0,0,10,0,2,12.5,37.5,62.5,0,0,2,0,1,3,8,5,0,1,1,2,1,12.5,12.5,0,25,12.5,1,2015
"Ryan Tannehill",7014,"QB","MIA",1,8,37.5,0,17,0,0,50,12.5,100,0,0,0,3,4,1,8,8,0,2,1,0,0,25,12.5,0,0,0,1,2015
"Tyrod Taylor",6332,"QB","BUF",1,8,12.5,0,4,0,0,12.5,12.5,87.5,12.5,0,0,1,1,1,8,7,1,4,1,0,0,50,12.5,0,0,0,1,2015
"Cam Newton",6153,"QB","CAR",1,7,0,0,5,0,0,28.6,57.1,100,0,0,0,0,2,4,7,7,0,1,1,0,0,14.3,14.3,0,0,0,1,2015
"Aaron Rodgers",2241,"QB","GB",1,7,28.6,0,12,0,1,0,14.3,71.4,14.3,0,1,2,0,1,7,5,1,0,2,1,0,0,28.6,0,14.3,0,1,2015
"Alex Smith",2218,"QB","KC",1,6,0,0,16,0,1,0,0,83.3,0,0,1,0,0,0,6,5,0,1,3,1,1,16.7,50,0,16.7,16.7,1,2015
"Drew Brees",802,"QB","NO",1,6,16.7,0,20,0,0,0,50,83.3,16.7,0,0,1,0,3,6,5,1,0,1,0,0,0,16.7,0,0,0,1,2015
"Andy Dalton",6187,"QB","CIN",1,6,0,0,7,0,0,16.7,0,100,0,0,0,0,1,0,6,6,0,2,3,0,0,33.3,50,0,0,0,1,2015
"Matt Ryan",4317,"QB","ATL",1,6,16.7,0,2,0,0,33.3,0,83.3,0,0,0,1,2,0,6,5,0,0,1,0,2,0,16.7,0,0,33.3,1,2015
"Marcus Mariota",9435,"QB","TEN",1,4,0,0,31,0,0,25,0,50,25,0,2,0,1,0,4,2,1,1,1,2,0,25,25,2,50,0,1,2015
"Ryan Mallett",6226,"QB","HST",1,3,0,0,13,0,0,0,33.3,100,0,0,0,0,0,1,3,3,0,1,2,0,0,33.3,66.7,0,0,0,1,2015
"Ryan Fitzpatrick",2467,"QB","NYJ",1,3,0,0,22,0,0,33.3,33.3,66.7,33.3,0,0,0,1,1,3,2,1,0,1,0,0,0,33.3,0,0,0,1,2015
"Derek Carr",8671,"QB","OAK",1,2,0,0,23,0,0,0,0,100,0,0,0,0,0,0,2,2,0,0,2,0,0,0,100,0,0,0,1,2015
"Josh McCown",1085,"QB","CLV",1,2,0,0,8,0,0,50,0,100,0,0,0,0,1,0,2,2,0,0,1,0,0,0,50,0,0,0,1,2015
"Antonio Brown",5718,"WR","PIT",1,1,0,0,25,0,0,0,0,0,100,0,1,0,0,0,1,0,1,0,0,0,0,0,0,1,0,0,1,2015
"Colin Kaepernick",6188,"QB","SF",1,19,10.5,0,28,0,0,10.5,31.6,94.7,5.3,0,1,2,2,6,19,18,1,6,3,1,0,31.6,15.8,1,5.3,0,2,2015
"Andrew Luck",7007,"QB","IND",1,18,27.8,0,14,0,0,22.2,5.6,88.9,11.1,0,0,5,4,1,18,16,2,6,3,0,0,33.3,16.7,0,0,0,2,2015
"Matthew Stafford",4924,"QB","DET",1,18,5.6,0,11,0,0,5.6,38.9,94.4,5.6,0,0,1,1,7,18,17,1,4,6,0,0,22.2,33.3,0,0,0,2,2015
"Tyrod Taylor",6332,"QB","BUF",1,17,11.8,0,4,0,1,0,17.6,70.6,11.8,0,4,2,0,3,17,12,2,6,3,4,0,35.3,17.6,3,23.5,0,2,2015
"Marcus Mariota",9435,"QB","TEN",1,17,0,0,31,0,0,11.8,11.8,88.2,5.9,0,1,0,2,2,17,15,1,6,9,1,0,35.3,52.9,1,5.9,0,2,2015
"Ryan Mallett",6226,"QB","HST",1,16,6.3,0,13,0,1,31.3,18.8,81.3,12.5,0,2,1,5,3,16,13,2,2,4,2,0,12.5,25,1,12.5,0,2,2015
"Aaron Rodgers",2241,"QB","GB",1,16,0,0,12,1,2,0,50,87.5,0,0,3,0,0,8,16,14,0,2,10,3,0,12.5,62.5,0,18.8,0,2,2015
"Ryan Tannehill",7014,"QB","MIA",1,14,0,0,17,0,0,28.6,28.6,100,0,0,0,0,4,4,14,14,0,6,2,0,0,42.9,14.3,0,0,0,2,2015
"Peyton Manning",327,"QB","DEN",1,12,33.3,0,10,0,0,8.3,16.7,100,0,0,0,4,1,2,12,12,0,2,3,0,0,16.7,25,0,0,0,2,2015
"Nick Foles",7089,"QB","SL",1,11,9.1,0,26,0,1,9.1,27.3,90.9,0,0,1,1,1,3,11,10,0,3,3,1,0,27.3,27.3,0,9.1,0,2,2015
"Blake Bortles",8638,"QB","JAX",1,11,18.2,0,15,0,0,27.3,27.3,100,0,0,0,2,3,3,11,11,0,0,5,0,0,0,45.5,0,0,0,2,2015
"Jameis Winston",9434,"QB","TB",1,10,0,0,30,0,0,10,30,90,0,0,2,0,1,3,10,9,0,3,3,2,0,30,30,2,20,0,2,2015
"Russell Wilson",7077,"QB","SEA",1,10,20,0,29,0,1,10,0,90,0,0,2,2,1,0,10,9,0,5,2,2,0,50,20,1,20,0,2,2015
"Carson Palmer",1317,"QB","ARZ",1,10,0,0,1,0,0,20,10,90,0,0,0,0,2,1,10,9,0,2,5,0,1,20,50,0,0,10,2,2015
"Eli Manning",1722,"QB","NYG",1,10,0,0,21,1,0,0,60,80,0,0,2,0,0,6,10,8,0,2,2,2,0,20,20,1,20,0,2,2015
"Alex Smith",2218,"QB","KC",1,10,10,0,16,0,0,30,10,100,0,0,0,1,3,1,10,10,0,3,4,0,0,30,40,0,0,0,2,2015
"Cam Newton",6153,"QB","CAR",1,10,20,0,5,0,0,0,20,60,20,0,1,2,0,2,10,6,2,1,1,1,1,10,10,1,10,10,2,2015
"Tom Brady",698,"QB","NE",1,9,0,0,19,0,0,44.4,33.3,100,0,0,1,0,4,3,9,9,0,1,1,1,0,11.1,11.1,1,11.1,0,2,2015
"Sam Bradford",5526,"QB","PHI",1,9,11.1,0,24,0,0,11.1,11.1,100,0,0,1,1,1,1,9,9,0,3,2,1,1,33.3,22.2,1,11.1,11.1,2,2015
"Drew Brees",802,"QB","NO",1,9,11.1,0,20,0,0,44.4,22.2,100,0,0,0,1,4,2,9,9,0,1,3,0,0,11.1,33.3,0,0,0,2,2015
"Philip Rivers",1725,"QB","SD",1,8,25,0,27,0,0,75,25,100,0,0,0,2,6,2,8,8,0,1,1,0,0,12.5,12.5,0,0,0,2,2015
"Joe Flacco",4332,"QB","BLT",1,8,0,0,3,0,1,12.5,75,87.5,0,0,1,0,1,6,8,7,0,0,1,1,0,0,12.5,0,12.5,0,2,2015
"Tony Romo",1693,"QB","DAL",1,7,42.9,0,9,0,0,0,28.6,100,0,0,0,3,0,2,7,7,0,0,2,0,0,0,28.6,0,0,0,2,2015
"Johnny Manziel",8657,"QB","CLV",1,7,0,0,8,0,0,14.3,28.6,85.7,14.3,0,0,0,1,2,7,6,1,1,2,0,0,14.3,28.6,0,0,0,2,2015
"Jimmy Clausen",5573,"QB","CHI",1,6,0,0,6,0,0,0,66.7,100,0,0,0,0,0,4,6,6,0,2,2,0,1,33.3,33.3,0,0,16.7,2,2015
"Ryan Fitzpatrick",2467,"QB","NYJ",1,6,0,0,22,0,0,16.7,50,83.3,16.7,0,1,0,1,3,6,5,1,1,1,1,0,16.7,16.7,1,16.7,0,2,2015
"Kirk Cousins",7102,"QB","WAS",1,6,66.7,0,32,0,0,50,0,100,0,0,0,4,3,0,6,6,0,0,0,0,0,0,0,0,0,0,2,2015
"Matt Ryan",4317,"QB","ATL",1,6,33.3,0,2,0,0,16.7,16.7,100,0,0,0,2,1,1,6,6,0,1,0,0,1,16.7,0,0,0,16.7,2,2015
"Teddy Bridgewater",8667,"QB","MIN",1,6,33.3,0,18,0,0,0,0,83.3,16.7,0,0,2,0,0,6,5,1,2,1,0,0,33.3,16.7,0,0,0,2,2015
"Ben Roethlisberger",1732,"QB","PIT",1,3,0,0,25,0,0,0,0,100,0,0,0,0,0,0,3,3,0,1,1,0,1,33.3,33.3,0,0,33.3,2,2015
"Derek Carr",8671,"QB","OAK",1,3,0,0,23,0,0,0,33.3,66.7,33.3,0,0,0,0,1,3,2,1,1,0,0,0,33.3,0,0,0,0,2,2015
"Andy Dalton",6187,"QB","CIN",1,2,0,0,7,0,1,50,0,50,0,0,1,0,1,0,2,1,0,0,0,1,0,0,0,0,50,0,2,2015
"Jay Cutler",2956,"QB","CHI",1,1,0,0,6,0,0,0,0,100,0,0,0,0,0,0,1,1,0,1,0,0,0,100,0,0,0,0,2,2015
"Brandon Weeden",7028,"QB","DAL",1,1,0,0,9,0,0,0,0,100,0,0,0,0,0,0,1,1,0,0,1,0,0,0,100,0,0,0,2,2015
"Jeremy Maclin",4942,"WR","KC",1,1,0,0,16,0,0,0,0,0,100,0,1,0,0,0,1,0,1,0,0,0,0,0,0,1,0,0,2,2015
"Matthew Stafford",4924,"QB","DET",1,21,9.5,0,11,2,0,19,19,85.7,4.8,0,3,2,4,4,21,18,1,1,10,3,0,4.8,47.6,1,14.3,0,3,2015
"Alex Smith",2218,"QB","KC",1,21,4.8,0,16,0,0,19,42.9,95.2,0,0,1,1,4,9,21,20,0,6,2,1,1,28.6,9.5,1,4.8,4.8,3,2015
"Ryan Tannehill",7014,"QB","MIA",1,20,10,0,17,0,0,30,20,100,-5,0,1,2,6,4,20,20,-1,8,3,1,1,40,15,1,5,5,3,2015
"Kirk Cousins",7102,"QB","WAS",1,18,22.2,0,32,1,1,16.7,16.7,77.8,16.7,0,2,4,3,3,18,14,3,4,1,2,0,22.2,5.6,0,11.1,0,3,2015
"Ryan Fitzpatrick",2467,"QB","NYJ",1,17,5.9,0,22,0,0,29.4,29.4,100,0,0,0,1,5,5,17,17,0,3,3,0,0,17.6,17.6,0,0,0,3,2015
"Andy Dalton",6187,"QB","CIN",1,16,12.5,0,7,0,0,12.5,6.3,75,18.8,0,0,2,2,1,16,12,3,1,5,0,3,6.3,31.3,0,0,18.8,3,2015
"Josh McCown",1085,"QB","CLV",1,15,13.3,0,8,0,1,20,13.3,80,13.3,0,1,2,3,2,15,12,2,1,4,1,1,6.7,26.7,0,6.7,6.7,3,2015
"Philip Rivers",1725,"QB","SD",1,15,26.7,0,27,0,0,26.7,20,80,20,0,0,4,4,3,15,12,3,3,2,0,0,20,13.3,0,0,0,3,2015
"Andrew Luck",7007,"QB","IND",1,15,26.7,0,14,0,0,13.3,40,100,0,0,0,4,2,6,15,15,0,3,3,0,1,20,20,0,0,6.7,3,2015
"Marcus Mariota",9435,"QB","TEN",1,14,21.4,0,31,0,0,21.4,21.4,92.9,0,0,1,3,3,3,14,13,0,2,3,1,0,14.3,21.4,1,7.1,0,3,2015
"Russell Wilson",7077,"QB","SEA",1,11,9.1,0,29,0,0,27.3,18.2,90.9,9.1,0,0,1,3,2,11,10,1,2,3,0,2,18.2,27.3,0,0,18.2,3,2015
"Joe Flacco",4332,"QB","BLT",1,11,27.3,0,3,0,1,18.2,45.5,100,0,0,1,3,2,5,11,11,0,0,4,1,0,0,36.4,0,9.1,0,3,2015
"Aaron Rodgers",2241,"QB","GB",1,10,20,0,12,1,0,0,40,90,0,0,1,2,0,4,10,9,0,1,5,1,0,10,50,0,10,0,3,2015
"Ryan Mallett",6226,"QB","HST",1,9,11.1,0,13,0,0,22.2,11.1,88.9,0,0,1,1,2,1,9,8,0,4,0,1,0,44.4,0,1,11.1,0,3,2015
"Colin Kaepernick",6188,"QB","SF",1,9,22.2,0,28,0,0,0,33.3,66.7,33.3,0,0,2,0,3,9,6,3,1,1,0,0,11.1,11.1,0,0,0,3,2015
"Tom Brady",698,"QB","NE",1,9,22.2,0,19,0,0,22.2,11.1,100,0,0,0,2,2,1,9,9,0,2,3,0,0,22.2,33.3,0,0,0,3,2015
"Jimmy Clausen",5573,"QB","CHI",1,8,12.5,0,6,1,0,0,25,75,12.5,0,1,1,0,2,8,6,1,2,2,1,0,25,25,0,12.5,0,3,2015
"Peyton Manning",327,"QB","DEN",1,8,25,0,10,0,0,12.5,50,100,0,0,0,2,1,4,8,8,0,0,3,0,1,0,37.5,0,0,12.5,3,2015
"Cam Newton",6153,"QB","CAR",1,7,14.3,0,5,0,0,28.6,14.3,100,0,0,0,1,2,1,7,7,0,1,4,0,0,14.3,57.1,0,0,0,3,2015
"Sam Bradford",5526,"QB","PHI",1,7,14.3,0,24,0,0,42.9,14.3,100,0,0,0,1,3,1,7,7,0,3,0,0,0,42.9,0,0,0,0,3,2015
"Eli Manning",1722,"QB","NYG",1,7,0,0,21,0,0,28.6,28.6,100,0,0,0,0,2,2,7,7,0,0,4,0,0,0,57.1,0,0,0,3,2015
"Carson Palmer",1317,"QB","ARZ",1,7,14.3,0,1,0,0,14.3,0,85.7,14.3,0,0,1,1,0,7,6,1,2,2,0,0,28.6,28.6,0,0,0,3,2015
"Teddy Bridgewater",8667,"QB","MIN",1,7,0,0,18,0,0,57.1,14.3,85.7,14.3,0,0,0,4,1,7,6,1,1,1,0,0,14.3,14.3,0,0,0,3,2015
"Jameis Winston",9434,"QB","TB",1,7,42.9,0,30,1,0,0,14.3,85.7,0,0,1,3,0,1,7,6,0,0,2,1,0,0,28.6,0,14.3,0,3,2015
"Matt Ryan",4317,"QB","ATL",1,6,0,0,2,0,0,16.7,0,66.7,33.3,0,0,0,1,0,6,4,2,2,1,0,1,33.3,16.7,0,0,16.7,3,2015
"Blake Bortles",8638,"QB","JAX",1,6,33.3,0,15,0,0,16.7,33.3,83.3,0,0,1,2,1,2,6,5,0,2,1,1,0,33.3,16.7,1,16.7,0,3,2015
"Nick Foles",7089,"QB","SL",1,5,0,0,26,0,0,0,20,60,40,0,0,0,0,1,5,3,2,2,0,0,0,40,0,0,0,0,3,2015
"Luke McCown",1827,"QB","NO",1,5,0,0,20,0,0,40,20,100,0,0,0,0,2,1,5,5,0,0,1,0,2,0,20,0,0,40,3,2015
"Brandon Weeden",7028,"QB","DAL",1,5,20,0,9,0,0,0,0,80,0,0,1,1,0,0,5,4,0,0,3,1,0,0,60,1,20,0,3,2015
"Tyrod Taylor",6332,"QB","BUF",1,4,0,0,4,0,0,25,25,75,25,0,0,0,1,1,4,3,1,0,1,0,0,0,25,0,0,0,3,2015
"Ben Roethlisberger",1732,"QB","PIT",1,4,25,0,25,0,0,25,25,100,0,0,0,1,1,1,4,4,0,1,1,0,0,25,25,0,0,0,3,2015
"Derek Carr",8671,"QB","OAK",1,3,33.3,0,23,0,0,0,33.3,100,0,0,0,1,0,1,3,3,0,1,0,0,0,33.3,0,0,0,0,3,2015
"Michael Vick",773,"QB","PIT",1,2,0,0,25,0,0,50,0,50,0,0,1,0,1,0,2,1,0,0,0,1,0,0,0,1,50,0,3,2015
"Kellen Clemens",2994,"QB","SD",1,1,0,0,27,0,0,0,0,100,0,0,0,0,0,0,1,1,0,0,1,0,0,0,100,0,0,0,3,2015
"Blake Bortles",8638,"QB","JAX",1,22,4.5,0,15,0,0,22.7,31.8,90.9,9.1,0,0,1,5,7,22,20,2,9,6,0,0,40.9,27.3,0,0,0,4,2015
"Ryan Tannehill",7014,"QB","MIA",1,18,11.1,0,17,0,0,22.2,16.7,100,-5.6,0,0,2,4,3,18,18,-1,7,3,0,1,38.9,16.7,0,0,5.6,4,2015
"Teddy Bridgewater",8667,"QB","MIN",1,17,0,0,18,1,0,23.5,23.5,82.4,5.9,0,2,0,4,4,17,14,1,2,5,2,0,11.8,29.4,1,11.8,0,4,2015
"Jameis Winston",9434,"QB","TB",1,15,6.7,0,30,0,0,6.7,26.7,93.3,6.7,0,0,1,1,4,15,14,1,3,7,0,0,20,46.7,0,0,0,4,2015
"Alex Smith",2218,"QB","KC",1,14,14.3,0,16,0,0,14.3,50,100,0,0,0,2,2,7,14,14,0,5,1,0,0,35.7,7.1,0,0,0,4,2015
"Ryan Fitzpatrick",2467,"QB","NYJ",1,14,14.3,0,22,0,0,0,28.6,100,0,0,0,2,0,4,14,14,0,4,3,0,1,28.6,21.4,0,0,7.1,4,2015
"Sam Bradford",5526,"QB","PHI",1,13,0,0,24,0,1,15.4,23.1,92.3,0,0,1,0,2,3,13,12,0,5,6,1,0,38.5,46.2,0,7.7,0,4,2015
"Colin Kaepernick",6188,"QB","SF",1,13,15.4,0,28,0,0,0,15.4,84.6,7.7,0,1,2,0,2,13,11,1,6,1,1,0,46.2,7.7,1,7.7,0,4,2015
"Carson Palmer",1317,"QB","ARZ",1,13,23.1,0,1,0,0,7.7,23.1,92.3,7.7,0,0,3,1,3,13,12,1,4,3,0,0,30.8,23.1,0,0,0,4,2015
"Kirk Cousins",7102,"QB","WAS",1,12,8.3,0,32,0,1,16.7,16.7,75,16.7,0,2,1,2,2,12,9,2,1,3,2,1,8.3,25,1,16.7,8.3,4,2015
"Matthew Stafford",4924,"QB","DET",1,12,16.7,0,11,0,0,25,0,100,0,0,0,2,3,0,12,12,0,2,7,0,0,16.7,58.3,0,0,0,4,2015
"Russell Wilson",7077,"QB","SEA",1,12,16.7,0,29,0,1,8.3,41.7,91.7,0,0,2,2,1,5,12,11,0,2,1,2,2,16.7,8.3,1,16.7,16.7,4,2015
"Josh McCown",1085,"QB","CLV",1,12,8.3,0,8,0,0,16.7,8.3,75,16.7,0,1,1,2,1,12,9,2,4,2,1,0,33.3,16.7,1,8.3,0,4,2015
"Drew Brees",802,"QB","NO",1,11,18.2,0,20,0,0,9.1,18.2,100,0,0,0,2,1,2,11,11,0,6,3,0,1,54.5,27.3,0,0,9.1,4,2015
"Aaron Rodgers",2241,"QB","GB",1,11,9.1,0,12,1,0,9.1,18.2,90.9,0,0,1,1,1,2,11,10,0,0,7,1,0,0,63.6,0,9.1,0,4,2015
"Jay Cutler",2956,"QB","CHI",1,10,10,0,6,0,0,30,40,90,0,0,0,1,3,4,10,9,0,1,2,0,1,10,20,0,0,10,4,2015
"Peyton Manning",327,"QB","DEN",1,9,11.1,0,10,0,0,33.3,44.4,88.9,11.1,0,0,1,3,4,9,8,1,0,2,0,0,0,22.2,0,0,0,4,2015
"Michael Vick",773,"QB","PIT",1,9,22.2,0,25,0,0,11.1,0,66.7,0,0,2,2,1,0,9,6,0,0,5,2,1,0,55.6,2,22.2,11.1,4,2015
"Matt Ryan",4317,"QB","ATL",1,9,11.1,0,2,0,0,11.1,33.3,88.9,0,0,1,1,1,3,9,8,0,0,4,1,0,0,44.4,1,11.1,0,4,2015
"Tyrod Taylor",6332,"QB","BUF",1,9,11.1,0,4,0,0,33.3,0,88.9,0,0,2,1,3,0,9,8,0,3,3,2,0,33.3,33.3,2,22.2,0,4,2015
"Nick Foles",7089,"QB","SL",1,9,11.1,0,26,1,0,33.3,33.3,77.8,11.1,0,1,1,3,3,9,7,1,1,2,1,0,11.1,22.2,0,11.1,0,4,2015
"Philip Rivers",1725,"QB","SD",1,8,12.5,0,27,0,0,0,25,75,25,0,0,1,0,2,8,6,2,2,2,0,0,25,25,0,0,0,4,2015
"Matt Hasselbeck",408,"QB","IND",1,8,25,0,14,0,0,0,12.5,75,12.5,0,1,2,0,1,8,6,1,3,2,1,1,37.5,25,1,12.5,12.5,4,2015
"Joe Flacco",4332,"QB","BLT",1,8,0,0,3,0,0,37.5,25,75,12.5,0,2,0,3,2,8,6,1,2,1,2,0,25,12.5,2,25,0,4,2015
"Ryan Mallett",6226,"QB","HST",1,7,0,0,13,0,0,42.9,42.9,100,0,0,0,0,3,3,7,7,0,0,1,0,0,0,14.3,0,0,0,4,2015
"Cam Newton",6153,"QB","CAR",1,7,14.3,0,5,1,0,14.3,28.6,71.4,14.3,0,2,1,1,2,7,5,1,2,2,2,0,28.6,28.6,1,28.6,0,4,2015
"Brandon Weeden",7028,"QB","DAL",1,7,14.3,0,9,0,0,14.3,0,71.4,28.6,0,0,1,1,0,7,5,2,1,2,0,0,14.3,28.6,0,0,0,4,2015
"Derek Carr",8671,"QB","OAK",1,6,0,0,23,0,1,16.7,16.7,83.3,0,0,1,0,1,1,6,5,0,2,1,1,0,33.3,16.7,0,16.7,0,4,2015
"Eli Manning",1722,"QB","NYG",1,5,0,0,21,0,0,0,0,100,0,0,0,0,0,0,5,5,0,2,3,0,0,40,60,0,0,0,4,2015
"Andy Dalton",6187,"QB","CIN",1,5,20,0,7,0,0,20,20,100,0,0,0,1,1,1,5,5,0,1,2,0,0,20,40,0,0,0,4,2015
"Brian Hoyer",5277,"QB","HST",1,4,0,0,13,0,0,50,25,100,0,0,0,0,2,1,4,4,0,0,1,0,0,0,25,0,0,0,4,2015
"Philip Rivers",1725,"QB","SD",1,22,22.7,0,27,0,0,50,31.8,100,0,0,0,5,11,7,22,22,0,1,2,0,0,4.5,9.1,0,0,0,5,2015
"Eli Manning",1722,"QB","NYG",1,20,10,0,21,0,0,10,40,100,0,0,0,2,2,8,20,20,0,2,8,0,0,10,40,0,0,0,5,2015
"Jay Cutler",2956,"QB","CHI",1,18,16.7,0,6,0,1,5.6,33.3,94.4,0,0,1,3,1,6,18,17,0,4,6,1,0,22.2,33.3,0,5.6,0,5,2015
"Nick Foles",7089,"QB","SL",1,17,11.8,0,26,0,0,17.6,17.6,100,0,0,0,2,3,3,17,17,0,6,4,0,2,35.3,23.5,0,0,11.8,5,2015
"Matt Ryan",4317,"QB","ATL",1,16,25,0,2,0,0,31.3,25,93.8,6.3,0,0,4,5,4,16,15,1,3,1,0,1,18.8,6.3,0,0,6.3,5,2015
"Russell Wilson",7077,"QB","SEA",1,15,26.7,0,29,0,2,0,13.3,66.7,13.3,0,4,4,0,2,15,10,2,1,4,4,0,6.7,26.7,2,26.7,0,5,2015
"Drew Brees",802,"QB","NO",1,14,14.3,0,20,0,0,21.4,28.6,100,0,0,0,2,3,4,14,14,0,3,2,0,0,21.4,14.3,0,0,0,5,2015
"Derek Carr",8671,"QB","OAK",1,13,7.7,0,23,0,1,30.8,15.4,92.3,0,0,1,1,4,2,13,12,0,3,3,1,0,23.1,23.1,0,7.7,0,5,2015
"Andy Dalton",6187,"QB","CIN",1,13,53.8,0,7,0,0,23.1,15.4,100,-7.7,0,0,7,3,2,13,13,-1,1,4,0,1,7.7,30.8,0,0,7.7,5,2015
"Blake Bortles",8638,"QB","JAX",1,11,9.1,0,15,0,0,36.4,18.2,81.8,18.2,0,1,1,4,2,11,9,2,1,3,1,1,9.1,27.3,1,9.1,9.1,5,2015
"Michael Vick",773,"QB","PIT",1,11,45.5,0,25,1,1,9.1,0,81.8,0,0,2,5,1,0,11,9,0,2,2,2,1,18.2,18.2,0,18.2,9.1,5,2015
"Alex Smith",2218,"QB","KC",1,11,36.4,0,16,0,1,27.3,18.2,90.9,0,0,1,4,3,2,11,10,0,1,3,1,0,9.1,27.3,0,9.1,0,5,2015
"Peyton Manning",327,"QB","DEN",1,11,0,0,10,0,0,9.1,18.2,90.9,9.1,0,1,0,1,2,11,10,1,0,7,1,0,0,63.6,1,9.1,0,5,2015
"Tom Brady",698,"QB","NE",1,11,18.2,0,19,0,0,9.1,63.6,90.9,9.1,0,0,2,1,7,11,10,1,0,3,0,0,0,27.3,0,0,0,5,2015
"Josh McCown",1085,"QB","CLV",1,10,30,0,8,0,0,10,0,80,10,0,1,3,1,0,10,8,1,2,2,1,0,20,20,1,10,0,5,2015
"Colin Kaepernick",6188,"QB","SF",1,10,40,0,28,0,1,0,0,60,30,0,3,4,0,0,10,6,3,2,2,3,0,20,20,2,30,0,5,2015
"Matthew Stafford",4924,"QB","DET",1,9,0,0,11,0,0,33.3,11.1,88.9,11.1,0,0,0,3,1,9,8,1,1,4,0,0,11.1,44.4,0,0,0,5,2015
"Kirk Cousins",7102,"QB","WAS",1,9,22.2,0,32,0,1,33.3,11.1,100,0,0,1,2,3,1,9,9,0,2,2,1,0,22.2,22.2,0,11.1,0,5,2015
"Sam Bradford",5526,"QB","PHI",1,8,0,0,24,0,0,12.5,0,87.5,12.5,0,0,0,1,0,8,7,1,3,3,0,0,37.5,37.5,0,0,0,5,2015
"Brandon Weeden",7028,"QB","DAL",1,8,12.5,0,9,0,0,25,12.5,87.5,12.5,0,0,1,2,1,8,7,1,1,2,0,1,12.5,25,0,0,12.5,5,2015
"Brian Hoyer",5277,"QB","HST",1,8,12.5,0,13,1,0,12.5,0,87.5,0,0,1,1,1,0,8,7,0,1,3,1,1,12.5,37.5,0,12.5,12.5,5,2015
"Tyrod Taylor",6332,"QB","BUF",1,8,0,0,4,0,0,0,0,87.5,0,0,2,0,0,0,8,7,0,4,2,2,1,50,25,2,25,12.5,5,2015
"Marcus Mariota",9435,"QB","TEN",1,7,0,0,31,1,0,0,42.9,85.7,14.3,0,1,0,0,3,7,6,1,1,2,1,1,14.3,28.6,0,14.3,14.3,5,2015
"Aaron Rodgers",2241,"QB","GB",1,7,28.6,0,12,0,0,0,14.3,85.7,14.3,0,0,2,0,1,7,6,1,4,0,0,0,57.1,0,0,0,0,5,2015
"Joe Flacco",4332,"QB","BLT",1,7,0,0,3,0,0,14.3,14.3,100,0,0,0,0,1,1,7,7,0,2,3,0,0,28.6,42.9,0,0,0,5,2015
"Dan Orlovsky",2362,"QB","DET",1,5,0,0,11,0,0,40,60,100,0,0,0,0,2,3,5,5,0,0,2,0,0,0,40,0,0,0,5,2015
"Carson Palmer",1317,"QB","ARZ",1,5,0,0,1,0,0,40,0,80,20,0,0,0,2,0,5,4,1,1,2,0,0,20,40,0,0,0,5,2015
"Jameis Winston",9434,"QB","TB",1,4,0,0,30,0,0,25,25,100,-25,0,0,0,1,1,4,4,-1,1,1,0,1,25,25,0,0,25,5,2015
"Ryan Mallett",6226,"QB","HST",1,3,33.3,0,13,0,0,0,33.3,100,0,0,0,1,0,1,3,3,0,1,1,0,0,33.3,33.3,0,0,0,5,2015
"Matt Hasselbeck",408,"QB","IND",1,3,33.3,0,14,0,0,0,66.7,100,0,0,0,1,0,2,3,3,0,1,0,0,0,33.3,0,0,0,0,5,2015
"Drew Stanton",3659,"QB","ARZ",1,1,0,0,1,0,0,0,0,100,0,0,0,0,0,0,1,1,0,0,1,0,0,0,100,0,0,0,5,2015
"Andrew Luck",7007,"QB","IND",1,20,20,0,14,0,2,15,30,90,0,0,2,4,3,6,20,18,0,3,4,2,0,15,20,0,10,0,6,2015
"Blake Bortles",8638,"QB","JAX",1,19,5.3,0,15,0,1,10.5,36.8,100,0,0,1,1,2,7,19,19,0,2,8,1,0,10.5,42.1,0,5.3,0,6,2015
"Russell Wilson",7077,"QB","SEA",1,18,11.1,0,29,1,2,27.8,16.7,77.8,0,0,3,2,5,3,18,14,0,1,6,3,2,5.6,33.3,0,16.7,11.1,6,2015
"Philip Rivers",1725,"QB","SD",1,17,17.6,0,27,0,0,23.5,11.8,76.5,17.6,0,1,3,4,2,17,13,3,2,3,1,0,11.8,17.6,1,5.9,0,6,2015
"Matthew Stafford",4924,"QB","DET",1,16,25,0,11,1,1,0,31.3,87.5,0,0,2,4,0,5,16,14,0,0,6,2,1,0,37.5,0,12.5,6.3,6,2015
"Carson Palmer",1317,"QB","ARZ",1,15,26.7,0,1,0,0,6.7,33.3,100,0,0,0,4,1,5,15,15,0,2,6,0,0,13.3,40,0,0,0,6,2015
"Cam Newton",6153,"QB","CAR",1,15,13.3,0,5,0,1,13.3,13.3,80,13.3,0,1,2,2,2,15,12,2,1,5,1,0,6.7,33.3,0,6.7,0,6,2015
"Alex Smith",2218,"QB","KC",1,14,7.1,0,16,0,0,42.9,28.6,92.9,7.1,0,0,1,6,4,14,13,1,3,1,0,0,21.4,7.1,0,0,0,6,2015
"Kirk Cousins",7102,"QB","WAS",1,14,21.4,0,32,0,0,14.3,7.1,100,-7.1,0,0,3,2,1,14,14,-1,7,4,0,1,50,28.6,0,0,7.1,6,2015
"Jay Cutler",2956,"QB","CHI",1,12,8.3,0,6,1,0,8.3,58.3,91.7,0,0,1,1,1,7,12,11,0,2,0,1,0,16.7,0,0,8.3,0,6,2015
"Peyton Manning",327,"QB","DEN",1,12,25,0,10,0,0,16.7,16.7,91.7,8.3,0,0,3,2,2,12,11,1,2,2,0,0,16.7,16.7,0,0,0,6,2015
"Josh McCown",1085,"QB","CLV",1,12,8.3,0,8,0,0,16.7,25,83.3,8.3,0,1,1,2,3,12,10,1,4,1,1,1,33.3,8.3,1,8.3,8.3,6,2015
"Eli Manning",1722,"QB","NYG",1,12,16.7,0,21,1,1,25,33.3,83.3,0,0,2,2,3,4,12,10,0,4,3,2,0,33.3,25,0,16.7,0,6,2015
"E.J. Manuel",7797,"QB","BUF",1,11,18.2,0,4,1,0,9.1,36.4,81.8,0,0,2,2,1,4,11,9,0,1,3,2,1,9.1,27.3,1,18.2,9.1,6,2015
"Drew Brees",802,"QB","NO",1,10,10,0,20,0,0,30,30,100,0,0,0,1,3,3,10,10,0,1,3,0,0,10,30,0,0,0,6,2015
"Tom Brady",698,"QB","NE",1,10,0,0,19,0,0,20,40,80,10,0,1,0,2,4,10,8,1,1,3,1,0,10,30,1,10,0,6,2015
"Aaron Rodgers",2241,"QB","GB",1,9,11.1,0,12,0,1,11.1,22.2,66.7,11.1,0,2,1,1,2,9,6,1,0,2,2,0,0,22.2,1,22.2,0,6,2015
"Joe Flacco",4332,"QB","BLT",1,9,44.4,0,3,0,0,22.2,22.2,100,0,0,0,4,2,2,9,9,0,1,1,0,0,11.1,11.1,0,0,0,6,2015
"Matt Ryan",4317,"QB","ATL",1,9,0,0,2,0,1,22.2,22.2,88.9,0,0,1,0,2,2,9,8,0,5,1,1,0,55.6,11.1,0,11.1,0,6,2015
"Sam Bradford",5526,"QB","PHI",1,9,0,0,24,0,0,55.6,0,100,0,0,1,0,5,0,9,9,0,2,0,1,2,22.2,0,1,11.1,22.2,6,2015
"Ryan Fitzpatrick",2467,"QB","NYJ",1,8,0,0,22,0,1,25,25,75,12.5,0,1,0,2,2,8,6,1,1,2,1,0,12.5,25,0,12.5,0,6,2015
"Teddy Bridgewater",8667,"QB","MIN",1,8,0,0,18,0,1,25,25,87.5,0,0,1,0,2,2,8,7,0,1,1,1,1,12.5,12.5,0,12.5,12.5,6,2015
"Marcus Mariota",9435,"QB","TEN",1,7,57.1,0,31,0,0,14.3,14.3,100,0,0,0,4,1,1,7,7,0,1,5,0,0,14.3,71.4,0,0,0,6,2015
"Colin Kaepernick",6188,"QB","SF",1,7,0,0,28,0,0,28.6,14.3,100,0,0,0,0,2,1,7,7,0,2,4,0,0,28.6,57.1,0,0,0,6,2015
"Brian Hoyer",5277,"QB","HST",1,6,50,0,13,0,0,16.7,33.3,100,0,0,0,3,1,2,6,6,0,1,2,0,0,16.7,33.3,0,0,0,6,2015
"Ryan Tannehill",7014,"QB","MIA",1,5,20,0,17,0,0,40,0,100,0,0,0,1,2,0,5,5,0,2,1,0,0,40,20,0,0,0,6,2015
"Michael Vick",773,"QB","PIT",1,4,0,0,25,0,0,25,25,100,0,0,0,0,1,1,4,4,0,1,2,0,1,25,50,0,0,25,6,2015
"Landry Jones",7897,"QB","PIT",1,3,33.3,0,25,0,0,33.3,33.3,100,0,0,0,1,1,1,3,3,0,0,0,0,0,0,0,0,0,0,6,2015
"Andy Dalton",6187,"QB","CIN",1,2,50,0,7,0,0,50,0,50,50,0,0,1,1,0,2,1,1,0,0,0,0,0,0,0,0,0,6,2015
"Zach Mettenberger",8813,"QB","TEN",1,2,0,0,31,0,0,0,0,100,0,0,0,0,0,0,2,2,0,2,0,0,0,100,0,0,0,0,6,2015
"Philip Rivers",1725,"QB","SD",1,22,22.7,0,27,0,0,50,31.8,100,0,0,0,5,11,7,22,22,0,1,2,0,0,4.5,9.1,0,0,0,5,2015
"Eli Manning",1722,"QB","NYG",1,20,10,0,21,0,0,10,40,100,0,0,0,2,2,8,20,20,0,2,8,0,0,10,40,0,0,0,5,2015
"Jay Cutler",2956,"QB","CHI",1,18,16.7,0,6,0,1,5.6,33.3,94.4,0,0,1,3,1,6,18,17,0,4,6,1,0,22.2,33.3,0,5.6,0,5,2015
"Nick Foles",7089,"QB","SL",1,17,11.8,0,26,0,0,17.6,17.6,100,0,0,0,2,3,3,17,17,0,6,4,0,2,35.3,23.5,0,0,11.8,5,2015
"Matt Ryan",4317,"QB","ATL",1,16,25,0,2,0,0,31.3,25,93.8,6.3,0,0,4,5,4,16,15,1,3,1,0,1,18.8,6.3,0,0,6.3,5,2015
"Russell Wilson",7077,"QB","SEA",1,15,26.7,0,29,0,2,0,13.3,66.7,13.3,0,4,4,0,2,15,10,2,1,4,4,0,6.7,26.7,2,26.7,0,5,2015
"Drew Brees",802,"QB","NO",1,14,14.3,0,20,0,0,21.4,28.6,100,0,0,0,2,3,4,14,14,0,3,2,0,0,21.4,14.3,0,0,0,5,2015
"Derek Carr",8671,"QB","OAK",1,13,7.7,0,23,0,1,30.8,15.4,92.3,0,0,1,1,4,2,13,12,0,3,3,1,0,23.1,23.1,0,7.7,0,5,2015
"Andy Dalton",6187,"QB","CIN",1,13,53.8,0,7,0,0,23.1,15.4,100,-7.7,0,0,7,3,2,13,13,-1,1,4,0,1,7.7,30.8,0,0,7.7,5,2015
"Blake Bortles",8638,"QB","JAX",1,11,9.1,0,15,0,0,36.4,18.2,81.8,18.2,0,1,1,4,2,11,9,2,1,3,1,1,9.1,27.3,1,9.1,9.1,5,2015
"Michael Vick",773,"QB","PIT",1,11,45.5,0,25,1,1,9.1,0,81.8,0,0,2,5,1,0,11,9,0,2,2,2,1,18.2,18.2,0,18.2,9.1,5,2015
"Alex Smith",2218,"QB","KC",1,11,36.4,0,16,0,1,27.3,18.2,90.9,0,0,1,4,3,2,11,10,0,1,3,1,0,9.1,27.3,0,9.1,0,5,2015
"Peyton Manning",327,"QB","DEN",1,11,0,0,10,0,0,9.1,18.2,90.9,9.1,0,1,0,1,2,11,10,1,0,7,1,0,0,63.6,1,9.1,0,5,2015
"Tom Brady",698,"QB","NE",1,11,18.2,0,19,0,0,9.1,63.6,90.9,9.1,0,0,2,1,7,11,10,1,0,3,0,0,0,27.3,0,0,0,5,2015
"Josh McCown",1085,"QB","CLV",1,10,30,0,8,0,0,10,0,80,10,0,1,3,1,0,10,8,1,2,2,1,0,20,20,1,10,0,5,2015
"Colin Kaepernick",6188,"QB","SF",1,10,40,0,28,0,1,0,0,60,30,0,3,4,0,0,10,6,3,2,2,3,0,20,20,2,30,0,5,2015
"Matthew Stafford",4924,"QB","DET",1,9,0,0,11,0,0,33.3,11.1,88.9,11.1,0,0,0,3,1,9,8,1,1,4,0,0,11.1,44.4,0,0,0,5,2015
"Kirk Cousins",7102,"QB","WAS",1,9,22.2,0,32,0,1,33.3,11.1,100,0,0,1,2,3,1,9,9,0,2,2,1,0,22.2,22.2,0,11.1,0,5,2015
"Sam Bradford",5526,"QB","PHI",1,8,0,0,24,0,0,12.5,0,87.5,12.5,0,0,0,1,0,8,7,1,3,3,0,0,37.5,37.5,0,0,0,5,2015
"Brandon Weeden",7028,"QB","DAL",1,8,12.5,0,9,0,0,25,12.5,87.5,12.5,0,0,1,2,1,8,7,1,1,2,0,1,12.5,25,0,0,12.5,5,2015
"Brian Hoyer",5277,"QB","HST",1,8,12.5,0,13,1,0,12.5,0,87.5,0,0,1,1,1,0,8,7,0,1,3,1,1,12.5,37.5,0,12.5,12.5,5,2015
"Tyrod Taylor",6332,"QB","BUF",1,8,0,0,4,0,0,0,0,87.5,0,0,2,0,0,0,8,7,0,4,2,2,1,50,25,2,25,12.5,5,2015
"Marcus Mariota",9435,"QB","TEN",1,7,0,0,31,1,0,0,42.9,85.7,14.3,0,1,0,0,3,7,6,1,1,2,1,1,14.3,28.6,0,14.3,14.3,5,2015
"Aaron Rodgers",2241,"QB","GB",1,7,28.6,0,12,0,0,0,14.3,85.7,14.3,0,0,2,0,1,7,6,1,4,0,0,0,57.1,0,0,0,0,5,2015
"Joe Flacco",4332,"QB","BLT",1,7,0,0,3,0,0,14.3,14.3,100,0,0,0,0,1,1,7,7,0,2,3,0,0,28.6,42.9,0,0,0,5,2015
"Dan Orlovsky",2362,"QB","DET",1,5,0,0,11,0,0,40,60,100,0,0,0,0,2,3,5,5,0,0,2,0,0,0,40,0,0,0,5,2015
"Carson Palmer",1317,"QB","ARZ",1,5,0,0,1,0,0,40,0,80,20,0,0,0,2,0,5,4,1,1,2,0,0,20,40,0,0,0,5,2015
"Jameis Winston",9434,"QB","TB",1,4,0,0,30,0,0,25,25,100,-25,0,0,0,1,1,4,4,-1,1,1,0,1,25,25,0,0,25,5,2015
"Ryan Mallett",6226,"QB","HST",1,3,33.3,0,13,0,0,0,33.3,100,0,0,0,1,0,1,3,3,0,1,1,0,0,33.3,33.3,0,0,0,5,2015
"Matt Hasselbeck",408,"QB","IND",1,3,33.3,0,14,0,0,0,66.7,100,0,0,0,1,0,2,3,3,0,1,0,0,0,33.3,0,0,0,0,5,2015
"Drew Stanton",3659,"QB","ARZ",1,1,0,0,1,0,0,0,0,100,0,0,0,0,0,0,1,1,0,0,1,0,0,0,100,0,0,0,5,2015
"Andrew Luck",7007,"QB","IND",1,20,20,0,14,0,2,15,30,90,0,0,2,4,3,6,20,18,0,3,4,2,0,15,20,0,10,0,6,2015
"Blake Bortles",8638,"QB","JAX",1,19,5.3,0,15,0,1,10.5,36.8,100,0,0,1,1,2,7,19,19,0,2,8,1,0,10.5,42.1,0,5.3,0,6,2015
"Russell Wilson",7077,"QB","SEA",1,18,11.1,0,29,1,2,27.8,16.7,77.8,0,0,3,2,5,3,18,14,0,1,6,3,2,5.6,33.3,0,16.7,11.1,6,2015
"Philip Rivers",1725,"QB","SD",1,17,17.6,0,27,0,0,23.5,11.8,76.5,17.6,0,1,3,4,2,17,13,3,2,3,1,0,11.8,17.6,1,5.9,0,6,2015
"Matthew Stafford",4924,"QB","DET",1,16,25,0,11,1,1,0,31.3,87.5,0,0,2,4,0,5,16,14,0,0,6,2,1,0,37.5,0,12.5,6.3,6,2015
"Carson Palmer",1317,"QB","ARZ",1,15,26.7,0,1,0,0,6.7,33.3,100,0,0,0,4,1,5,15,15,0,2,6,0,0,13.3,40,0,0,0,6,2015
"Cam Newton",6153,"QB","CAR",1,15,13.3,0,5,0,1,13.3,13.3,80,13.3,0,1,2,2,2,15,12,2,1,5,1,0,6.7,33.3,0,6.7,0,6,2015
"Alex Smith",2218,"QB","KC",1,14,7.1,0,16,0,0,42.9,28.6,92.9,7.1,0,0,1,6,4,14,13,1,3,1,0,0,21.4,7.1,0,0,0,6,2015
"Kirk Cousins",7102,"QB","WAS",1,14,21.4,0,32,0,0,14.3,7.1,100,-7.1,0,0,3,2,1,14,14,-1,7,4,0,1,50,28.6,0,0,7.1,6,2015
"Jay Cutler",2956,"QB","CHI",1,12,8.3,0,6,1,0,8.3,58.3,91.7,0,0,1,1,1,7,12,11,0,2,0,1,0,16.7,0,0,8.3,0,6,2015
"Peyton Manning",327,"QB","DEN",1,12,25,0,10,0,0,16.7,16.7,91.7,8.3,0,0,3,2,2,12,11,1,2,2,0,0,16.7,16.7,0,0,0,6,2015
"Josh McCown",1085,"QB","CLV",1,12,8.3,0,8,0,0,16.7,25,83.3,8.3,0,1,1,2,3,12,10,1,4,1,1,1,33.3,8.3,1,8.3,8.3,6,2015
"Eli Manning",1722,"QB","NYG",1,12,16.7,0,21,1,1,25,33.3,83.3,0,0,2,2,3,4,12,10,0,4,3,2,0,33.3,25,0,16.7,0,6,2015
"E.J. Manuel",7797,"QB","BUF",1,11,18.2,0,4,1,0,9.1,36.4,81.8,0,0,2,2,1,4,11,9,0,1,3,2,1,9.1,27.3,1,18.2,9.1,6,2015
"Drew Brees",802,"QB","NO",1,10,10,0,20,0,0,30,30,100,0,0,0,1,3,3,10,10,0,1,3,0,0,10,30,0,0,0,6,2015
"Tom Brady",698,"QB","NE",1,10,0,0,19,0,0,20,40,80,10,0,1,0,2,4,10,8,1,1,3,1,0,10,30,1,10,0,6,2015
"Aaron Rodgers",2241,"QB","GB",1,9,11.1,0,12,0,1,11.1,22.2,66.7,11.1,0,2,1,1,2,9,6,1,0,2,2,0,0,22.2,1,22.2,0,6,2015
"Joe Flacco",4332,"QB","BLT",1,9,44.4,0,3,0,0,22.2,22.2,100,0,0,0,4,2,2,9,9,0,1,1,0,0,11.1,11.1,0,0,0,6,2015
"Matt Ryan",4317,"QB","ATL",1,9,0,0,2,0,1,22.2,22.2,88.9,0,0,1,0,2,2,9,8,0,5,1,1,0,55.6,11.1,0,11.1,0,6,2015
"Sam Bradford",5526,"QB","PHI",1,9,0,0,24,0,0,55.6,0,100,0,0,1,0,5,0,9,9,0,2,0,1,2,22.2,0,1,11.1,22.2,6,2015
"Ryan Fitzpatrick",2467,"QB","NYJ",1,8,0,0,22,0,1,25,25,75,12.5,0,1,0,2,2,8,6,1,1,2,1,0,12.5,25,0,12.5,0,6,2015
"Teddy Bridgewater",8667,"QB","MIN",1,8,0,0,18,0,1,25,25,87.5,0,0,1,0,2,2,8,7,0,1,1,1,1,12.5,12.5,0,12.5,12.5,6,2015
"Marcus Mariota",9435,"QB","TEN",1,7,57.1,0,31,0,0,14.3,14.3,100,0,0,0,4,1,1,7,7,0,1,5,0,0,14.3,71.4,0,0,0,6,2015
"Colin Kaepernick",6188,"QB","SF",1,7,0,0,28,0,0,28.6,14.3,100,0,0,0,0,2,1,7,7,0,2,4,0,0,28.6,57.1,0,0,0,6,2015
"Brian Hoyer",5277,"QB","HST",1,6,50,0,13,0,0,16.7,33.3,100,0,0,0,3,1,2,6,6,0,1,2,0,0,16.7,33.3,0,0,0,6,2015
"Ryan Tannehill",7014,"QB","MIA",1,5,20,0,17,0,0,40,0,100,0,0,0,1,2,0,5,5,0,2,1,0,0,40,20,0,0,0,6,2015
"Michael Vick",773,"QB","PIT",1,4,0,0,25,0,0,25,25,100,0,0,0,0,1,1,4,4,0,1,2,0,1,25,50,0,0,25,6,2015
"Landry Jones",7897,"QB","PIT",1,3,33.3,0,25,0,0,33.3,33.3,100,0,0,0,1,1,1,3,3,0,0,0,0,0,0,0,0,0,0,6,2015
"Andy Dalton",6187,"QB","CIN",1,2,50,0,7,0,0,50,0,50,50,0,0,1,1,0,2,1,1,0,0,0,0,0,0,0,0,0,6,2015
"Zach Mettenberger",8813,"QB","TEN",1,2,0,0,31,0,0,0,0,100,0,0,0,0,0,0,2,2,0,2,0,0,0,100,0,0,0,0,6,2015
"Sam Bradford",5526,"QB","PHI",1,21,19,0,24,1,1,19,28.6,90.5,0,0,2,4,4,6,21,19,0,6,1,2,0,28.6,4.8,0,9.5,0,7,2015
"Philip Rivers",1725,"QB","SD",1,18,38.9,0,27,0,0,22.2,27.8,100,-5.6,0,0,7,4,5,18,18,-1,1,1,0,2,5.6,5.6,0,0,11.1,7,2015
"Brian Hoyer",5277,"QB","HST",1,18,22.2,0,13,0,0,5.6,27.8,100,0,0,0,4,1,5,18,18,0,4,8,0,0,22.2,44.4,0,0,0,7,2015
"Josh McCown",1085,"QB","CLV",1,16,6.3,0,8,1,1,25,6.3,75,6.3,0,4,1,4,1,16,12,1,1,6,4,0,6.3,37.5,2,25,0,7,2015
"Andrew Luck",7007,"QB","IND",1,15,6.7,0,14,1,0,40,13.3,80,6.7,0,2,1,6,2,15,12,1,2,1,2,0,13.3,6.7,1,13.3,0,7,2015
"Ryan Fitzpatrick",2467,"QB","NYJ",1,15,20,0,22,0,0,13.3,33.3,86.7,13.3,0,0,3,2,5,15,13,2,4,4,0,0,26.7,26.7,0,0,0,7,2015
"Russell Wilson",7077,"QB","SEA",1,15,6.7,0,29,0,0,33.3,6.7,93.3,-6.7,0,1,1,5,1,15,14,-1,5,6,1,1,33.3,40,1,6.7,6.7,7,2015
"Joe Flacco",4332,"QB","BLT",1,14,7.1,0,3,0,0,14.3,21.4,78.6,21.4,0,0,1,2,3,14,11,3,4,5,0,0,28.6,35.7,0,0,0,7,2015
"Teddy Bridgewater",8667,"QB","MIN",1,14,21.4,0,18,0,0,42.9,28.6,85.7,7.1,0,1,3,6,4,14,12,1,1,3,1,0,7.1,21.4,1,7.1,0,7,2015
"Tom Brady",698,"QB","NE",1,14,28.6,0,19,0,0,14.3,21.4,100,0,0,0,4,2,3,14,14,0,3,4,0,0,21.4,28.6,0,0,0,7,2015
"Matthew Stafford",4924,"QB","DET",1,14,7.1,0,11,0,0,21.4,14.3,85.7,0,0,0,1,3,2,14,12,0,5,3,0,4,35.7,21.4,0,0,28.6,7,2015
"Matt Ryan",4317,"QB","ATL",1,12,0,0,2,0,0,41.7,33.3,91.7,8.3,0,0,0,5,4,12,11,1,2,1,0,1,16.7,8.3,0,0,8.3,7,2015
"E.J. Manuel",7797,"QB","BUF",1,12,16.7,0,4,0,0,8.3,0,83.3,8.3,0,2,2,1,0,12,10,1,3,4,2,0,25,33.3,2,16.7,0,7,2015
"Zach Mettenberger",8813,"QB","TEN",1,12,8.3,0,31,1,0,33.3,8.3,91.7,-8.3,0,1,1,4,1,12,11,-1,3,3,1,1,25,25,0,8.3,8.3,7,2015
"Colin Kaepernick",6188,"QB","SF",1,11,9.1,0,28,0,0,27.3,9.1,90.9,9.1,0,0,1,3,1,11,10,1,3,6,0,0,27.3,54.5,0,0,0,7,2015
"Blake Bortles",8638,"QB","JAX",1,10,10,0,15,0,1,30,20,80,10,0,2,1,3,2,10,8,1,1,3,2,1,10,30,1,20,10,7,2015
"Carson Palmer",1317,"QB","ARZ",1,10,0,0,1,0,1,20,20,80,0,0,1,0,2,2,10,8,0,1,4,1,1,10,40,0,10,10,7,2015
"Landry Jones",7897,"QB","PIT",1,10,30,0,25,0,0,10,60,100,0,0,0,3,1,6,10,10,0,1,3,0,0,10,30,0,0,0,7,2015
"Cam Newton",6153,"QB","CAR",1,9,0,0,5,0,0,33.3,0,88.9,0,0,0,0,3,0,9,8,0,1,4,0,1,11.1,44.4,0,0,11.1,7,2015
"Drew Brees",802,"QB","NO",1,9,22.2,0,20,1,1,11.1,0,66.7,11.1,0,2,2,1,0,9,6,1,2,2,2,0,22.2,22.2,0,22.2,0,7,2015
"Kirk Cousins",7102,"QB","WAS",1,9,11.1,0,32,0,0,22.2,11.1,88.9,11.1,0,0,1,2,1,9,8,1,3,1,0,0,33.3,11.1,0,0,0,7,2015
"Alex Smith",2218,"QB","KC",1,8,25,0,16,0,0,25,25,100,0,0,0,2,2,2,8,8,0,0,4,0,0,0,50,0,0,0,7,2015
"Jameis Winston",9434,"QB","TB",1,5,0,0,30,0,0,40,40,100,0,0,0,0,2,2,5,5,0,0,1,0,0,0,20,0,0,0,7,2015
"Derek Carr",8671,"QB","OAK",1,5,0,0,23,0,0,0,20,80,20,0,0,0,0,1,5,4,1,2,1,0,0,40,20,0,0,0,7,2015
"Eli Manning",1722,"QB","NYG",1,5,0,0,21,0,0,20,40,100,0,0,0,0,1,2,5,5,0,2,3,0,0,40,60,0,0,0,7,2015
"Ryan Tannehill",7014,"QB","MIA",1,4,0,0,17,0,0,0,0,75,0,0,1,0,0,0,4,3,0,2,1,1,0,50,25,1,25,0,7,2015
"Nick Foles",7089,"QB","SL",1,4,0,0,26,0,0,25,25,100,0,0,0,0,1,1,4,4,0,2,0,0,0,50,0,0,0,0,7,2015
"Matt Cassel",2447,"QB","DAL",1,2,0,0,9,0,0,50,0,100,0,0,0,0,1,0,2,2,0,0,1,0,0,0,50,0,0,0,7,2015
"Johnny Manziel",8657,"QB","CLV",1,1,100,0,8,0,0,0,0,100,0,0,0,1,0,0,1,1,0,0,0,0,0,0,0,0,0,0,7,2015
"Tom Brady",698,"QB","NE",1,19,10.5,0,19,0,0,15.8,36.8,100,0,0,0,2,3,7,19,19,0,7,6,0,0,36.8,31.6,0,0,0,8,2015
"Jay Cutler",2956,"QB","CHI",1,17,5.9,0,6,0,0,17.6,23.5,76.5,23.5,0,0,1,3,4,17,13,4,3,1,0,1,17.6,5.9,0,0,5.9,8,2015
"Andrew Luck",7007,"QB","IND",1,17,23.5,0,14,1,0,29.4,0,88.2,5.9,0,1,4,5,0,17,15,1,4,4,1,0,23.5,23.5,0,5.9,0,8,2015
"Ryan Tannehill",7014,"QB","MIA",1,17,17.6,0,17,0,0,0,17.6,94.1,-5.9,0,1,3,0,3,17,16,-1,4,7,1,3,23.5,41.2,1,5.9,17.6,8,2015
"Zach Mettenberger",8813,"QB","TEN",1,16,12.5,0,31,0,0,0,31.3,100,0,0,0,2,0,5,16,16,0,2,11,0,0,12.5,68.8,0,0,0,8,2015
"Geno Smith",7820,"QB","NYJ",1,15,6.7,0,22,0,0,6.7,20,86.7,0,0,2,1,1,3,15,13,0,3,5,2,0,20,33.3,2,13.3,0,8,2015
"Carson Palmer",1317,"QB","ARZ",1,15,26.7,0,1,0,0,20,0,93.3,6.7,0,0,4,3,0,15,14,1,3,5,0,1,20,33.3,0,0,6.7,8,2015
"Matthew Stafford",4924,"QB","DET",1,14,14.3,0,11,0,0,7.1,50,100,0,0,0,2,1,7,14,14,0,0,7,0,0,0,50,0,0,0,8,2015
"Alex Smith",2218,"QB","KC",1,14,7.1,0,16,0,1,0,42.9,85.7,0,0,2,1,0,6,14,12,0,3,4,2,0,21.4,28.6,1,14.3,0,8,2015
"Matt Ryan",4317,"QB","ATL",1,14,7.1,0,2,0,0,21.4,35.7,92.9,7.1,0,0,1,3,5,14,13,1,4,4,0,0,28.6,28.6,0,0,0,8,2015
"Teddy Bridgewater",8667,"QB","MIN",1,14,0,0,18,0,1,35.7,35.7,92.9,0,0,1,0,5,5,14,13,0,0,5,1,0,0,35.7,0,7.1,0,8,2015
"Colin Kaepernick",6188,"QB","SF",1,13,7.7,0,28,0,1,30.8,7.7,84.6,0,0,2,1,4,1,13,11,0,2,3,2,1,15.4,23.1,1,15.4,7.7,8,2015
"Philip Rivers",1725,"QB","SD",1,13,53.8,0,27,0,0,15.4,23.1,100,0,0,0,7,2,3,13,13,0,3,3,0,0,23.1,23.1,0,0,0,8,2015
"Eli Manning",1722,"QB","NYG",1,13,0,0,21,0,1,0,38.5,84.6,0,0,2,0,0,5,13,11,0,2,6,2,0,15.4,46.2,1,15.4,0,8,2015
"Aaron Rodgers",2241,"QB","GB",1,12,8.3,0,12,0,0,8.3,16.7,75,25,0,0,1,1,2,12,9,3,1,5,0,1,8.3,41.7,0,0,8.3,8,2015
"Peyton Manning",327,"QB","DEN",1,11,0,0,10,0,0,27.3,0,90.9,9.1,0,0,0,3,0,11,10,1,4,3,0,0,36.4,27.3,0,0,0,8,2015
"Josh McCown",1085,"QB","CLV",1,11,18.2,0,8,0,0,27.3,27.3,90.9,0,0,1,2,3,3,11,10,0,2,2,1,0,18.2,18.2,1,9.1,0,8,2015
"Ben Roethlisberger",1732,"QB","PIT",1,11,36.4,0,25,0,0,9.1,18.2,100,0,0,0,4,1,2,11,11,0,4,4,0,0,36.4,36.4,0,0,0,8,2015
"Russell Wilson",7077,"QB","SEA",1,10,0,0,29,0,1,0,60,80,0,0,1,0,0,6,10,8,0,0,2,1,1,0,20,0,10,10,8,2015
"Cam Newton",6153,"QB","CAR",1,10,30,0,5,0,0,20,20,90,10,0,0,3,2,2,10,9,1,2,1,0,0,20,10,0,0,0,8,2015
"Joe Flacco",4332,"QB","BLT",1,10,20,0,3,0,0,0,50,90,10,0,0,2,0,5,10,9,1,1,1,0,0,10,10,0,0,0,8,2015
"Andy Dalton",6187,"QB","CIN",1,9,22.2,0,7,0,0,44.4,0,88.9,11.1,0,1,2,4,0,9,8,1,1,0,1,1,11.1,0,1,11.1,11.1,8,2015
"Drew Brees",802,"QB","NO",1,9,0,0,20,0,0,55.6,0,77.8,22.2,0,0,0,5,0,9,7,2,0,2,0,1,0,22.2,0,0,11.1,8,2015
"Jameis Winston",9434,"QB","TB",1,8,25,0,30,0,0,12.5,25,100,0,0,0,2,1,2,8,8,0,2,2,0,0,25,25,0,0,0,8,2015
"Brian Hoyer",5277,"QB","HST",1,7,0,0,13,0,0,42.9,14.3,85.7,14.3,0,0,0,3,1,7,6,1,1,0,0,1,14.3,0,0,0,14.3,8,2015
"Matt Cassel",2447,"QB","DAL",1,6,0,0,9,0,0,0,0,66.7,16.7,0,1,0,0,0,6,4,1,1,3,1,0,16.7,50,1,16.7,0,8,2015
"Nick Foles",7089,"QB","SL",1,4,25,0,26,1,0,75,0,100,0,0,1,1,3,0,4,4,0,1,1,1,0,25,25,0,25,0,8,2015
"Derek Carr",8671,"QB","OAK",1,4,0,0,23,0,0,0,50,100,0,0,0,0,0,2,4,4,0,1,1,0,0,25,25,0,0,0,8,2015
"Johnny Manziel",8657,"QB","CLV",1,3,0,0,8,0,0,66.7,0,100,0,0,0,0,2,0,3,3,0,0,1,0,0,0,33.3,0,0,0,8,2015
"Ryan Fitzpatrick",2467,"QB","NYJ",1,2,0,0,22,0,0,50,0,100,0,0,0,0,1,0,2,2,0,0,2,0,0,0,100,0,0,0,8,2015
"Chase Daniel",5214,"QB","KC",1,1,0,0,16,0,0,0,0,0,100,0,0,0,0,0,1,0,1,0,0,0,0,0,0,0,0,0,8,2015
"Blake Bortles",8638,"QB","JAX",1,25,4,0,15,0,0,16,24,76,8,0,3,1,4,6,25,19,2,4,7,3,3,16,28,3,12,12,9,2015
"Kirk Cousins",7102,"QB","WAS",1,20,20,0,32,0,1,25,15,95,0,0,1,4,5,3,20,19,0,7,3,1,0,35,15,0,5,0,9,2015
"Aaron Rodgers",2241,"QB","GB",1,19,21.1,0,12,1,0,5.3,21.1,73.7,21.1,0,2,4,1,4,19,14,4,0,5,2,0,0,26.3,1,10.5,0,9,2015
"Johnny Manziel",8657,"QB","CLV",1,18,27.8,0,8,1,0,33.3,38.9,88.9,0,0,2,5,6,7,18,16,0,1,1,2,0,5.6,5.6,1,11.1,0,9,2015
"Matt Ryan",4317,"QB","ATL",1,16,18.8,0,2,0,0,18.8,25,93.8,6.3,0,0,3,3,4,16,15,1,4,2,0,0,25,12.5,0,0,0,9,2015
"Matt Cassel",2447,"QB","DAL",1,15,6.7,0,9,0,0,40,26.7,100,0,0,0,1,6,4,15,15,0,5,2,0,0,33.3,13.3,0,0,0,9,2015
"Andrew Luck",7007,"QB","IND",1,14,14.3,0,14,0,0,50,14.3,92.9,7.1,0,0,2,7,2,14,13,1,3,2,0,0,21.4,14.3,0,0,0,9,2015
"Philip Rivers",1725,"QB","SD",1,14,21.4,0,27,0,0,7.1,35.7,100,0,0,0,3,1,5,14,14,0,6,6,0,0,42.9,42.9,0,0,0,9,2015
"Ben Roethlisberger",1732,"QB","PIT",1,14,14.3,0,25,0,0,28.6,42.9,92.9,7.1,0,0,2,4,6,14,13,1,0,2,0,1,0,14.3,0,0,7.1,9,2015
"Sam Bradford",5526,"QB","PHI",1,14,7.1,0,24,0,1,28.6,14.3,85.7,7.1,0,1,1,4,2,14,12,1,5,4,1,0,35.7,28.6,0,7.1,0,9,2015
"Nick Foles",7089,"QB","SL",1,13,23.1,0,26,0,0,30.8,7.7,92.3,7.7,0,0,3,4,1,13,12,1,2,4,0,1,15.4,30.8,0,0,7.7,9,2015
"Jameis Winston",9434,"QB","TB",1,13,23.1,0,30,0,0,23.1,46.2,100,0,0,0,3,3,6,13,13,0,2,2,0,0,15.4,15.4,0,0,0,9,2015
"Peyton Manning",327,"QB","DEN",1,13,30.8,0,10,0,0,15.4,7.7,92.3,7.7,0,0,4,2,1,13,12,1,3,3,0,0,23.1,23.1,0,0,0,9,2015
"Drew Brees",802,"QB","NO",1,13,7.7,0,20,0,0,46.2,15.4,76.9,15.4,0,0,1,6,2,13,10,2,1,2,0,1,7.7,15.4,0,0,7.7,9,2015
"Blaine Gabbert",6162,"QB","SF",1,11,9.1,0,28,0,0,9.1,18.2,100,0,0,0,1,1,2,11,11,0,2,5,0,0,18.2,45.5,0,0,0,9,2015
"Eli Manning",1722,"QB","NYG",1,10,0,0,21,0,0,10,50,90,10,0,0,0,1,5,10,9,1,2,2,0,0,20,20,0,0,0,9,2015
"Jay Cutler",2956,"QB","CHI",1,10,0,0,6,0,0,30,10,80,20,0,0,0,3,1,10,8,2,4,2,0,0,40,20,0,0,0,9,2015
"Teddy Bridgewater",8667,"QB","MIN",1,9,11.1,0,18,0,0,44.4,11.1,100,0,0,0,1,4,1,9,9,0,1,2,0,0,11.1,22.2,0,0,0,9,2015
"Derek Carr",8671,"QB","OAK",1,8,37.5,0,23,0,0,25,0,100,0,0,0,3,2,0,8,8,0,2,1,0,0,25,12.5,0,0,0,9,2015
"Cam Newton",6153,"QB","CAR",1,7,0,0,5,0,0,28.6,14.3,100,0,0,0,0,2,1,7,7,0,2,2,0,1,28.6,28.6,0,0,14.3,9,2015
"Ryan Tannehill",7014,"QB","MIA",1,7,0,0,17,0,1,14.3,28.6,85.7,0,0,1,0,1,2,7,6,0,0,4,1,0,0,57.1,0,14.3,0,9,2015
"Ryan Fitzpatrick",2467,"QB","NYJ",1,7,0,0,22,0,0,14.3,42.9,85.7,0,0,1,0,1,3,7,6,0,1,1,1,0,14.3,14.3,1,14.3,0,9,2015
"Tom Brady",698,"QB","NE",1,7,28.6,0,19,0,0,0,28.6,100,0,0,0,2,0,2,7,7,0,1,1,0,1,14.3,14.3,0,0,14.3,9,2015
"Andy Dalton",6187,"QB","CIN",1,6,0,0,7,0,0,33.3,0,83.3,16.7,0,0,0,2,0,6,5,1,3,1,0,0,50,16.7,0,0,0,9,2015
"Marcus Mariota",9435,"QB","TEN",1,6,33.3,0,31,0,0,50,0,100,0,0,0,2,3,0,6,6,0,0,3,0,0,0,50,0,0,0,9,2015
"Landry Jones",7897,"QB","PIT",1,3,33.3,0,25,0,0,0,0,100,0,0,0,1,0,0,3,3,0,1,2,0,0,33.3,66.7,0,0,0,9,2015
"Shaun Hill",1255,"QB","MIN",1,3,0,0,18,1,0,66.7,0,66.7,-33.3,0,1,0,2,0,3,2,-1,0,0,1,1,0,0,0,33.3,33.3,9,2015
"Tyrod Taylor",6332,"QB","BUF",1,2,0,0,4,0,0,0,0,100,0,0,0,0,0,0,2,2,0,2,0,0,0,100,0,0,0,0,9,2015
"Carson Palmer",1317,"QB","ARZ",1,27,11.1,0,1,0,0,22.2,14.8,88.9,11.1,0,0,3,6,4,27,24,3,5,11,0,1,18.5,40.7,0,0,3.7,10,2015
"Andy Dalton",6187,"QB","CIN",1,16,6.3,0,7,0,0,18.8,25,93.8,6.3,0,0,1,3,4,16,15,1,2,6,0,0,12.5,37.5,0,0,0,10,2015
"Tom Brady",698,"QB","NE",1,16,12.5,0,19,0,0,25,37.5,100,0,0,0,2,4,6,16,16,0,3,4,0,0,18.8,25,0,0,0,10,2015
"Russell Wilson",7077,"QB","SEA",1,15,13.3,0,29,0,0,26.7,13.3,93.3,0,0,2,2,4,2,15,14,0,6,2,2,0,40,13.3,2,13.3,0,10,2015
"Ryan Tannehill",7014,"QB","MIA",1,15,20,0,17,0,1,53.3,20,93.3,-6.7,0,1,3,8,3,15,14,-1,1,3,1,1,6.7,20,0,6.7,6.7,10,2015
"Teddy Bridgewater",8667,"QB","MIN",1,14,0,0,18,0,2,7.1,21.4,78.6,0,0,4,0,1,3,14,11,0,3,5,4,0,21.4,35.7,2,28.6,0,10,2015
"Eli Manning",1722,"QB","NYG",1,14,14.3,0,21,0,0,7.1,50,92.9,0,0,1,2,1,7,14,13,0,1,3,1,0,7.1,21.4,1,7.1,0,10,2015
"Brock Osweiler",7059,"QB","DEN",1,13,15.4,0,10,0,0,0,30.8,76.9,7.7,0,1,2,0,4,13,10,1,1,4,1,2,7.7,30.8,1,7.7,15.4,10,2015
"Blake Bortles",8638,"QB","JAX",1,13,0,0,15,1,0,7.7,30.8,76.9,7.7,0,2,0,1,4,13,10,1,1,4,2,1,7.7,30.8,1,15.4,7.7,10,2015
"Johnny Manziel",8657,"QB","CLV",1,13,15.4,0,8,0,1,23.1,0,53.8,23.1,0,3,2,3,0,13,7,3,1,1,3,0,7.7,7.7,2,23.1,0,10,2015
"Matthew Stafford",4924,"QB","DET",1,13,30.8,0,11,0,1,30.8,0,92.3,-7.7,0,1,4,4,0,13,12,-1,4,3,1,1,30.8,23.1,0,7.7,7.7,10,2015
"Tyrod Taylor",6332,"QB","BUF",1,12,8.3,0,4,1,0,25,8.3,83.3,0,0,2,1,3,1,12,10,0,3,1,2,2,25,8.3,1,16.7,16.7,10,2015
"Alex Smith",2218,"QB","KC",1,12,0,0,16,0,0,0,25,91.7,0,0,1,0,0,3,12,11,0,4,3,1,1,33.3,25,1,8.3,8.3,10,2015
"Jameis Winston",9434,"QB","TB",1,12,8.3,0,30,0,0,33.3,25,91.7,8.3,0,0,1,4,3,12,11,1,0,5,0,1,0,41.7,0,0,8.3,10,2015
"Ryan Fitzpatrick",2467,"QB","NYJ",1,12,8.3,0,22,0,0,33.3,16.7,83.3,0,0,1,1,4,2,12,10,0,1,3,1,1,8.3,25,1,8.3,8.3,10,2015
"Nick Foles",7089,"QB","SL",1,11,0,0,26,0,0,0,45.5,90.9,9.1,0,0,0,0,5,11,10,1,5,4,0,1,45.5,36.4,0,0,9.1,10,2015
"Sam Bradford",5526,"QB","PHI",1,10,0,0,24,1,0,10,0,80,0,0,2,0,1,0,10,8,0,4,3,2,0,40,30,1,20,0,10,2015
"Derek Carr",8671,"QB","OAK",1,10,0,0,23,0,0,20,40,90,10,0,0,0,2,4,10,9,1,1,1,0,2,10,10,0,0,20,10,2015
"Aaron Rodgers",2241,"QB","GB",1,9,11.1,0,12,2,0,11.1,11.1,88.9,0,0,2,1,1,1,9,8,0,2,3,2,0,22.2,33.3,0,22.2,0,10,2015
"Ben Roethlisberger",1732,"QB","PIT",1,9,44.4,0,25,0,0,44.4,22.2,100,0,0,0,4,4,2,9,9,0,0,1,0,0,0,11.1,0,0,0,10,2015
"Peyton Manning",327,"QB","DEN",1,8,12.5,0,10,0,0,12.5,37.5,87.5,12.5,0,0,1,1,3,8,7,1,0,3,0,0,0,37.5,0,0,0,10,2015
"Drew Brees",802,"QB","NO",1,8,25,0,20,0,0,25,12.5,100,0,0,0,2,2,1,8,8,0,2,0,0,2,25,0,0,0,25,10,2015
"Brian Hoyer",5277,"QB","HST",1,8,25,0,13,0,0,50,0,87.5,12.5,0,0,2,4,0,8,7,1,4,0,0,0,50,0,0,0,0,10,2015
"Cam Newton",6153,"QB","CAR",1,8,12.5,0,5,0,0,12.5,0,75,25,0,0,1,1,0,8,6,2,2,4,0,0,25,50,0,0,0,10,2015
"Jay Cutler",2956,"QB","CHI",1,7,28.6,0,6,0,0,42.9,14.3,100,0,0,0,2,3,1,7,7,0,3,0,0,0,42.9,0,0,0,0,10,2015
"Marcus Mariota",9435,"QB","TEN",1,7,14.3,0,31,0,0,14.3,14.3,85.7,0,0,1,1,1,1,7,6,0,0,3,1,0,0,42.9,1,14.3,0,10,2015
"Matt Cassel",2447,"QB","DAL",1,7,0,0,9,0,0,28.6,0,85.7,14.3,0,2,0,2,0,7,6,1,2,2,2,0,28.6,28.6,2,28.6,0,10,2015
"Mark Sanchez",4928,"QB","PHI",1,7,0,0,24,0,1,14.3,57.1,85.7,-14.3,0,1,0,1,4,7,6,-1,1,1,1,1,14.3,14.3,0,14.3,14.3,10,2015
"Kirk Cousins",7102,"QB","WAS",1,6,33.3,0,32,0,0,33.3,0,83.3,0,0,2,2,2,0,6,5,0,0,1,2,0,0,16.7,2,33.3,0,10,2015
"Joe Flacco",4332,"QB","BLT",1,5,40,0,3,0,0,0,40,80,20,0,0,2,0,2,5,4,1,0,0,0,0,0,0,0,0,0,10,2015
"T.J. Yates",6304,"QB","HST",1,3,0,0,13,1,0,0,0,66.7,0,0,1,0,0,0,3,2,0,2,0,1,0,66.7,0,0,33.3,0,10,2015
"Landry Jones",7897,"QB","PIT",1,3,33.3,0,25,0,0,0,0,100,0,0,0,1,0,0,3,3,0,1,2,0,0,33.3,66.7,0,0,0,10,2015
"Teddy Bridgewater",8667,"QB","MIN",1,20,5,0,18,1,0,25,25,90,-5,0,2,1,5,5,20,18,-1,6,6,2,1,30,30,1,10,5,11,2015
"Andy Dalton",6187,"QB","CIN",1,19,26.3,0,7,0,0,15.8,5.3,78.9,21.1,0,0,5,3,1,19,15,4,2,6,0,0,10.5,31.6,0,0,0,11,2015
"Tom Brady",698,"QB","NE",1,18,11.1,0,19,1,1,27.8,38.9,94.4,5.6,0,2,2,5,7,18,17,1,1,4,2,0,5.6,22.2,0,11.1,0,11,2015
"Tyrod Taylor",6332,"QB","BUF",1,17,11.8,0,4,0,4,11.8,11.8,70.6,5.9,0,4,2,2,2,17,12,1,2,4,4,1,11.8,23.5,0,23.5,5.9,11,2015
"Mark Sanchez",4928,"QB","PHI",1,16,0,0,24,0,0,37.5,12.5,87.5,0,0,2,0,6,2,16,14,0,4,2,2,0,25,12.5,2,12.5,0,11,2015
"Jay Cutler",2956,"QB","CHI",1,16,18.8,0,6,0,0,6.3,12.5,100,0,0,0,3,1,2,16,16,0,2,7,0,1,12.5,43.8,0,0,6.3,11,2015
"Ryan Fitzpatrick",2467,"QB","NYJ",1,14,14.3,0,22,0,2,21.4,28.6,78.6,7.1,0,2,2,3,4,14,11,1,2,8,2,0,14.3,57.1,0,14.3,0,11,2015
"Russell Wilson",7077,"QB","SEA",1,13,30.8,0,29,0,1,7.7,15.4,92.3,0,0,1,4,1,2,13,12,0,2,5,1,0,15.4,38.5,0,7.7,0,11,2015
"Marcus Mariota",9435,"QB","TEN",1,13,7.7,0,31,0,0,38.5,0,84.6,7.7,0,1,1,5,0,13,11,1,4,2,1,0,30.8,15.4,1,7.7,0,11,2015
"Tony Romo",1693,"QB","DAL",1,12,8.3,0,9,1,0,16.7,41.7,75,16.7,0,1,1,2,5,12,9,2,1,2,1,0,8.3,16.7,0,8.3,0,11,2015
"Matthew Stafford",4924,"QB","DET",1,12,8.3,0,11,1,0,8.3,50,100,0,0,2,1,1,6,12,12,0,3,2,2,0,25,16.7,1,16.7,0,11,2015
"Cam Newton",6153,"QB","CAR",1,11,36.4,0,5,0,0,18.2,9.1,90.9,9.1,0,1,4,2,1,11,10,1,0,4,1,0,0,36.4,1,9.1,0,11,2015
"Carson Palmer",1317,"QB","ARZ",1,11,9.1,0,1,0,0,18.2,18.2,90.9,9.1,0,0,1,2,2,11,10,1,2,4,0,0,18.2,36.4,0,0,0,11,2015
"Matt Ryan",4317,"QB","ATL",1,11,0,0,2,1,0,36.4,18.2,72.7,18.2,0,1,0,4,2,11,8,2,2,1,1,0,18.2,9.1,0,9.1,0,11,2015
"Joe Flacco",4332,"QB","BLT",1,11,0,0,3,0,0,54.5,18.2,100,0,0,0,0,6,2,11,11,0,0,5,0,1,0,45.5,0,0,9.1,11,2015
"Blake Bortles",8638,"QB","JAX",1,11,9.1,0,15,0,0,45.5,9.1,90.9,9.1,0,2,1,5,1,11,10,1,2,2,2,0,18.2,18.2,2,18.2,0,11,2015
"Matt Hasselbeck",408,"QB","IND",1,10,10,0,14,2,0,20,20,60,20,0,3,1,2,2,10,6,2,0,1,3,1,0,10,1,30,10,11,2015
"T.J. Yates",6304,"QB","HST",1,10,20,0,13,1,0,20,20,70,20,0,1,2,2,2,10,7,2,2,0,1,0,20,0,0,10,0,11,2015
"Alex Smith",2218,"QB","KC",1,10,0,0,16,0,0,10,20,80,10,0,1,0,1,2,10,8,1,0,5,1,0,0,50,1,10,0,11,2015
"Philip Rivers",1725,"QB","SD",1,10,10,0,27,0,0,20,30,100,0,0,0,1,2,3,10,10,0,2,5,0,0,20,50,0,0,0,11,2015
"Jameis Winston",9434,"QB","TB",1,10,20,0,30,0,0,10,30,90,10,0,0,2,1,3,10,9,1,2,4,0,1,20,40,0,0,10,11,2015
"Blaine Gabbert",6162,"QB","SF",1,10,0,0,28,0,1,10,30,80,10,0,1,0,1,3,10,8,1,0,4,1,0,0,40,0,10,0,11,2015
"Ryan Tannehill",7014,"QB","MIA",1,9,0,0,17,0,0,66.7,11.1,88.9,11.1,0,0,0,6,1,9,8,1,1,1,0,0,11.1,11.1,0,0,0,11,2015
"Case Keenum",7323,"QB","SL",1,9,0,0,26,0,0,22.2,44.4,77.8,22.2,0,0,0,2,4,9,7,2,0,2,0,0,0,22.2,0,0,0,11,2015
"Brock Osweiler",7059,"QB","DEN",1,9,11.1,0,10,0,0,11.1,22.2,77.8,11.1,0,1,1,1,2,9,7,1,0,3,1,1,0,33.3,1,11.1,11.1,11,2015
"Kirk Cousins",7102,"QB","WAS",1,9,22.2,0,32,0,0,44.4,22.2,100,0,0,0,2,4,2,9,9,0,0,2,0,0,0,22.2,0,0,0,11,2015
"Aaron Rodgers",2241,"QB","GB",1,8,12.5,0,12,0,0,12.5,12.5,87.5,12.5,0,0,1,1,1,8,7,1,2,3,0,0,25,37.5,0,0,0,11,2015
"Derek Carr",8671,"QB","OAK",1,8,25,0,23,0,0,37.5,12.5,87.5,12.5,0,0,2,3,1,8,7,1,0,1,0,1,0,12.5,0,0,12.5,11,2015
"Shaun Hill",1255,"QB","MIN",1,1,0,0,18,0,0,0,0,100,0,0,0,0,0,0,1,1,0,1,0,0,0,100,0,0,0,0,11,2015
"Eli Manning",1722,"QB","NYG",1,18,16.7,0,21,1,0,27.8,16.7,94.4,0,0,1,3,5,3,18,17,0,4,8,1,0,22.2,44.4,0,5.6,0,12,2015
"Ryan Tannehill",7014,"QB","MIA",1,17,17.6,0,17,0,0,11.8,23.5,100,0,0,0,3,2,4,17,17,0,4,2,0,3,23.5,11.8,0,0,17.6,12,2015
"Matt Hasselbeck",408,"QB","IND",1,17,17.6,0,14,0,0,23.5,17.6,82.4,5.9,0,2,3,4,3,17,14,1,3,2,2,1,17.6,11.8,2,11.8,5.9,12,2015
"Josh McCown",1085,"QB","CLV",1,16,6.3,0,8,0,2,25,6.3,87.5,-6.3,0,2,1,4,1,16,14,-1,3,6,2,1,18.8,37.5,0,12.5,6.3,12,2015
"Jameis Winston",9434,"QB","TB",1,16,18.8,0,30,0,0,0,43.8,87.5,12.5,0,1,3,0,7,16,14,2,4,1,1,1,25,6.3,1,6.3,6.3,12,2015
"Tom Brady",698,"QB","NE",1,16,12.5,0,19,0,0,37.5,18.8,100,0,0,0,2,6,3,16,16,0,2,2,0,1,12.5,12.5,0,0,6.3,12,2015
"Nick Foles",7089,"QB","SL",1,16,6.3,0,26,1,0,25,31.3,87.5,6.3,0,1,1,4,5,16,14,1,3,2,1,0,18.8,12.5,0,6.3,0,12,2015
"Brock Osweiler",7059,"QB","DEN",1,16,31.3,0,10,0,0,25,31.3,93.8,6.3,0,1,5,4,5,16,15,1,0,5,1,0,0,31.3,1,6.3,0,12,2015
"Drew Brees",802,"QB","NO",1,16,6.3,0,20,0,1,37.5,12.5,93.8,0,0,1,1,6,2,16,15,0,2,6,1,1,12.5,37.5,0,6.3,6.3,12,2015
"Aaron Rodgers",2241,"QB","GB",1,14,0,0,12,2,1,7.1,35.7,71.4,0,0,4,0,1,5,14,10,0,1,6,4,0,7.1,42.9,1,28.6,0,12,2015
"Marcus Mariota",9435,"QB","TEN",1,14,28.6,0,31,0,1,42.9,7.1,92.9,0,0,1,4,6,1,14,13,0,1,6,1,0,7.1,42.9,0,7.1,0,12,2015
"Ben Roethlisberger",1732,"QB","PIT",1,13,15.4,0,25,0,0,30.8,38.5,100,0,0,0,2,4,5,13,13,0,3,0,0,1,23.1,0,0,0,7.7,12,2015
"Teddy Bridgewater",8667,"QB","MIN",1,13,7.7,0,18,0,0,38.5,23.1,100,0,0,0,1,5,3,13,13,0,2,6,0,0,15.4,46.2,0,0,0,12,2015
"Carson Palmer",1317,"QB","ARZ",1,13,15.4,0,1,1,0,7.7,7.7,84.6,7.7,0,1,2,1,1,13,11,1,4,2,1,2,30.8,15.4,0,7.7,15.4,12,2015
"Ryan Fitzpatrick",2467,"QB","NYJ",1,12,25,0,22,0,0,8.3,66.7,100,0,0,0,3,1,8,12,12,0,3,2,0,0,25,16.7,0,0,0,12,2015
"Matt Schaub",1811,"QB","BLT",1,11,27.3,0,3,0,0,18.2,9.1,90.9,9.1,0,0,3,2,1,11,10,1,0,6,0,1,0,54.5,0,0,9.1,12,2015
"Mark Sanchez",4928,"QB","PHI",1,10,0,0,24,0,0,10,30,100,0,0,0,0,1,3,10,10,0,3,6,0,1,30,60,0,0,10,12,2015
"Tyrod Taylor",6332,"QB","BUF",1,10,0,0,4,0,2,10,40,80,-10,0,2,0,1,4,10,8,-1,0,4,2,1,0,40,0,20,10,12,2015
"Philip Rivers",1725,"QB","SD",1,10,30,0,27,0,0,60,10,90,10,0,0,3,6,1,10,9,1,1,0,0,0,10,0,0,0,0,12,2015
"Brian Hoyer",5277,"QB","HST",1,9,11.1,0,13,0,0,44.4,11.1,88.9,11.1,0,0,1,4,1,9,8,1,1,1,0,0,11.1,11.1,0,0,0,12,2015
"Jay Cutler",2956,"QB","CHI",1,9,33.3,0,6,0,0,0,33.3,77.8,11.1,0,1,3,0,3,9,7,1,0,1,1,0,0,11.1,1,11.1,0,12,2015
"Derek Carr",8671,"QB","OAK",1,9,11.1,0,23,0,1,22.2,22.2,77.8,0,0,2,1,2,2,9,7,0,0,3,2,0,0,33.3,1,22.2,0,12,2015
"Blake Bortles",8638,"QB","JAX",1,7,0,0,15,0,1,0,42.9,85.7,0,0,1,0,0,3,7,6,0,0,3,1,0,0,42.9,0,14.3,0,12,2015
"Matthew Stafford",4924,"QB","DET",1,7,14.3,0,11,0,0,0,42.9,100,0,0,0,1,0,3,7,7,0,1,2,0,0,14.3,28.6,0,0,0,12,2015
"Matt Ryan",4317,"QB","ATL",1,7,14.3,0,2,0,0,57.1,14.3,100,-14.3,0,0,1,4,1,7,7,-1,1,1,0,1,14.3,14.3,0,0,14.3,12,2015
"Russell Wilson",7077,"QB","SEA",1,6,16.7,0,29,0,0,16.7,50,100,0,0,1,1,1,3,6,6,0,1,1,1,0,16.7,16.7,1,16.7,0,12,2015
"Alex Smith",2218,"QB","KC",1,6,33.3,0,16,0,0,33.3,16.7,83.3,16.7,0,0,2,2,1,6,5,1,0,0,0,0,0,0,0,0,0,12,2015
"Kirk Cousins",7102,"QB","WAS",1,6,0,0,32,1,0,0,16.7,50,33.3,0,1,0,0,1,6,3,2,0,0,1,2,0,0,0,16.7,33.3,12,2015
"Blaine Gabbert",6162,"QB","SF",1,6,16.7,0,28,0,0,0,50,100,0,0,0,1,0,3,6,6,0,3,2,0,0,50,33.3,0,0,0,12,2015
"Cam Newton",6153,"QB","CAR",1,6,16.7,0,5,0,0,33.3,33.3,100,0,0,0,1,2,2,6,6,0,0,2,0,0,0,33.3,0,0,0,12,2015
"Tony Romo",1693,"QB","DAL",1,6,0,0,9,0,1,50,0,50,33.3,0,1,0,3,0,6,3,2,0,0,1,0,0,0,0,16.7,0,12,2015
"Andy Dalton",6187,"QB","CIN",1,5,60,0,7,0,0,20,20,100,0,0,0,3,1,1,5,5,0,1,2,0,0,20,40,0,0,0,12,2015
"Sean Mannion",9522,"QB","SL",1,2,0,0,26,0,0,0,50,100,0,0,0,0,0,1,2,2,0,0,1,0,0,0,50,0,0,0,12,2015
"Matt Cassel",2447,"QB","DAL",1,2,0,0,9,0,0,50,0,100,0,0,0,0,1,0,2,2,0,1,1,0,0,50,50,0,0,0,12,2015
"Austin Davis",7305,"QB","CLV",1,2,0,0,8,0,0,50,0,100,0,0,0,0,1,0,2,2,0,1,0,0,0,50,0,0,0,0,12,2015
"Matt McGloin",8374,"QB","OAK",1,1,0,0,23,0,0,100,0,100,0,0,0,0,1,0,1,1,0,0,0,0,0,0,0,0,0,0,12,2015
"Tom Brady",698,"QB","NE",1,27,11.1,0,19,0,2,18.5,25.9,88.9,0,0,3,3,5,7,27,24,0,6,6,3,0,22.2,22.2,1,11.1,0,13,2015
"Austin Davis",7305,"QB","CLV",1,25,12,0,8,1,3,36,0,88,4,0,4,3,9,0,25,22,1,6,4,4,1,24,16,0,16,4,13,2015
"Matt Schaub",1811,"QB","BLT",1,19,21.1,0,3,1,0,5.3,42.1,94.7,-10.5,0,1,4,1,8,19,18,-2,2,6,1,3,10.5,31.6,0,5.3,15.8,13,2015
"Ryan Fitzpatrick",2467,"QB","NYJ",1,18,16.7,0,22,0,0,16.7,27.8,100,0,0,0,3,3,5,18,18,0,3,8,0,0,16.7,44.4,0,0,0,13,2015
"Philip Rivers",1725,"QB","SD",1,18,11.1,0,27,0,0,50,22.2,100,0,0,0,2,9,4,18,18,0,5,6,0,0,27.8,33.3,0,0,0,13,2015
"Matt Ryan",4317,"QB","ATL",1,18,16.7,0,2,0,0,11.1,16.7,77.8,16.7,0,1,3,2,3,18,14,3,6,4,1,0,33.3,22.2,1,5.6,0,13,2015
"Derek Carr",8671,"QB","OAK",1,16,0,0,23,1,0,6.3,31.3,87.5,6.3,0,1,0,1,5,16,14,1,3,4,1,1,18.8,25,0,6.3,6.3,13,2015
"Eli Manning",1722,"QB","NYG",1,16,12.5,0,21,0,2,18.8,25,75,6.3,0,3,2,3,4,16,12,1,1,4,3,0,6.3,25,1,18.8,0,13,2015
"Drew Brees",802,"QB","NO",1,15,0,0,20,0,0,40,13.3,80,20,0,0,0,6,2,15,12,3,1,6,0,1,6.7,40,0,0,6.7,13,2015
"Aaron Rodgers",2241,"QB","GB",1,15,0,0,12,1,0,6.7,13.3,93.3,0,0,1,0,1,2,15,14,0,4,10,1,0,26.7,66.7,0,6.7,0,13,2015
"Blaine Gabbert",6162,"QB","SF",1,15,33.3,0,28,0,0,6.7,53.3,93.3,6.7,0,0,5,1,8,15,14,1,2,2,0,0,13.3,13.3,0,0,0,13,2015
"Carson Palmer",1317,"QB","ARZ",1,14,14.3,0,1,0,0,0,7.1,78.6,21.4,0,0,2,0,1,14,11,3,5,4,0,0,35.7,28.6,0,0,0,13,2015
"Cam Newton",6153,"QB","CAR",1,13,15.4,0,5,0,0,15.4,23.1,92.3,0,0,1,2,2,3,13,12,0,3,3,1,0,23.1,23.1,1,7.7,0,13,2015
"Jameis Winston",9434,"QB","TB",1,13,15.4,0,30,0,0,15.4,23.1,92.3,0,0,1,2,2,3,13,12,0,2,3,1,1,15.4,23.1,1,7.7,7.7,13,2015
"Teddy Bridgewater",8667,"QB","MIN",1,12,25,0,18,0,1,33.3,33.3,91.7,-8.3,0,1,3,4,4,12,11,-1,1,2,1,1,8.3,16.7,0,8.3,8.3,13,2015
"Matthew Stafford",4924,"QB","DET",1,12,0,0,11,0,2,16.7,41.7,66.7,16.7,0,2,0,2,5,12,8,2,1,1,2,0,8.3,8.3,0,16.7,0,13,2015
"Nick Foles",7089,"QB","SL",1,12,8.3,0,26,1,0,8.3,33.3,91.7,0,0,1,1,1,4,12,11,0,1,4,1,1,8.3,33.3,0,8.3,8.3,13,2015
"Kirk Cousins",7102,"QB","WAS",1,12,25,0,32,0,0,33.3,16.7,83.3,16.7,0,0,3,4,2,12,10,2,1,0,0,0,8.3,0,0,0,0,13,2015
"Jay Cutler",2956,"QB","CHI",1,9,22.2,0,6,0,0,11.1,11.1,77.8,22.2,0,0,2,1,1,9,7,2,1,2,0,0,11.1,22.2,0,0,0,13,2015
"Brian Hoyer",5277,"QB","HST",1,9,22.2,0,13,0,0,22.2,22.2,77.8,22.2,0,0,2,2,2,9,7,2,0,2,0,0,0,22.2,0,0,0,13,2015
"Russell Wilson",7077,"QB","SEA",1,8,0,0,29,0,1,37.5,0,87.5,0,0,1,0,3,0,8,7,0,1,3,1,1,12.5,37.5,0,12.5,12.5,13,2015
"Ben Roethlisberger",1732,"QB","PIT",1,8,12.5,0,25,0,0,12.5,37.5,100,0,0,0,1,1,3,8,8,0,2,2,0,1,25,25,0,0,12.5,13,2015
"Alex Smith",2218,"QB","KC",1,8,0,0,16,0,0,37.5,50,100,0,0,0,0,3,4,8,8,0,1,3,0,0,12.5,37.5,0,0,0,13,2015
"Brock Osweiler",7059,"QB","DEN",1,8,0,0,10,0,0,25,12.5,100,0,0,0,0,2,1,8,8,0,2,4,0,0,25,50,0,0,0,13,2015
"Matt Hasselbeck",408,"QB","IND",1,7,14.3,0,14,0,0,14.3,28.6,100,0,0,0,1,1,2,7,7,0,3,1,0,0,42.9,14.3,0,0,0,13,2015
"Blake Bortles",8638,"QB","JAX",1,7,0,0,15,0,0,28.6,14.3,57.1,28.6,0,1,0,2,1,7,4,2,1,0,1,0,14.3,0,1,14.3,0,13,2015
"Tyrod Taylor",6332,"QB","BUF",1,6,16.7,0,4,0,0,0,0,100,0,0,0,1,0,0,6,6,0,3,1,0,1,50,16.7,0,0,16.7,13,2015
"Sam Bradford",5526,"QB","PHI",1,6,33.3,0,24,0,0,0,33.3,83.3,0,0,1,2,0,2,6,5,0,1,0,1,0,16.7,0,1,16.7,0,13,2015
"Marcus Mariota",9435,"QB","TEN",1,6,0,0,31,0,0,33.3,16.7,100,0,0,0,0,2,1,6,6,0,1,3,0,0,16.7,50,0,0,0,13,2015
"Ryan Tannehill",7014,"QB","MIA",1,6,0,0,17,0,0,16.7,0,100,0,0,0,0,1,0,6,6,0,3,2,0,1,50,33.3,0,0,16.7,13,2015
"Charlie Whitehurst",3026,"QB","IND",1,5,20,0,14,0,0,20,60,100,0,0,0,1,1,3,5,5,0,0,1,0,0,0,20,0,0,0,13,2015
"Andy Dalton",6187,"QB","CIN",1,5,40,0,7,0,0,40,0,100,0,0,0,2,2,0,5,5,0,0,1,0,1,0,20,0,0,20,13,2015
"Matt Cassel",2447,"QB","DAL",1,5,0,0,9,0,0,60,20,100,-20,0,0,0,3,1,5,5,-1,0,2,0,1,0,40,0,0,20,13,2015
"Tarvaris Jackson",3009,"QB","SEA",1,1,0,0,29,0,0,100,100,100,0,0,0,0,1,1,1,1,0,0,0,0,0,0,0,0,0,0,13,2015
"A.J. McCarron",8799,"QB","CIN",1,1,0,0,7,0,0,0,0,100,0,0,0,0,0,0,1,1,0,0,0,0,1,0,0,0,0,100,13,2015
"Philip Rivers",1725,"QB","SD",1,22,22.7,0,27,0,0,9.1,27.3,100,0,0,0,5,2,6,22,22,0,9,4,0,0,40.9,18.2,0,0,0,14,2015
"Marcus Mariota",9435,"QB","TEN",1,17,41.2,0,31,1,0,23.5,17.6,82.4,0,0,3,7,4,3,17,14,0,1,2,3,1,5.9,11.8,2,17.6,5.9,14,2015
"Teddy Bridgewater",8667,"QB","MIN",1,17,0,0,18,0,0,23.5,17.6,82.4,5.9,0,1,0,4,3,17,14,1,4,4,1,1,23.5,23.5,1,5.9,5.9,14,2015
"Brock Osweiler",7059,"QB","DEN",1,17,11.8,0,10,0,0,35.3,23.5,100,0,0,0,2,6,4,17,17,0,1,6,0,0,5.9,35.3,0,0,0,14,2015
"Matt Hasselbeck",408,"QB","IND",1,16,6.3,0,14,0,0,12.5,25,87.5,12.5,0,0,1,2,4,16,14,2,3,6,0,0,18.8,37.5,0,0,0,14,2015
"Tyrod Taylor",6332,"QB","BUF",1,16,6.3,0,4,0,0,31.3,12.5,100,0,0,0,1,5,2,16,16,0,6,3,0,0,37.5,18.8,0,0,0,14,2015
"Ryan Tannehill",7014,"QB","MIA",1,16,6.3,0,17,0,0,37.5,6.3,93.8,6.3,0,0,1,6,1,16,15,1,3,6,0,0,18.8,37.5,0,0,0,14,2015
"Jimmy Clausen",5573,"QB","BLT",1,15,46.7,0,3,0,1,26.7,6.7,93.3,0,0,1,7,4,1,15,14,0,0,3,1,0,0,20,0,6.7,0,14,2015
"Carson Palmer",1317,"QB","ARZ",1,15,6.7,0,1,0,0,20,40,100,-6.7,0,0,1,3,6,15,15,-1,5,2,0,2,33.3,13.3,0,0,13.3,14,2015
"Blaine Gabbert",6162,"QB","SF",1,14,14.3,0,28,0,0,42.9,0,85.7,7.1,0,2,2,6,0,14,12,1,0,5,2,2,0,35.7,2,14.3,14.3,14,2015
"Matt Ryan",4317,"QB","ATL",1,13,15.4,0,2,0,1,30.8,23.1,76.9,15.4,0,1,2,4,3,13,10,2,1,1,1,0,7.7,7.7,0,7.7,0,14,2015
"A.J. McCarron",8799,"QB","CIN",1,12,16.7,0,7,1,1,16.7,33.3,58.3,25,0,2,2,2,4,12,7,3,1,0,2,1,8.3,0,0,16.7,8.3,14,2015
"Ryan Fitzpatrick",2467,"QB","NYJ",1,12,8.3,0,22,0,3,25,16.7,75,0,0,3,1,3,2,12,9,0,2,3,3,0,16.7,25,0,25,0,14,2015
"Kirk Cousins",7102,"QB","WAS",1,12,8.3,0,32,1,0,8.3,16.7,75,0,0,2,1,1,2,12,9,0,2,4,2,1,16.7,33.3,1,16.7,8.3,14,2015
"Ben Roethlisberger",1732,"QB","PIT",1,12,41.7,0,25,0,0,16.7,33.3,91.7,0,0,1,5,2,4,12,11,0,2,1,1,0,16.7,8.3,1,8.3,0,14,2015
"Matthew Stafford",4924,"QB","DET",1,12,41.7,0,11,0,0,8.3,25,100,0,0,0,5,1,3,12,12,0,2,1,0,0,16.7,8.3,0,0,0,14,2015
"Jay Cutler",2956,"QB","CHI",1,11,9.1,0,6,0,0,0,36.4,90.9,0,0,1,1,0,4,11,10,0,1,2,1,2,9.1,18.2,1,9.1,18.2,14,2015
"Blake Bortles",8638,"QB","JAX",1,10,0,0,15,0,0,30,20,80,10,0,0,0,3,2,10,8,1,3,2,0,1,30,20,0,0,10,14,2015
"Johnny Manziel",8657,"QB","CLV",1,10,20,0,8,0,0,20,20,100,0,0,0,2,2,2,10,10,0,4,3,0,1,40,30,0,0,10,14,2015
"Sam Bradford",5526,"QB","PHI",1,10,10,0,24,0,0,10,30,100,0,0,1,1,1,3,10,10,0,6,0,1,0,60,0,1,10,0,14,2015
"Alex Smith",2218,"QB","KC",1,9,11.1,0,16,0,0,22.2,11.1,88.9,11.1,0,0,1,2,1,9,8,1,3,2,0,0,33.3,22.2,0,0,0,14,2015
"Aaron Rodgers",2241,"QB","GB",1,9,0,0,12,1,0,22.2,11.1,88.9,0,0,1,0,2,1,9,8,0,1,4,1,0,11.1,44.4,0,11.1,0,14,2015
"Brian Hoyer",5277,"QB","HST",1,9,33.3,0,13,0,0,11.1,11.1,100,0,0,0,3,1,1,9,9,0,2,3,0,0,22.2,33.3,0,0,0,14,2015
"Jameis Winston",9434,"QB","TB",1,9,22.2,0,30,0,0,11.1,22.2,88.9,11.1,0,0,2,1,2,9,8,1,3,2,0,0,33.3,22.2,0,0,0,14,2015
"Case Keenum",7323,"QB","SL",1,9,11.1,0,26,0,1,11.1,44.4,77.8,11.1,0,1,1,1,4,9,7,1,2,0,1,0,22.2,0,0,11.1,0,14,2015
"Drew Brees",802,"QB","NO",1,9,11.1,0,20,0,0,11.1,11.1,77.8,22.2,0,0,1,1,1,9,7,2,1,4,0,0,11.1,44.4,0,0,0,14,2015
"Derek Carr",8671,"QB","OAK",1,9,0,0,23,0,0,22.2,22.2,100,0,0,0,0,2,2,9,9,0,4,1,0,1,44.4,11.1,0,0,11.1,14,2015
"Tom Brady",698,"QB","NE",1,8,37.5,0,19,0,1,12.5,12.5,87.5,0,0,1,3,1,1,8,7,0,3,0,1,0,37.5,0,0,12.5,0,14,2015
"Matt Cassel",2447,"QB","DAL",1,7,14.3,0,9,0,0,14.3,14.3,71.4,28.6,0,0,1,1,1,7,5,2,0,3,0,0,0,42.9,0,0,0,14,2015
"Eli Manning",1722,"QB","NYG",1,7,0,0,21,0,0,0,57.1,100,0,0,0,0,0,4,7,7,0,1,2,0,0,14.3,28.6,0,0,0,14,2015
"Cam Newton",6153,"QB","CAR",1,6,16.7,0,5,0,0,50,16.7,100,0,0,1,1,3,1,6,6,0,0,3,1,0,0,50,1,16.7,0,14,2015
"Russell Wilson",7077,"QB","SEA",1,5,40,0,29,0,0,0,0,80,20,0,0,2,0,0,5,4,1,0,1,0,1,0,20,0,0,20,14,2015
"Charlie Whitehurst",3026,"QB","IND",1,3,33.3,0,14,0,0,66.7,66.7,100,0,0,0,1,2,2,3,3,0,1,3,0,0,33.3,100,0,0,0,14,2015
"T.J. Yates",6304,"QB","HST",1,2,0,0,13,0,0,50,0,100,0,0,0,0,1,0,2,2,0,0,1,0,0,0,50,0,0,0,14,2015
"Sean Renfree",8032,"QB","ATL",1,2,50,0,2,0,0,0,50,100,0,0,0,1,0,1,2,2,0,0,0,0,0,0,0,0,0,0,14,2015
"Derek Anderson",2430,"QB","CAR",1,1,0,0,5,0,0,0,0,0,100,0,0,0,0,0,1,0,1,0,0,0,0,0,0,0,0,0,14,2015
"Jameis Winston",9434,"QB","TB",1,19,15.8,0,30,0,0,15.8,31.6,84.2,15.8,0,0,3,3,6,19,16,3,4,4,0,0,21.1,21.1,0,0,0,15,2015
"Philip Rivers",1725,"QB","SD",1,18,16.7,0,27,0,0,11.1,38.9,88.9,11.1,0,0,3,2,7,18,16,2,4,5,0,0,22.2,27.8,0,0,0,15,2015
"Ryan Tannehill",7014,"QB","MIA",1,16,6.3,0,17,0,0,0,43.8,100,0,0,0,1,0,7,16,16,0,3,6,0,0,18.8,37.5,0,0,0,15,2015
"Johnny Manziel",8657,"QB","CLV",1,15,26.7,0,8,1,1,26.7,0,73.3,13.3,0,3,4,4,0,15,11,2,4,2,3,1,26.7,13.3,1,20,6.7,15,2015
"Ryan Fitzpatrick",2467,"QB","NYJ",1,15,13.3,0,22,0,0,26.7,40,100,0,0,0,2,4,6,15,15,0,2,2,0,1,13.3,13.3,0,0,6.7,15,2015
"Derek Carr",8671,"QB","OAK",1,15,6.7,0,23,0,0,26.7,33.3,93.3,6.7,0,0,1,4,5,15,14,1,3,4,0,0,20,26.7,0,0,0,15,2015
"Brock Osweiler",7059,"QB","DEN",1,14,7.1,0,10,0,0,28.6,28.6,100,0,0,0,1,4,4,14,14,0,7,3,0,0,50,21.4,0,0,0,15,2015
"Blaine Gabbert",6162,"QB","SF",1,14,14.3,0,28,0,1,28.6,7.1,71.4,21.4,0,1,2,4,1,14,10,3,3,1,1,0,21.4,7.1,0,7.1,0,15,2015
"Jay Cutler",2956,"QB","CHI",1,13,0,0,6,0,0,23.1,30.8,84.6,7.7,0,1,0,3,4,13,11,1,1,4,1,0,7.7,30.8,1,7.7,0,15,2015
"Eli Manning",1722,"QB","NYG",1,13,7.7,0,21,1,0,7.7,46.2,92.3,0,0,1,1,1,6,13,12,0,0,4,1,0,0,30.8,0,7.7,0,15,2015
"Jimmy Clausen",5573,"QB","BLT",1,13,7.7,0,3,2,0,23.1,23.1,92.3,-7.7,0,2,1,3,3,13,12,-1,2,6,2,1,15.4,46.2,0,15.4,7.7,15,2015
"Blake Bortles",8638,"QB","JAX",1,12,8.3,0,15,0,0,33.3,58.3,91.7,8.3,0,0,1,4,7,12,11,1,2,3,0,0,16.7,25,0,0,0,15,2015
"Tyrod Taylor",6332,"QB","BUF",1,12,0,0,4,0,0,0,33.3,91.7,8.3,0,0,0,0,4,12,11,1,5,4,0,0,41.7,33.3,0,0,0,15,2015
"Russell Wilson",7077,"QB","SEA",1,12,0,0,29,0,1,16.7,16.7,75,8.3,0,3,0,2,2,12,9,1,1,3,3,1,8.3,25,2,25,8.3,15,2015
"Tom Brady",698,"QB","NE",1,12,0,0,19,0,1,25,25,91.7,0,0,1,0,3,3,12,11,0,3,4,1,1,25,33.3,0,8.3,8.3,15,2015
"Ben Roethlisberger",1732,"QB","PIT",1,12,25,0,25,0,0,25,33.3,100,0,0,0,3,3,4,12,12,0,4,1,0,1,33.3,8.3,0,0,8.3,15,2015
"Zach Mettenberger",8813,"QB","TEN",1,11,18.2,0,31,0,2,9.1,18.2,90.9,9.1,0,2,2,1,2,11,10,1,4,5,2,1,36.4,45.5,0,18.2,9.1,15,2015
"Sam Bradford",5526,"QB","PHI",1,10,20,0,24,0,0,40,20,100,0,0,0,2,4,2,10,10,0,1,2,0,0,10,20,0,0,0,15,2015
"Matt Hasselbeck",408,"QB","IND",1,10,40,0,14,0,0,30,10,100,0,0,0,4,3,1,10,10,0,2,2,0,1,20,20,0,0,10,15,2015
"Matt Ryan",4317,"QB","ATL",1,10,10,0,2,0,0,10,30,70,20,0,1,1,1,3,10,7,2,2,0,1,0,20,0,1,10,0,15,2015
"Drew Brees",802,"QB","NO",1,10,0,0,20,0,1,30,40,100,0,0,1,0,3,4,10,10,0,1,1,1,2,10,10,0,10,20,15,2015
"Cam Newton",6153,"QB","CAR",1,9,22.2,0,5,0,0,11.1,44.4,100,0,0,0,2,1,4,9,9,0,0,3,0,1,0,33.3,0,0,11.1,15,2015
"Carson Palmer",1317,"QB","ARZ",1,9,11.1,0,1,1,0,0,44.4,88.9,0,0,1,1,0,4,9,8,0,3,3,1,0,33.3,33.3,0,11.1,0,15,2015
"A.J. McCarron",8799,"QB","CIN",1,8,12.5,0,7,0,0,25,12.5,87.5,0,0,1,1,2,1,8,7,0,0,4,1,0,0,50,1,12.5,0,15,2015
"Teddy Bridgewater",8667,"QB","MIN",1,7,14.3,0,18,0,0,14.3,14.3,100,0,0,0,1,1,1,7,7,0,0,4,0,0,0,57.1,0,0,0,15,2015
"Alex Smith",2218,"QB","KC",1,7,0,0,16,0,0,42.9,28.6,100,0,0,0,0,3,2,7,7,0,1,1,0,1,14.3,14.3,0,0,14.3,15,2015
"Aaron Rodgers",2241,"QB","GB",1,7,14.3,0,12,0,0,14.3,0,85.7,14.3,0,0,1,1,0,7,6,1,1,3,0,0,14.3,42.9,0,0,0,15,2015
"Kellen Moore",7466,"QB","DAL",1,6,16.7,0,9,0,1,50,33.3,66.7,0,0,2,1,3,2,6,4,0,0,0,2,0,0,0,1,33.3,0,15,2015
"Matthew Stafford",4924,"QB","DET",1,6,16.7,0,11,0,0,16.7,0,83.3,0,0,1,1,1,0,6,5,0,0,3,1,0,0,50,1,16.7,0,15,2015
"Brandon Weeden",7028,"QB","HST",1,5,0,0,13,0,0,40,40,100,-20,0,0,0,2,2,5,5,-1,1,3,0,1,20,60,0,0,20,15,2015
"Kirk Cousins",7102,"QB","WAS",1,5,0,0,32,0,0,20,60,80,20,0,0,0,1,3,5,4,1,0,0,0,1,0,0,0,0,20,15,2015
"Marcus Mariota",9435,"QB","TEN",1,4,0,0,31,0,1,25,25,75,0,0,1,0,1,1,4,3,0,1,0,1,0,25,0,0,25,0,15,2015
"Case Keenum",7323,"QB","SL",1,4,25,0,26,0,0,25,0,75,0,0,2,1,1,0,4,3,0,1,1,2,0,25,25,2,50,0,15,2015
"Matt Cassel",2447,"QB","DAL",1,3,0,0,9,0,0,0,33.3,100,0,0,0,0,0,1,3,3,0,0,1,0,1,0,33.3,0,0,33.3,15,2015
"T.J. Yates",6304,"QB","HST",1,3,33.3,0,13,0,0,33.3,0,66.7,0,0,1,1,1,0,3,2,0,1,1,1,0,33.3,33.3,1,33.3,0,15,2015
"Charlie Whitehurst",3026,"QB","IND",1,2,0,0,14,0,0,0,50,100,0,0,0,0,0,1,2,2,0,0,0,0,1,0,0,0,0,50,15,2015
"Drew Stanton",3659,"QB","ARZ",1,1,0,0,1,0,0,0,0,100,0,0,0,0,0,0,1,1,0,1,0,0,0,100,0,0,0,0,15,2015
"Sam Bradford",5526,"QB","PHI",1,23,8.7,0,24,0,1,13,30.4,95.7,0,0,1,2,3,7,23,22,0,10,2,1,1,43.5,8.7,0,4.3,4.3,16,2015
"Russell Wilson",7077,"QB","SEA",1,19,10.5,0,29,0,0,21.1,15.8,94.7,0,0,1,2,4,3,19,18,0,4,8,1,1,21.1,42.1,1,5.3,5.3,16,2015
"Philip Rivers",1725,"QB","SD",1,17,23.5,0,27,0,0,17.6,29.4,100,0,0,0,4,3,5,17,17,0,1,5,0,0,5.9,29.4,0,0,0,16,2015
"Zach Mettenberger",8813,"QB","TEN",1,16,31.3,0,31,0,0,12.5,25,93.8,6.3,0,0,5,2,4,16,15,1,1,6,0,0,6.3,37.5,0,0,0,16,2015
"Kirk Cousins",7102,"QB","WAS",1,14,21.4,0,32,0,0,21.4,7.1,92.9,7.1,0,0,3,3,1,14,13,1,7,5,0,0,50,35.7,0,0,0,16,2015
"Cam Newton",6153,"QB","CAR",1,13,0,0,5,0,0,23.1,46.2,84.6,7.7,0,1,0,3,6,13,11,1,0,4,1,0,0,30.8,1,7.7,0,16,2015
"Eli Manning",1722,"QB","NYG",1,13,0,0,21,1,0,15.4,46.2,69.2,7.7,0,3,0,2,6,13,9,1,0,4,3,0,0,30.8,2,23.1,0,16,2015
"Aaron Rodgers",2241,"QB","GB",1,13,7.7,0,12,0,0,7.7,53.8,84.6,7.7,0,1,1,1,7,13,11,1,1,5,1,0,7.7,38.5,1,7.7,0,16,2015
"Ryan Tannehill",7014,"QB","MIA",1,12,41.7,0,17,0,0,16.7,8.3,100,0,0,0,5,2,1,12,12,0,2,4,0,1,16.7,33.3,0,0,8.3,16,2015
"Tom Brady",698,"QB","NE",1,12,25,0,19,0,0,16.7,41.7,91.7,0,0,1,3,2,5,12,11,0,3,3,1,0,25,25,1,8.3,0,16,2015
"Ryan Mallett",6226,"QB","BLT",1,12,25,0,3,0,1,0,16.7,75,16.7,0,1,3,0,2,12,9,2,0,3,1,2,0,25,0,8.3,16.7,16,2015
"Blaine Gabbert",6162,"QB","SF",1,12,25,0,28,0,0,33.3,8.3,100,0,0,1,3,4,1,12,12,0,2,3,1,0,16.7,25,1,8.3,0,16,2015
"A.J. McCarron",8799,"QB","CIN",1,12,16.7,0,7,0,0,50,8.3,100,0,0,0,2,6,1,12,12,0,1,4,0,0,8.3,33.3,0,0,0,16,2015
"Brock Osweiler",7059,"QB","DEN",1,11,0,0,10,0,0,9.1,9.1,90.9,9.1,0,0,0,1,1,11,10,1,3,7,0,0,27.3,63.6,0,0,0,16,2015
"Teddy Bridgewater",8667,"QB","MIN",1,11,18.2,0,18,0,2,9.1,27.3,63.6,18.2,0,3,2,1,3,11,7,2,1,2,3,0,9.1,18.2,1,27.3,0,16,2015
"Ryan Fitzpatrick",2467,"QB","NYJ",1,10,30,0,22,0,0,0,30,100,-10,0,0,3,0,3,10,10,-1,1,6,0,1,10,60,0,0,10,16,2015
"Matthew Stafford",4924,"QB","DET",1,10,30,0,11,0,0,20,10,90,10,0,0,3,2,1,10,9,1,0,2,0,1,0,20,0,0,10,16,2015
"Johnny Manziel",8657,"QB","CLV",1,10,30,0,8,0,0,10,0,100,0,0,0,3,1,0,10,10,0,4,1,0,1,40,10,0,0,10,16,2015
"Carson Palmer",1317,"QB","ARZ",1,9,11.1,0,1,0,0,33.3,33.3,100,0,0,0,1,3,3,9,9,0,4,0,0,0,44.4,0,0,0,0,16,2015
"Alex Smith",2218,"QB","KC",1,9,11.1,0,16,1,0,22.2,33.3,88.9,0,0,1,1,2,3,9,8,0,0,4,1,0,0,44.4,0,11.1,0,16,2015
"Tyrod Taylor",6332,"QB","BUF",1,9,22.2,0,4,0,0,22.2,11.1,100,0,0,0,2,2,1,9,9,0,1,2,0,1,11.1,22.2,0,0,11.1,16,2015
"Derek Carr",8671,"QB","OAK",1,9,22.2,0,23,0,0,0,22.2,100,0,0,1,2,0,2,9,9,0,1,4,1,0,11.1,44.4,1,11.1,0,16,2015
"Matt Ryan",4317,"QB","ATL",1,9,11.1,0,2,0,0,44.4,22.2,100,-11.1,0,1,1,4,2,9,9,-1,1,2,1,1,11.1,22.2,1,11.1,11.1,16,2015
"Jay Cutler",2956,"QB","CHI",1,8,0,0,6,0,3,12.5,12.5,50,12.5,0,3,0,1,1,8,4,1,2,0,3,0,25,0,0,37.5,0,16,2015
"Jameis Winston",9434,"QB","TB",1,7,14.3,0,30,0,1,0,28.6,85.7,0,0,1,1,0,2,7,6,0,1,2,1,0,14.3,28.6,0,14.3,0,16,2015
"Drew Brees",802,"QB","NO",1,7,0,0,20,0,0,14.3,14.3,71.4,28.6,0,0,0,1,1,7,5,2,1,2,0,0,14.3,28.6,0,0,0,16,2015
"Charlie Whitehurst",3026,"QB","IND",1,6,16.7,0,14,0,0,0,50,100,0,0,1,1,0,3,6,6,0,0,2,1,0,0,33.3,1,16.7,0,16,2015
"Ben Roethlisberger",1732,"QB","PIT",1,6,50,0,25,0,0,0,50,100,0,0,0,3,0,3,6,6,0,2,0,0,0,33.3,0,0,0,0,16,2015
"Matt Hasselbeck",408,"QB","IND",1,6,0,0,14,0,0,16.7,33.3,83.3,-16.7,0,1,0,1,2,6,5,-1,2,1,1,1,33.3,16.7,1,16.7,16.7,16,2015
"Case Keenum",7323,"QB","SL",1,6,0,0,26,0,0,50,50,100,0,0,0,0,3,3,6,6,0,0,1,0,0,0,16.7,0,0,0,16,2015
"Brandon Weeden",7028,"QB","HST",1,6,16.7,0,13,0,0,0,33.3,83.3,16.7,0,0,1,0,2,6,5,1,2,2,0,0,33.3,33.3,0,0,0,16,2015
"Blake Bortles",8638,"QB","JAX",1,4,0,0,15,0,0,25,25,100,0,0,0,0,1,1,4,4,0,0,2,0,0,0,50,0,0,0,16,2015
"Charles Woodson",330,"S","OAK",1,1,0,0,23,0,0,0,0,0,100,0,1,0,0,0,1,0,1,0,0,0,0,0,0,1,0,0,16,2015
"Kellen Moore",7466,"QB","DAL",1,1,0,0,9,0,0,0,100,100,0,0,0,0,0,1,1,1,0,0,0,0,0,0,0,0,0,0,16,2015
"B.J. Daniels",8020,"WR","HST",1,1,0,0,13,0,0,100,0,100,0,0,0,0,1,0,1,1,0,0,0,0,0,0,0,0,0,0,16,2015
"Scott Tolzien",6749,"QB","GB",1,1,0,0,12,0,0,0,100,100,0,0,0,0,0,1,1,1,0,1,1,0,0,100,100,0,0,0,16,2015
"Philip Rivers",1725,"QB","SD",1,23,17.4,0,27,0,1,30.4,43.5,100,0,0,1,4,7,10,23,23,0,4,7,1,0,17.4,30.4,0,4.3,0,17,2015
"Aaron Rodgers",2241,"QB","GB",1,23,17.4,0,12,4,3,17.4,30.4,73.9,0,0,8,4,4,7,23,17,0,2,4,8,0,8.7,17.4,1,34.8,0,17,2015
"Austin Davis",7305,"QB","CLV",1,23,13,0,8,0,0,30.4,0,91.3,4.3,0,2,3,7,0,23,21,1,9,4,2,0,39.1,17.4,2,8.7,0,17,2015
"Eli Manning",1722,"QB","NYG",1,21,14.3,0,21,0,0,14.3,38.1,100,0,0,0,3,3,8,21,21,0,3,8,0,0,14.3,38.1,0,0,0,17,2015
"Jameis Winston",9434,"QB","TB",1,16,6.3,0,30,2,0,6.3,25,81.3,0,0,3,1,1,4,16,13,0,2,5,3,3,12.5,31.3,1,18.8,18.8,17,2015
"Ryan Mallett",6226,"QB","BLT",1,14,28.6,0,3,1,2,21.4,14.3,71.4,7.1,0,3,4,3,2,14,10,1,2,2,3,1,14.3,14.3,0,21.4,7.1,17,2015
"Blaine Gabbert",6162,"QB","SF",1,14,14.3,0,28,0,0,21.4,7.1,100,0,0,0,2,3,1,14,14,0,4,3,0,2,28.6,21.4,0,0,14.3,17,2015
"Alex Smith",2218,"QB","KC",1,14,21.4,0,16,0,1,14.3,21.4,85.7,7.1,0,1,3,2,3,14,12,1,1,6,1,1,7.1,42.9,0,7.1,7.1,17,2015
"Matthew Stafford",4924,"QB","DET",1,14,0,0,11,0,0,14.3,7.1,71.4,7.1,0,3,0,2,1,14,10,1,4,3,3,0,28.6,21.4,3,21.4,0,17,2015
"Brian Hoyer",5277,"QB","HST",1,14,14.3,0,13,3,1,50,21.4,78.6,0,0,4,2,7,3,14,11,0,1,1,4,1,7.1,7.1,0,28.6,7.1,17,2015
"Blake Bortles",8638,"QB","JAX",1,13,0,0,15,0,0,15.4,69.2,100,0,0,0,0,2,9,13,13,0,1,4,0,0,7.7,30.8,0,0,0,17,2015
"Derek Carr",8671,"QB","OAK",1,12,0,0,23,0,1,0,33.3,83.3,-8.3,0,2,0,0,4,12,10,-1,3,4,2,2,25,33.3,1,16.7,16.7,17,2015
"Carson Palmer",1317,"QB","ARZ",1,12,50,0,1,0,0,16.7,33.3,100,0,0,0,6,2,4,12,12,0,2,0,0,1,16.7,0,0,0,8.3,17,2015
"Tyrod Taylor",6332,"QB","BUF",1,11,9.1,0,4,0,0,0,36.4,90.9,9.1,0,0,1,0,4,11,10,1,3,2,0,0,27.3,18.2,0,0,0,17,2015
"Ben Roethlisberger",1732,"QB","PIT",1,10,20,0,25,0,1,0,30,90,-10,0,1,2,0,3,10,9,-1,3,0,1,2,30,0,0,10,20,17,2015
"Kellen Moore",7466,"QB","DAL",1,10,0,0,9,0,1,0,30,70,10,0,1,0,0,3,10,7,1,1,3,1,1,10,30,0,10,10,17,2015
"Ryan Tannehill",7014,"QB","MIA",1,10,30,0,17,0,0,50,20,100,-10,0,0,3,5,2,10,10,-1,0,4,0,1,0,40,0,0,10,17,2015
"Jay Cutler",2956,"QB","CHI",1,10,10,0,6,0,0,10,30,70,20,0,1,1,1,3,10,7,2,2,1,1,0,20,10,1,10,0,17,2015
"A.J. McCarron",8799,"QB","CIN",1,10,10,0,7,0,1,10,30,60,20,0,2,1,1,3,10,6,2,0,2,2,1,0,20,1,20,10,17,2015
"Cam Newton",6153,"QB","CAR",1,9,11.1,0,5,0,1,11.1,0,66.7,11.1,0,2,1,1,0,9,6,1,1,3,2,0,11.1,33.3,1,22.2,0,17,2015
"Ryan Fitzpatrick",2467,"QB","NYJ",1,9,0,0,22,0,2,11.1,33.3,77.8,0,0,2,0,1,3,9,7,0,2,0,2,1,22.2,0,0,22.2,11.1,17,2015
"Brock Osweiler",7059,"QB","DEN",1,9,22.2,0,10,0,0,0,22.2,100,0,0,0,2,0,2,9,9,0,0,5,0,0,0,55.6,0,0,0,17,2015
"Drew Stanton",3659,"QB","ARZ",1,8,0,0,1,0,0,25,25,100,0,0,0,0,2,2,8,8,0,2,3,0,0,25,37.5,0,0,0,17,2015
"Teddy Bridgewater",8667,"QB","MIN",1,8,25,0,18,0,1,37.5,37.5,75,0,0,2,2,3,3,8,6,0,1,0,2,0,12.5,0,1,25,0,17,2015
"Tom Brady",698,"QB","NE",1,7,0,0,19,0,0,28.6,28.6,85.7,14.3,0,0,0,2,2,7,6,1,0,3,0,0,0,42.9,0,0,0,17,2015
"Russell Wilson",7077,"QB","SEA",1,7,0,0,29,0,0,14.3,57.1,100,0,0,0,0,1,4,7,7,0,1,4,0,0,14.3,57.1,0,0,0,17,2015
"Drew Brees",802,"QB","NO",1,6,16.7,0,20,0,0,33.3,33.3,100,0,0,0,1,2,2,6,6,0,1,0,0,0,16.7,0,0,0,0,17,2015
"Josh Freeman",4940,"QB","IND",1,6,0,0,14,0,0,16.7,33.3,83.3,16.7,0,0,0,1,2,6,5,1,1,1,0,1,16.7,16.7,0,0,16.7,17,2015
"Alex Tanney",7610,"QB","TEN",1,6,16.7,0,31,0,0,0,50,83.3,16.7,0,0,1,0,3,6,5,1,0,2,0,0,0,33.3,0,0,0,17,2015
"Matt Ryan",4317,"QB","ATL",1,6,50,0,2,0,0,16.7,0,100,0,0,0,3,1,0,6,6,0,3,0,0,1,50,0,0,0,16.7,17,2015
"Sam Bradford",5526,"QB","PHI",1,6,33.3,0,24,0,0,16.7,66.7,100,0,0,0,2,1,4,6,6,0,0,1,0,0,0,16.7,0,0,0,17,2015
"Case Keenum",7323,"QB","SL",1,5,40,0,26,1,0,0,20,80,20,0,1,2,0,1,5,4,1,2,2,1,0,40,40,0,20,0,17,2015
"Ryan Lindley",7174,"QB","IND",1,4,25,0,14,0,0,0,0,100,0,0,0,1,0,0,4,4,0,1,2,0,0,25,50,0,0,0,17,2015
"Kirk Cousins",7102,"QB","WAS",1,4,0,0,32,0,0,25,25,75,25,0,0,0,1,1,4,3,1,1,1,0,0,25,25,0,0,0,17,2015
"Peyton Manning",327,"QB","DEN",1,3,33.3,0,10,0,0,0,0,66.7,0,0,1,1,0,0,3,2,0,0,1,1,0,0,33.3,1,33.3,0,17,2015
"Zach Mettenberger",8813,"QB","TEN",1,3,66.7,0,31,0,0,33.3,0,100,0,0,0,2,1,0,3,3,0,0,0,0,1,0,0,0,0,33.3,17,2015
"Colt McCoy",5609,"QB","WAS",1,2,0,0,32,0,0,0,0,0,50,0,1,0,0,0,2,0,1,0,0,1,0,0,0,1,50,0,17,2015
"Marc Mariani",5745,"WR","CHI",1,1,0,0,6,0,0,0,0,0,100,0,1,0,0,0,1,0,1,0,0,0,0,0,0,1,0,0,17,2015
"Tom Brady",698,"QB","NE",1,21,19,0,19,0,0,14.3,23.8,100,0,0,0,4,3,5,21,21,0,9,4,0,1,42.9,19,0,0,4.8,1,2014
"Josh McCown",1085,"QB","TB",1,15,13.3,0,30,1,0,20,6.7,80,13.3,0,1,2,3,1,15,12,2,2,3,1,1,13.3,20,0,6.7,6.7,1,2014
"Alex Smith",2218,"QB","KC",1,14,7.1,0,16,0,1,14.3,28.6,100,0,0,1,1,2,4,14,14,0,3,7,1,0,21.4,50,0,7.1,0,1,2014
"Robert Griffin III",7008,"QB","WAS",1,14,14.3,0,32,1,0,21.4,21.4,85.7,0,0,1,2,3,3,14,12,0,1,4,1,1,7.1,28.6,0,7.1,7.1,1,2014
"Andrew Luck",7007,"QB","IND",1,13,0,0,14,0,0,15.4,23.1,100,0,0,0,0,2,3,13,13,0,5,4,0,0,38.5,30.8,0,0,0,1,2014
"Carson Palmer",1317,"QB","ARZ",1,13,0,0,1,0,0,7.7,38.5,92.3,7.7,0,0,0,1,5,13,12,1,3,3,0,1,23.1,23.1,0,0,7.7,1,2014
"Drew Brees",802,"QB","NO",1,12,25,0,20,0,0,33.3,25,100,0,0,0,3,4,3,12,12,0,3,2,0,0,25,16.7,0,0,0,1,2014
"Nick Foles",7089,"QB","PHI",1,11,0,0,24,1,0,27.3,27.3,81.8,0,0,2,0,3,3,11,9,0,2,0,2,1,18.2,0,1,18.2,9.1,1,2014
"Matt Ryan",4317,"QB","ATL",1,11,0,0,2,0,0,27.3,45.5,100,0,0,0,0,3,5,11,11,0,1,4,0,0,9.1,36.4,0,0,0,1,2014
"Derek Carr",8671,"QB","OAK",1,10,10,0,23,0,1,10,40,80,10,0,1,1,1,4,10,8,1,1,0,1,1,10,0,0,10,10,1,2014
"Philip Rivers",1725,"QB","SD",1,10,10,0,27,0,0,60,20,100,0,0,0,1,6,2,10,10,0,1,0,0,0,10,0,0,0,0,1,2014
"Chad Henne",4371,"QB","JAX",1,10,20,0,15,0,1,10,30,90,0,0,1,2,1,3,10,9,0,0,3,1,0,0,30,0,10,0,1,2014
"Jake Locker",6160,"QB","TEN",1,10,10,0,31,0,1,30,20,80,10,0,1,1,3,2,10,8,1,2,1,1,0,20,10,0,10,0,1,2014
"Ryan Tannehill",7014,"QB","MIA",1,10,0,0,17,0,0,0,10,90,10,0,0,0,0,1,10,9,1,3,4,0,1,30,40,0,0,10,1,2014
"Austin Davis",7305,"QB","SL",1,9,11.1,0,26,0,1,11.1,33.3,88.9,11.1,0,1,1,1,3,9,8,1,1,4,1,0,11.1,44.4,0,11.1,0,1,2014
"Brian Hoyer",5277,"QB","CLV",1,9,11.1,0,8,0,1,22.2,0,88.9,0,0,1,1,2,0,9,8,0,0,2,1,3,0,22.2,0,11.1,33.3,1,2014
"Eli Manning",1722,"QB","NYG",1,9,11.1,0,21,1,0,11.1,33.3,88.9,0,0,1,1,1,3,9,8,0,1,3,1,0,11.1,33.3,0,11.1,0,1,2014
"Tony Romo",1693,"QB","DAL",1,9,22.2,0,9,0,0,33.3,22.2,77.8,11.1,0,1,2,3,2,9,7,1,1,2,1,0,11.1,22.2,1,11.1,0,1,2014
"Jay Cutler",2956,"QB","CHI",1,9,0,0,6,0,0,22.2,44.4,77.8,22.2,0,0,0,2,4,9,7,2,0,2,0,1,0,22.2,0,0,11.1,1,2014
"Joe Flacco",4332,"QB","BLT",1,8,0,0,3,1,0,0,25,75,0,0,2,0,0,2,8,6,0,2,2,2,0,25,25,1,25,0,1,2014
"Russell Wilson",7077,"QB","SEA",1,8,12.5,0,29,0,1,25,12.5,62.5,12.5,0,2,1,2,1,8,5,1,1,0,2,0,12.5,0,1,25,0,1,2014
"Matthew Stafford",4924,"QB","DET",1,8,50,0,11,0,0,25,37.5,100,0,0,0,4,2,3,8,8,0,0,1,0,0,0,12.5,0,0,0,1,2014
"Aaron Rodgers",2241,"QB","GB",1,8,12.5,0,12,0,0,0,25,100,0,0,0,1,0,2,8,8,0,0,6,0,0,0,75,0,0,0,1,2014
"Ben Roethlisberger",1732,"QB","PIT",1,7,14.3,0,25,0,0,28.6,28.6,100,0,0,0,1,2,2,7,7,0,0,3,0,0,0,42.9,0,0,0,1,2014
"Matt Cassel",2447,"QB","MIN",1,6,0,0,18,0,0,16.7,33.3,100,0,0,0,0,1,2,6,6,0,1,2,0,0,16.7,33.3,0,0,0,1,2014
"E.J. Manuel",7797,"QB","BUF",1,6,16.7,0,4,0,0,16.7,33.3,100,0,0,0,1,1,2,6,6,0,0,4,0,0,0,66.7,0,0,0,1,2014
"Geno Smith",7820,"QB","NYJ",1,6,0,0,22,0,0,16.7,16.7,66.7,33.3,0,0,0,1,1,6,4,2,0,1,0,1,0,16.7,0,0,16.7,1,2014
"Colin Kaepernick",6188,"QB","SF",1,6,0,0,28,0,0,33.3,66.7,100,0,0,0,0,2,4,6,6,0,1,2,0,0,16.7,33.3,0,0,0,1,2014
"Shaun Hill",1255,"QB","SL",1,6,0,0,26,0,0,33.3,16.7,83.3,16.7,0,0,0,2,1,6,5,1,2,2,0,0,33.3,33.3,0,0,0,1,2014
"Andy Dalton",6187,"QB","CIN",1,4,25,0,7,0,0,25,25,100,0,0,0,1,1,1,4,4,0,0,1,0,0,0,25,0,0,0,1,2014
"Derek Anderson",2430,"QB","CAR",1,4,25,0,5,1,0,0,0,75,0,0,1,1,0,0,4,3,0,1,1,1,0,25,25,0,25,0,1,2014
"Ryan Fitzpatrick",2467,"QB","HST",1,4,50,0,13,0,0,0,25,100,0,0,0,2,0,1,4,4,0,1,0,0,0,25,0,0,0,0,1,2014
"Peyton Manning",327,"QB","DEN",1,2,0,0,10,0,0,50,0,50,50,0,0,0,1,0,2,1,1,0,0,0,0,0,0,0,0,0,1,2014
"Chad Henne",4371,"QB","JAX",1,17,17.6,0,15,0,0,0,17.6,82.4,5.9,0,2,3,0,3,17,14,1,4,6,2,0,23.5,35.3,2,11.8,0,2,2014
"Philip Rivers",1725,"QB","SD",1,13,23.1,0,27,0,0,15.4,30.8,100,0,0,0,3,2,4,13,13,0,5,6,0,0,38.5,46.2,0,0,0,2,2014
"Jake Locker",6160,"QB","TEN",1,13,0,0,31,0,1,7.7,0,69.2,15.4,0,2,0,1,0,13,9,2,2,6,2,0,15.4,46.2,1,15.4,0,2,2014
"Matt Ryan",4317,"QB","ATL",1,13,7.7,0,2,1,0,23.1,15.4,92.3,-7.7,0,1,1,3,2,13,12,-1,2,5,1,1,15.4,38.5,0,7.7,7.7,2,2014
"Matt Cassel",2447,"QB","MIN",1,13,0,0,18,0,0,38.5,46.2,92.3,7.7,0,0,0,5,6,13,12,1,0,2,0,1,0,15.4,0,0,7.7,2,2014
"Alex Smith",2218,"QB","KC",1,13,0,0,16,0,0,15.4,46.2,92.3,0,0,0,0,2,6,13,12,0,3,3,0,1,23.1,23.1,0,0,7.7,2,2014
"Derek Carr",8671,"QB","OAK",1,12,8.3,0,23,0,0,25,8.3,100,0,0,0,1,3,1,12,12,0,1,5,0,1,8.3,41.7,0,0,8.3,2,2014
"Geno Smith",7820,"QB","NYJ",1,12,0,0,22,1,0,25,25,75,16.7,0,1,0,3,3,12,9,2,3,2,1,0,25,16.7,0,8.3,0,2,2014
"Nick Foles",7089,"QB","PHI",1,11,9.1,0,24,2,0,18.2,9.1,72.7,9.1,0,2,1,2,1,11,8,1,2,3,2,0,18.2,27.3,0,18.2,0,2,2014
"Matthew Stafford",4924,"QB","DET",1,11,9.1,0,11,0,0,18.2,27.3,100,0,0,0,1,2,3,11,11,0,1,4,0,0,9.1,36.4,0,0,0,2,2014
"Aaron Rodgers",2241,"QB","GB",1,11,9.1,0,12,0,0,0,18.2,81.8,9.1,0,1,1,0,2,11,9,1,3,4,1,0,27.3,36.4,1,9.1,0,2,2014
"Cam Newton",6153,"QB","CAR",1,11,0,0,5,0,0,18.2,9.1,90.9,0,0,1,0,2,1,11,10,0,3,4,1,0,27.3,36.4,1,9.1,0,2,2014
"Russell Wilson",7077,"QB","SEA",1,10,20,0,29,1,1,10,30,80,0,0,3,2,1,3,10,8,0,0,1,3,1,0,10,1,30,10,2,2014
"Drew Brees",802,"QB","NO",1,10,0,0,20,0,0,30,20,100,-10,0,0,0,3,2,10,10,-1,3,1,0,2,30,10,0,0,20,2,2014
"Ryan Tannehill",7014,"QB","MIA",1,10,10,0,17,0,0,30,10,90,10,0,0,1,3,1,10,9,1,4,1,0,0,40,10,0,0,0,2,2014
"Colin Kaepernick",6188,"QB","SF",1,10,0,0,28,0,2,20,20,80,0,0,3,0,2,2,10,8,0,2,3,3,0,20,30,1,30,0,2,2014
"Tony Romo",1693,"QB","DAL",1,9,0,0,9,0,0,22.2,0,88.9,11.1,0,0,0,2,0,9,8,1,1,4,0,1,11.1,44.4,0,0,11.1,2,2014
"Austin Davis",7305,"QB","SL",1,9,33.3,0,26,0,0,0,0,77.8,22.2,0,0,3,0,0,9,7,2,4,0,0,0,44.4,0,0,0,0,2,2014
"Eli Manning",1722,"QB","NYG",1,9,33.3,0,21,0,0,22.2,11.1,88.9,11.1,0,0,3,2,1,9,8,1,1,2,0,0,11.1,22.2,0,0,0,2,2014
"Brian Hoyer",5277,"QB","CLV",1,9,0,0,8,0,0,22.2,11.1,55.6,44.4,0,0,0,2,1,9,5,4,0,1,0,1,0,11.1,0,0,11.1,2,2014
"Ben Roethlisberger",1732,"QB","PIT",1,8,0,0,25,0,0,50,12.5,100,0,0,0,0,4,1,8,8,0,1,3,0,0,12.5,37.5,0,0,0,2,2014
"Joe Flacco",4332,"QB","BLT",1,7,0,0,3,0,0,14.3,14.3,100,0,0,0,0,1,1,7,7,0,1,3,0,1,14.3,42.9,0,0,14.3,2,2014
"Josh McCown",1085,"QB","TB",1,7,14.3,0,30,0,0,42.9,14.3,85.7,14.3,0,0,1,3,1,7,6,1,1,1,0,0,14.3,14.3,0,0,0,2,2014
"Drew Stanton",3659,"QB","ARZ",1,7,0,0,1,0,0,28.6,0,71.4,14.3,0,1,0,2,0,7,5,1,1,1,1,2,14.3,14.3,1,14.3,28.6,2,2014
"Jay Cutler",2956,"QB","CHI",1,6,16.7,0,6,0,0,50,16.7,100,0,0,0,1,3,1,6,6,0,1,1,0,0,16.7,16.7,0,0,0,2,2014
"Tom Brady",698,"QB","NE",1,6,0,0,19,0,0,33.3,16.7,83.3,16.7,0,0,0,2,1,6,5,1,1,0,0,1,16.7,0,0,0,16.7,2,2014
"E.J. Manuel",7797,"QB","BUF",1,5,20,0,4,0,1,40,0,80,0,0,1,1,2,0,5,4,0,1,1,1,0,20,20,0,20,0,2,2014
"Andy Dalton",6187,"QB","CIN",1,5,40,0,7,0,0,20,40,100,0,0,0,2,1,2,5,5,0,0,0,0,0,0,0,0,0,0,2,2014
"Ryan Fitzpatrick",2467,"QB","HST",1,4,0,0,13,0,0,25,50,100,0,0,0,0,1,2,4,4,0,0,1,0,0,0,25,0,0,0,2,2014
"Andrew Luck",7007,"QB","IND",1,4,0,0,14,0,0,25,25,100,0,0,0,0,1,1,4,4,0,0,2,0,0,0,50,0,0,0,2,2014
"Kirk Cousins",7102,"QB","WAS",1,4,0,0,32,0,0,0,0,100,0,0,0,0,0,0,4,4,0,0,4,0,0,0,100,0,0,0,2,2014
"Peyton Manning",327,"QB","DEN",1,4,25,0,10,0,0,0,50,100,0,0,0,1,0,2,4,4,0,1,0,0,0,25,0,0,0,0,2,2014
"Robert Griffin III",7008,"QB","WAS",1,1,0,0,32,0,0,0,0,100,0,0,0,0,0,0,1,1,0,0,1,0,0,0,100,0,0,0,2,2014
"Johnny Manziel",8657,"QB","CLV",1,1,0,0,8,0,0,100,0,100,0,0,0,0,1,0,1,1,0,0,0,0,0,0,0,0,0,0,2,2014
"Michael Vick",773,"QB","NYJ",1,1,0,0,22,0,0,0,0,0,100,0,0,0,0,0,1,0,1,0,0,0,0,0,0,0,0,0,2,2014
"Nick Foles",7089,"QB","PHI",1,19,21.1,0,24,2,0,21.1,10.5,89.5,-5.3,0,2,4,4,2,19,17,-1,2,8,2,2,10.5,42.1,0,10.5,10.5,3,2014
"Ryan Fitzpatrick",2467,"QB","HST",1,17,11.8,0,13,0,0,35.3,23.5,100,0,0,1,2,6,4,17,17,0,1,4,1,0,5.9,23.5,1,5.9,0,3,2014
"Peyton Manning",327,"QB","DEN",1,15,33.3,0,10,0,0,6.7,26.7,93.3,6.7,0,0,5,1,4,15,14,1,3,3,0,1,20,20,0,0,6.7,3,2014
"Russell Wilson",7077,"QB","SEA",1,15,13.3,0,29,0,0,0,6.7,86.7,13.3,0,0,2,0,1,15,13,2,4,6,0,1,26.7,40,0,0,6.7,3,2014
"Austin Davis",7305,"QB","SL",1,14,14.3,0,26,1,0,7.1,28.6,92.9,0,0,1,2,1,4,14,13,0,4,1,1,1,28.6,7.1,0,7.1,7.1,3,2014
"Geno Smith",7820,"QB","NYJ",1,14,0,0,22,0,0,14.3,35.7,85.7,0,0,2,0,2,5,14,12,0,2,4,2,1,14.3,28.6,2,14.3,7.1,3,2014
"Jake Locker",6160,"QB","TEN",1,13,15.4,0,31,1,0,15.4,23.1,69.2,15.4,0,2,2,2,3,13,9,2,3,1,2,0,23.1,7.7,1,15.4,0,3,2014
"E.J. Manuel",7797,"QB","BUF",1,13,0,0,4,0,0,23.1,38.5,100,0,0,0,0,3,5,13,13,0,5,2,0,0,38.5,15.4,0,0,0,3,2014
"Matthew Stafford",4924,"QB","DET",1,13,0,0,11,0,0,38.5,7.7,100,0,0,0,0,5,1,13,13,0,3,4,0,0,23.1,30.8,0,0,0,3,2014
"Tom Brady",698,"QB","NE",1,12,8.3,0,19,0,0,41.7,33.3,100,0,0,0,1,5,4,12,12,0,3,2,0,0,25,16.7,0,0,0,3,2014
"Cam Newton",6153,"QB","CAR",1,12,25,0,5,0,0,16.7,25,100,0,0,0,3,2,3,12,12,0,2,2,0,0,16.7,16.7,0,0,0,3,2014
"Ryan Tannehill",7014,"QB","MIA",1,12,16.7,0,17,0,0,16.7,25,100,0,0,0,2,2,3,12,12,0,3,4,0,0,25,33.3,0,0,0,3,2014
"Mike Glennon",7854,"QB","TB",1,11,0,0,30,0,0,27.3,45.5,100,0,0,0,0,3,5,11,11,0,3,1,0,0,27.3,9.1,0,0,0,3,2014
"Jay Cutler",2956,"QB","CHI",1,10,10,0,6,0,0,10,30,100,0,0,0,1,1,3,10,10,0,1,4,0,1,10,40,0,0,10,3,2014
"Teddy Bridgewater",8667,"QB","MIN",1,10,0,0,18,0,0,10,40,90,10,0,0,0,1,4,10,9,1,1,4,0,0,10,40,0,0,0,3,2014
"Philip Rivers",1725,"QB","SD",1,10,30,0,27,0,0,30,30,100,0,0,0,3,3,3,10,10,0,2,2,0,0,20,20,0,0,0,3,2014
"Colin Kaepernick",6188,"QB","SF",1,9,0,0,28,1,0,22.2,22.2,88.9,0,0,1,0,2,2,9,8,0,3,2,1,0,33.3,22.2,0,11.1,0,3,2014
"Derek Carr",8671,"QB","OAK",1,8,25,0,23,0,0,12.5,12.5,75,25,0,0,2,1,1,8,6,2,2,1,0,0,25,12.5,0,0,0,3,2014
"Alex Smith",2218,"QB","KC",1,8,12.5,0,16,0,0,25,12.5,100,0,0,0,1,2,1,8,8,0,2,3,0,2,25,37.5,0,0,25,3,2014
"Kirk Cousins",7102,"QB","WAS",1,8,12.5,0,32,1,0,25,25,75,12.5,0,1,1,2,2,8,6,1,0,2,1,0,0,25,0,12.5,0,3,2014
"Andrew Luck",7007,"QB","IND",1,7,14.3,0,14,1,0,0,0,85.7,0,0,1,1,0,0,7,6,0,2,3,1,0,28.6,42.9,0,14.3,0,3,2014
"Joe Flacco",4332,"QB","BLT",1,7,14.3,0,3,0,0,0,57.1,85.7,14.3,0,0,1,0,4,7,6,1,2,1,0,0,28.6,14.3,0,0,0,3,2014
"Drew Brees",802,"QB","NO",1,7,14.3,0,20,0,0,28.6,14.3,100,0,0,0,1,2,1,7,7,0,2,0,0,2,28.6,0,0,0,28.6,3,2014
"Drew Stanton",3659,"QB","ARZ",1,5,40,0,1,0,0,0,20,100,0,0,0,2,0,1,5,5,0,1,1,0,0,20,20,0,0,0,3,2014
"Chad Henne",4371,"QB","JAX",1,4,0,0,15,0,0,25,0,100,0,0,0,0,1,0,4,4,0,0,0,0,3,0,0,0,0,75,3,2014
"Aaron Rodgers",2241,"QB","GB",1,4,50,0,12,0,0,0,0,100,0,0,0,2,0,0,4,4,0,2,1,0,0,50,25,0,0,0,3,2014
"Matt Ryan",4317,"QB","ATL",1,3,0,0,2,0,0,0,66.7,100,0,0,0,0,0,2,3,3,0,0,1,0,0,0,33.3,0,0,0,3,2014
"Matt Cassel",2447,"QB","MIN",1,3,0,0,18,0,0,0,66.7,100,0,0,0,0,0,2,3,3,0,0,0,0,1,0,0,0,0,33.3,3,2014
"Ben Roethlisberger",1732,"QB","PIT",1,3,0,0,25,0,0,33.3,33.3,100,0,0,0,0,1,1,3,3,0,0,1,0,1,0,33.3,0,0,33.3,3,2014
"Eli Manning",1722,"QB","NYG",1,3,0,0,21,0,0,0,0,66.7,33.3,0,0,0,0,0,3,2,1,0,2,0,0,0,66.7,0,0,0,3,2014
"Josh McCown",1085,"QB","TB",1,3,66.7,0,30,0,0,33.3,0,100,0,0,0,2,1,0,3,3,0,0,0,0,0,0,0,0,0,0,3,2014
"Tony Romo",1693,"QB","DAL",1,2,0,0,9,0,0,0,50,100,0,0,0,0,0,1,2,2,0,0,1,0,0,0,50,0,0,0,3,2014
"Derek Anderson",2430,"QB","CAR",1,2,0,0,5,0,0,0,100,100,0,0,0,0,0,2,2,2,0,0,0,0,0,0,0,0,0,0,3,2014
"T.J. Yates",6304,"QB","ATL",1,1,0,0,2,0,0,0,0,0,100,0,0,0,0,0,1,0,1,0,0,0,0,0,0,0,0,0,3,2014
"Jermaine Kearse",7428,"WR","SEA",1,1,0,0,29,0,0,0,0,100,0,0,0,0,0,0,1,1,0,1,0,0,0,100,0,0,0,0,3,2014
"Brian Hoyer",5277,"QB","CLV",1,1,0,0,8,0,0,0,100,100,0,0,0,0,0,1,1,1,0,0,1,0,0,0,100,0,0,0,3,2014
"Andy Dalton",6187,"QB","CIN",1,1,0,0,7,0,0,0,0,100,0,0,0,0,0,0,1,1,0,1,0,0,0,100,0,0,0,0,3,2014
"Blake Bortles",8638,"QB","JAX",1,1,0,0,15,0,0,0,100,100,0,0,0,0,0,1,1,1,0,1,0,0,0,100,0,0,0,0,3,2014
"E.J. Manuel",7797,"QB","BUF",1,20,10,0,4,0,0,20,10,90,10,0,0,2,4,2,20,18,2,6,5,0,0,30,25,0,0,0,4,2014
"Ryan Fitzpatrick",2467,"QB","HST",1,15,13.3,0,13,0,1,6.7,26.7,86.7,0,0,2,2,1,4,15,13,0,1,6,2,0,6.7,40,1,13.3,0,4,2014
"Colin Kaepernick",6188,"QB","SF",1,14,21.4,0,28,1,1,14.3,28.6,85.7,0,0,3,3,2,4,14,12,0,2,2,3,0,14.3,14.3,1,21.4,0,4,2014
"Drew Brees",802,"QB","NO",1,14,35.7,0,20,0,0,7.1,14.3,100,0,0,0,5,1,2,14,14,0,3,4,0,1,21.4,28.6,0,0,7.1,4,2014
"Matt Ryan",4317,"QB","ATL",1,12,8.3,0,2,0,0,33.3,25,91.7,8.3,0,0,1,4,3,12,11,1,2,3,0,0,16.7,25,0,0,0,4,2014
"Philip Rivers",1725,"QB","SD",1,12,8.3,0,27,0,0,25,16.7,100,0,0,0,1,3,2,12,12,0,4,3,0,0,33.3,25,0,0,0,4,2014
"Nick Foles",7089,"QB","PHI",1,11,18.2,0,24,0,0,18.2,0,90.9,9.1,0,0,2,2,0,11,10,1,4,3,0,0,36.4,27.3,0,0,0,4,2014
"Geno Smith",7820,"QB","NYJ",1,11,0,0,22,0,0,36.4,9.1,81.8,9.1,0,1,0,4,1,11,9,1,2,3,1,0,18.2,27.3,1,9.1,0,4,2014
"Blake Bortles",8638,"QB","JAX",1,11,45.5,0,15,0,0,9.1,54.5,100,0,0,0,5,1,6,11,11,0,1,0,0,0,9.1,0,0,0,0,4,2014
"Charlie Whitehurst",3026,"QB","TEN",1,10,20,0,31,0,0,0,20,90,10,0,1,2,0,2,10,9,1,2,3,1,0,20,30,1,10,0,4,2014
"Ben Roethlisberger",1732,"QB","PIT",1,10,20,0,25,0,0,20,30,80,20,0,0,2,2,3,10,8,2,1,1,0,0,10,10,0,0,0,4,2014
"Cam Newton",6153,"QB","CAR",1,9,0,0,5,0,0,22.2,55.6,100,-11.1,0,0,0,2,5,9,9,-1,1,4,0,1,11.1,44.4,0,0,11.1,4,2014
"Matt McGloin",8374,"QB","OAK",1,8,0,0,23,0,0,25,25,87.5,12.5,0,0,0,2,2,8,7,1,2,3,0,0,25,37.5,0,0,0,4,2014
"Mike Glennon",7854,"QB","TB",1,8,12.5,0,30,0,0,12.5,50,87.5,12.5,0,0,1,1,4,8,7,1,2,0,0,0,25,0,0,0,0,4,2014
"Andrew Luck",7007,"QB","IND",1,8,37.5,0,14,0,0,25,25,100,0,0,0,3,2,2,8,8,0,1,3,0,0,12.5,37.5,0,0,0,4,2014
"Jay Cutler",2956,"QB","CHI",1,8,12.5,0,6,0,0,0,25,100,0,0,0,1,0,2,8,8,0,2,3,0,0,25,37.5,0,0,0,4,2014
"Kirk Cousins",7102,"QB","WAS",1,8,12.5,0,32,0,0,37.5,25,100,0,0,0,1,3,2,8,8,0,0,3,0,0,0,37.5,0,0,0,4,2014
"Tom Brady",698,"QB","NE",1,6,33.3,0,19,0,0,50,16.7,100,0,0,0,2,3,1,6,6,0,3,1,0,0,50,16.7,0,0,0,4,2014
"Matthew Stafford",4924,"QB","DET",1,6,0,0,11,0,0,33.3,16.7,66.7,-16.7,0,1,0,2,1,6,4,-1,1,1,1,2,16.7,16.7,1,16.7,33.3,4,2014
"Ryan Tannehill",7014,"QB","MIA",1,6,16.7,0,17,0,0,33.3,0,83.3,0,0,0,1,2,0,6,5,0,0,2,0,1,0,33.3,0,0,16.7,4,2014
"Teddy Bridgewater",8667,"QB","MIN",1,6,16.7,0,18,0,1,16.7,33.3,83.3,0,0,1,1,1,2,6,5,0,0,1,1,0,0,16.7,0,16.7,0,4,2014
"Tony Romo",1693,"QB","DAL",1,5,20,0,9,0,0,60,0,100,0,0,0,1,3,0,5,5,0,0,1,0,0,0,20,0,0,0,4,2014
"Derek Anderson",2430,"QB","CAR",1,4,0,0,5,0,0,0,75,100,0,0,0,0,0,3,4,4,0,0,1,0,0,0,25,0,0,0,4,2014
"Joe Flacco",4332,"QB","BLT",1,4,0,0,3,0,0,0,0,100,0,0,0,0,0,0,4,4,0,2,1,0,1,50,25,0,0,25,4,2014
"Alex Smith",2218,"QB","KC",1,4,25,0,16,0,0,0,50,75,25,0,0,1,0,2,4,3,1,1,0,0,0,25,0,0,0,0,4,2014
"Eli Manning",1722,"QB","NYG",1,4,25,0,21,0,0,25,0,100,0,0,0,1,1,0,4,4,0,2,2,0,0,50,50,0,0,0,4,2014
"Derek Carr",8671,"QB","OAK",1,3,0,0,23,0,0,0,0,66.7,33.3,0,0,0,0,0,3,2,1,0,1,0,1,0,33.3,0,0,33.3,4,2014
"Aaron Rodgers",2241,"QB","GB",1,3,0,0,12,0,0,0,0,66.7,0,0,1,0,0,0,3,2,0,2,0,1,0,66.7,0,1,33.3,0,4,2014
"Thomas Morstead",5088,"P","NO",1,1,0,0,20,0,0,0,0,0,100,0,1,0,0,0,1,0,1,0,0,0,0,0,0,1,0,0,4,2014
"Bobby Rainey Jr.",7511,"HB","TB",1,1,100,0,30,0,0,0,0,100,0,0,0,1,0,0,1,1,0,0,0,0,0,0,0,0,0,0,4,2014
"Zach Mettenberger",8813,"QB","TEN",1,1,100,0,31,0,0,0,0,100,0,0,0,1,0,0,1,1,0,0,0,0,0,0,0,0,0,0,4,2014
"Jimmy Garoppolo",8697,"QB","NE",1,1,0,0,19,0,0,0,100,100,0,0,0,0,0,1,1,1,0,1,0,0,0,100,0,0,0,0,4,2014
"Christian Ponder",6164,"QB","MIN",1,21,23.8,0,18,0,0,14.3,14.3,90.5,9.5,0,0,5,3,3,21,19,2,4,7,0,0,19,33.3,0,0,0,5,2014
"Matt Ryan",4317,"QB","ATL",1,16,6.3,0,2,0,0,37.5,31.3,100,0,0,0,1,6,5,16,16,0,3,2,0,0,18.8,12.5,0,0,0,5,2014
"Andrew Luck",7007,"QB","IND",1,16,0,0,14,1,1,6.3,25,81.3,6.3,0,2,0,1,4,16,13,1,4,6,2,0,25,37.5,0,12.5,0,5,2014
"Austin Davis",7305,"QB","SL",1,15,20,0,26,0,0,13.3,40,80,13.3,0,1,3,2,6,15,12,2,4,2,1,0,26.7,13.3,1,6.7,0,5,2014
"Kyle Orton",2323,"QB","BUF",1,13,15.4,0,4,0,0,23.1,7.7,84.6,7.7,0,1,2,3,1,13,11,1,1,4,1,0,7.7,30.8,1,7.7,0,5,2014
"Drew Brees",802,"QB","NO",1,13,23.1,0,20,0,0,7.7,15.4,100,0,0,0,3,1,2,13,13,0,6,5,0,0,46.2,38.5,0,0,0,5,2014
"Philip Rivers",1725,"QB","SD",1,12,25,0,27,0,0,0,25,100,-8.3,0,0,3,0,3,12,12,-1,3,4,0,1,25,33.3,0,0,8.3,5,2014
"Mike Glennon",7854,"QB","TB",1,12,0,0,30,0,2,25,0,66.7,16.7,0,2,0,3,0,12,8,2,2,2,2,1,16.7,16.7,0,16.7,8.3,5,2014
"Colin Kaepernick",6188,"QB","SF",1,12,0,0,28,0,0,25,16.7,100,0,0,0,0,3,2,12,12,0,3,5,0,0,25,41.7,0,0,0,5,2014
"Cam Newton",6153,"QB","CAR",1,11,18.2,0,5,1,0,18.2,18.2,63.6,27.3,0,1,2,2,2,11,7,3,0,1,1,0,0,9.1,0,9.1,0,5,2014
"Matthew Stafford",4924,"QB","DET",1,10,10,0,11,0,0,50,60,100,0,0,1,1,5,6,10,10,0,0,1,1,0,0,10,1,10,0,5,2014
"Tony Romo",1693,"QB","DAL",1,10,0,0,9,0,0,0,40,80,20,0,0,0,0,4,10,8,2,2,2,0,0,20,20,0,0,0,5,2014
"Kirk Cousins",7102,"QB","WAS",1,10,10,0,32,0,1,10,10,90,10,0,1,1,1,1,10,9,1,3,3,1,0,30,30,0,10,0,5,2014
"Nick Foles",7089,"QB","PHI",1,10,0,0,24,0,1,40,10,90,0,0,1,0,4,1,10,9,0,2,3,1,0,20,30,0,10,0,5,2014
"Michael Vick",773,"QB","NYJ",1,9,11.1,0,22,0,0,22.2,11.1,100,0,0,0,1,2,1,9,9,0,3,2,0,0,33.3,22.2,0,0,0,5,2014
"Blake Bortles",8638,"QB","JAX",1,9,0,0,15,0,0,0,11.1,55.6,44.4,0,0,0,0,1,9,5,4,0,3,0,1,0,33.3,0,0,11.1,5,2014
"Joe Flacco",4332,"QB","BLT",1,9,11.1,0,3,0,0,11.1,77.8,100,0,0,0,1,1,7,9,9,0,0,1,0,0,0,11.1,0,0,0,5,2014
"Peyton Manning",327,"QB","DEN",1,8,25,0,10,0,0,0,12.5,87.5,0,0,0,2,0,1,8,7,0,2,3,0,1,25,37.5,0,0,12.5,5,2014
"Ryan Fitzpatrick",2467,"QB","HST",1,8,0,0,13,0,0,12.5,37.5,100,0,0,0,0,1,3,8,8,0,1,3,0,1,12.5,37.5,0,0,12.5,5,2014
"Jay Cutler",2956,"QB","CHI",1,8,12.5,0,6,0,0,37.5,25,100,-12.5,0,0,1,3,2,8,8,-1,0,3,0,1,0,37.5,0,0,12.5,5,2014
"Drew Stanton",3659,"QB","ARZ",1,8,25,0,1,0,0,0,0,87.5,12.5,0,0,2,0,0,8,7,1,1,3,0,1,12.5,37.5,0,0,12.5,5,2014
"Ben Roethlisberger",1732,"QB","PIT",1,7,14.3,0,25,0,1,14.3,0,71.4,14.3,0,2,1,1,0,7,5,1,1,1,2,1,14.3,14.3,1,28.6,14.3,5,2014
"Russell Wilson",7077,"QB","SEA",1,7,0,0,29,0,1,14.3,14.3,85.7,0,0,1,0,1,1,7,6,0,3,1,1,0,42.9,14.3,0,14.3,0,5,2014
"Charlie Whitehurst",3026,"QB","TEN",1,6,0,0,31,0,0,16.7,0,100,0,0,0,0,1,0,6,6,0,2,3,0,0,33.3,50,0,0,0,5,2014
"Tom Brady",698,"QB","NE",1,6,0,0,19,0,0,50,33.3,100,0,0,0,0,3,2,6,6,0,1,1,0,1,16.7,16.7,0,0,16.7,5,2014
"Alex Smith",2218,"QB","KC",1,6,0,0,16,0,0,16.7,16.7,100,0,0,0,0,1,1,6,6,0,1,4,0,0,16.7,66.7,0,0,0,5,2014
"Brian Hoyer",5277,"QB","CLV",1,5,0,0,8,0,0,0,20,60,40,0,0,0,0,1,5,3,2,1,1,0,1,20,20,0,0,20,5,2014
"Aaron Rodgers",2241,"QB","GB",1,5,40,0,12,0,0,20,20,100,0,0,0,2,1,1,5,5,0,0,1,0,0,0,20,0,0,0,5,2014
"Andy Dalton",6187,"QB","CIN",1,5,0,0,7,0,0,60,0,100,0,0,0,0,3,0,5,5,0,1,2,0,0,20,40,0,0,0,5,2014
"Logan Thomas",8755,"QB","ARZ",1,4,25,0,1,0,0,25,25,100,0,0,1,1,1,1,4,4,0,1,0,1,0,25,0,1,25,0,5,2014
"Eli Manning",1722,"QB","NYG",1,3,0,0,21,0,0,0,66.7,100,0,0,0,0,0,2,3,3,0,1,0,0,0,33.3,0,0,0,0,5,2014
"Geno Smith",7820,"QB","NYJ",1,3,33.3,0,22,0,0,66.7,0,100,0,0,0,1,2,0,3,3,0,0,0,0,0,0,0,0,0,0,5,2014
"Jake Locker",6160,"QB","TEN",1,3,0,0,31,0,0,0,66.7,100,-33.3,0,0,0,0,2,3,3,-1,1,0,0,1,33.3,0,0,0,33.3,5,2014
"Mike Glennon",7854,"QB","TB",1,20,10,0,30,1,0,15,30,90,5,0,2,2,3,6,20,18,1,4,4,2,1,20,20,1,10,5,6,2014
"Teddy Bridgewater",8667,"QB","MIN",1,20,5,0,18,0,0,20,30,65,30,0,1,1,4,6,20,13,6,2,4,1,0,10,20,1,5,0,6,2014
"Jay Cutler",2956,"QB","CHI",1,18,11.1,0,6,1,0,5.6,22.2,94.4,0,0,1,2,1,4,18,17,0,2,8,1,1,11.1,44.4,0,5.6,5.6,6,2014
"Geno Smith",7820,"QB","NYJ",1,17,0,0,22,0,0,35.3,35.3,100,0,0,0,0,6,6,17,17,0,3,5,0,1,17.6,29.4,0,0,5.9,6,2014
"Austin Davis",7305,"QB","SL",1,17,41.2,0,26,0,0,5.9,11.8,94.1,0,0,0,7,1,2,17,16,0,2,6,0,1,11.8,35.3,0,0,5.9,6,2014
"Blake Bortles",8638,"QB","JAX",1,16,6.3,0,15,0,0,6.3,37.5,93.8,-25,0,1,1,1,6,16,15,-4,2,4,1,5,12.5,25,1,6.3,31.3,6,2014
"Carson Palmer",1317,"QB","ARZ",1,15,13.3,0,1,0,0,26.7,40,93.3,6.7,0,0,2,4,6,15,14,1,5,4,0,0,33.3,26.7,0,0,0,6,2014
"Kyle Orton",2323,"QB","BUF",1,13,15.4,0,4,0,0,30.8,15.4,100,0,0,0,2,4,2,13,13,0,1,5,0,1,7.7,38.5,0,0,7.7,6,2014
"Andrew Luck",7007,"QB","IND",1,13,7.7,0,14,0,0,7.7,30.8,76.9,7.7,0,1,1,1,4,13,10,1,2,4,1,2,15.4,30.8,1,7.7,15.4,6,2014
"Russell Wilson",7077,"QB","SEA",1,12,0,0,29,2,0,25,16.7,75,8.3,0,3,0,3,2,12,9,1,2,1,3,1,16.7,8.3,1,25,8.3,6,2014
"Matt Ryan",4317,"QB","ATL",1,12,16.7,0,2,0,0,8.3,58.3,91.7,8.3,0,0,2,1,7,12,11,1,1,5,0,0,8.3,41.7,0,0,0,6,2014
"Charlie Whitehurst",3026,"QB","TEN",1,12,25,0,31,0,0,25,8.3,100,0,0,0,3,3,1,12,12,0,3,4,0,0,25,33.3,0,0,0,6,2014
"Ben Roethlisberger",1732,"QB","PIT",1,11,27.3,0,25,0,0,0,18.2,100,-9.1,0,0,3,0,2,11,11,-1,3,4,0,1,27.3,36.4,0,0,9.1,6,2014
"Eli Manning",1722,"QB","NYG",1,11,9.1,0,21,0,0,27.3,18.2,90.9,0,0,1,1,3,2,11,10,0,2,3,1,0,18.2,27.3,1,9.1,0,6,2014
"Nick Foles",7089,"QB","PHI",1,11,18.2,0,24,0,0,18.2,18.2,100,0,0,0,2,2,2,11,11,0,4,2,0,0,36.4,18.2,0,0,0,6,2014
"Cam Newton",6153,"QB","CAR",1,11,18.2,0,5,0,0,9.1,36.4,100,0,0,0,2,1,4,11,11,0,2,2,0,0,18.2,18.2,0,0,0,6,2014
"Peyton Manning",327,"QB","DEN",1,10,10,0,10,0,1,0,40,80,10,0,1,1,0,4,10,8,1,1,2,1,0,10,20,0,10,0,6,2014
"Aaron Rodgers",2241,"QB","GB",1,10,30,0,12,0,0,0,50,100,0,0,0,3,0,5,10,10,0,0,3,0,0,0,30,0,0,0,6,2014
"Philip Rivers",1725,"QB","SD",1,10,10,0,27,0,0,10,60,90,10,0,0,1,1,6,10,9,1,0,3,0,0,0,30,0,0,0,6,2014
"Colin Kaepernick",6188,"QB","SF",1,9,11.1,0,28,1,0,22.2,0,66.7,22.2,0,1,1,2,0,9,6,2,1,4,1,0,11.1,44.4,0,11.1,0,6,2014
"Tom Brady",698,"QB","NE",1,9,0,0,19,0,0,0,44.4,100,0,0,0,0,0,4,9,9,0,3,2,0,0,33.3,22.2,0,0,0,6,2014
"Tony Romo",1693,"QB","DAL",1,9,11.1,0,9,0,0,22.2,11.1,100,0,0,0,1,2,1,9,9,0,1,4,0,1,11.1,44.4,0,0,11.1,6,2014
"Ryan Tannehill",7014,"QB","MIA",1,8,25,0,17,0,0,0,12.5,100,0,0,0,2,0,1,8,8,0,1,4,0,0,12.5,50,0,0,0,6,2014
"Andy Dalton",6187,"QB","CIN",1,8,25,0,7,0,0,12.5,0,87.5,12.5,0,0,2,1,0,8,7,1,3,2,0,0,37.5,25,0,0,0,6,2014
"Ryan Fitzpatrick",2467,"QB","HST",1,8,12.5,0,13,0,0,0,25,87.5,0,0,1,1,0,2,8,7,0,3,1,1,0,37.5,12.5,1,12.5,0,6,2014
"Brian Hoyer",5277,"QB","CLV",1,7,0,0,8,1,0,14.3,0,85.7,0,0,1,0,1,0,7,6,0,3,1,1,1,42.9,14.3,0,14.3,14.3,6,2014
"Matthew Stafford",4924,"QB","DET",1,7,71.4,0,11,0,0,14.3,28.6,100,0,0,0,5,1,2,7,7,0,1,2,0,0,14.3,28.6,0,0,0,6,2014
"Kirk Cousins",7102,"QB","WAS",1,7,0,0,32,0,0,0,0,57.1,42.9,0,0,0,0,0,7,4,3,1,2,0,1,14.3,28.6,0,0,14.3,6,2014
"Joe Flacco",4332,"QB","BLT",1,5,40,0,3,0,0,20,20,100,0,0,0,2,1,1,5,5,0,1,1,0,0,20,20,0,0,0,6,2014
"Derek Carr",8671,"QB","OAK",1,5,40,0,23,0,0,0,20,100,0,0,0,2,0,1,5,5,0,0,2,0,0,0,40,0,0,0,6,2014
"Ryan Nassib",7892,"QB","NYG",1,2,0,0,21,0,0,0,50,50,0,0,1,0,0,1,2,1,0,0,1,1,0,0,50,1,50,0,6,2014
"Christian Ponder",6164,"QB","MIN",1,21,23.8,0,18,0,0,14.3,14.3,90.5,9.5,0,0,5,3,3,21,19,2,4,7,0,0,19,33.3,0,0,0,5,2014
"Matt Ryan",4317,"QB","ATL",1,16,6.3,0,2,0,0,37.5,31.3,100,0,0,0,1,6,5,16,16,0,3,2,0,0,18.8,12.5,0,0,0,5,2014
"Andrew Luck",7007,"QB","IND",1,16,0,0,14,1,1,6.3,25,81.3,6.3,0,2,0,1,4,16,13,1,4,6,2,0,25,37.5,0,12.5,0,5,2014
"Austin Davis",7305,"QB","SL",1,15,20,0,26,0,0,13.3,40,80,13.3,0,1,3,2,6,15,12,2,4,2,1,0,26.7,13.3,1,6.7,0,5,2014
"Kyle Orton",2323,"QB","BUF",1,13,15.4,0,4,0,0,23.1,7.7,84.6,7.7,0,1,2,3,1,13,11,1,1,4,1,0,7.7,30.8,1,7.7,0,5,2014
"Drew Brees",802,"QB","NO",1,13,23.1,0,20,0,0,7.7,15.4,100,0,0,0,3,1,2,13,13,0,6,5,0,0,46.2,38.5,0,0,0,5,2014
"Philip Rivers",1725,"QB","SD",1,12,25,0,27,0,0,0,25,100,-8.3,0,0,3,0,3,12,12,-1,3,4,0,1,25,33.3,0,0,8.3,5,2014
"Mike Glennon",7854,"QB","TB",1,12,0,0,30,0,2,25,0,66.7,16.7,0,2,0,3,0,12,8,2,2,2,2,1,16.7,16.7,0,16.7,8.3,5,2014
"Colin Kaepernick",6188,"QB","SF",1,12,0,0,28,0,0,25,16.7,100,0,0,0,0,3,2,12,12,0,3,5,0,0,25,41.7,0,0,0,5,2014
"Cam Newton",6153,"QB","CAR",1,11,18.2,0,5,1,0,18.2,18.2,63.6,27.3,0,1,2,2,2,11,7,3,0,1,1,0,0,9.1,0,9.1,0,5,2014
"Matthew Stafford",4924,"QB","DET",1,10,10,0,11,0,0,50,60,100,0,0,1,1,5,6,10,10,0,0,1,1,0,0,10,1,10,0,5,2014
"Tony Romo",1693,"QB","DAL",1,10,0,0,9,0,0,0,40,80,20,0,0,0,0,4,10,8,2,2,2,0,0,20,20,0,0,0,5,2014
"Kirk Cousins",7102,"QB","WAS",1,10,10,0,32,0,1,10,10,90,10,0,1,1,1,1,10,9,1,3,3,1,0,30,30,0,10,0,5,2014
"Nick Foles",7089,"QB","PHI",1,10,0,0,24,0,1,40,10,90,0,0,1,0,4,1,10,9,0,2,3,1,0,20,30,0,10,0,5,2014
"Michael Vick",773,"QB","NYJ",1,9,11.1,0,22,0,0,22.2,11.1,100,0,0,0,1,2,1,9,9,0,3,2,0,0,33.3,22.2,0,0,0,5,2014
"Blake Bortles",8638,"QB","JAX",1,9,0,0,15,0,0,0,11.1,55.6,44.4,0,0,0,0,1,9,5,4,0,3,0,1,0,33.3,0,0,11.1,5,2014
"Joe Flacco",4332,"QB","BLT",1,9,11.1,0,3,0,0,11.1,77.8,100,0,0,0,1,1,7,9,9,0,0,1,0,0,0,11.1,0,0,0,5,2014
"Peyton Manning",327,"QB","DEN",1,8,25,0,10,0,0,0,12.5,87.5,0,0,0,2,0,1,8,7,0,2,3,0,1,25,37.5,0,0,12.5,5,2014
"Ryan Fitzpatrick",2467,"QB","HST",1,8,0,0,13,0,0,12.5,37.5,100,0,0,0,0,1,3,8,8,0,1,3,0,1,12.5,37.5,0,0,12.5,5,2014
"Jay Cutler",2956,"QB","CHI",1,8,12.5,0,6,0,0,37.5,25,100,-12.5,0,0,1,3,2,8,8,-1,0,3,0,1,0,37.5,0,0,12.5,5,2014
"Drew Stanton",3659,"QB","ARZ",1,8,25,0,1,0,0,0,0,87.5,12.5,0,0,2,0,0,8,7,1,1,3,0,1,12.5,37.5,0,0,12.5,5,2014
"Ben Roethlisberger",1732,"QB","PIT",1,7,14.3,0,25,0,1,14.3,0,71.4,14.3,0,2,1,1,0,7,5,1,1,1,2,1,14.3,14.3,1,28.6,14.3,5,2014
"Russell Wilson",7077,"QB","SEA",1,7,0,0,29,0,1,14.3,14.3,85.7,0,0,1,0,1,1,7,6,0,3,1,1,0,42.9,14.3,0,14.3,0,5,2014
"Charlie Whitehurst",3026,"QB","TEN",1,6,0,0,31,0,0,16.7,0,100,0,0,0,0,1,0,6,6,0,2,3,0,0,33.3,50,0,0,0,5,2014
"Tom Brady",698,"QB","NE",1,6,0,0,19,0,0,50,33.3,100,0,0,0,0,3,2,6,6,0,1,1,0,1,16.7,16.7,0,0,16.7,5,2014
"Alex Smith",2218,"QB","KC",1,6,0,0,16,0,0,16.7,16.7,100,0,0,0,0,1,1,6,6,0,1,4,0,0,16.7,66.7,0,0,0,5,2014
"Brian Hoyer",5277,"QB","CLV",1,5,0,0,8,0,0,0,20,60,40,0,0,0,0,1,5,3,2,1,1,0,1,20,20,0,0,20,5,2014
"Aaron Rodgers",2241,"QB","GB",1,5,40,0,12,0,0,20,20,100,0,0,0,2,1,1,5,5,0,0,1,0,0,0,20,0,0,0,5,2014
"Andy Dalton",6187,"QB","CIN",1,5,0,0,7,0,0,60,0,100,0,0,0,0,3,0,5,5,0,1,2,0,0,20,40,0,0,0,5,2014
"Logan Thomas",8755,"QB","ARZ",1,4,25,0,1,0,0,25,25,100,0,0,1,1,1,1,4,4,0,1,0,1,0,25,0,1,25,0,5,2014
"Eli Manning",1722,"QB","NYG",1,3,0,0,21,0,0,0,66.7,100,0,0,0,0,0,2,3,3,0,1,0,0,0,33.3,0,0,0,0,5,2014
"Geno Smith",7820,"QB","NYJ",1,3,33.3,0,22,0,0,66.7,0,100,0,0,0,1,2,0,3,3,0,0,0,0,0,0,0,0,0,0,5,2014
"Jake Locker",6160,"QB","TEN",1,3,0,0,31,0,0,0,66.7,100,-33.3,0,0,0,0,2,3,3,-1,1,0,0,1,33.3,0,0,0,33.3,5,2014
"Mike Glennon",7854,"QB","TB",1,20,10,0,30,1,0,15,30,90,5,0,2,2,3,6,20,18,1,4,4,2,1,20,20,1,10,5,6,2014
"Teddy Bridgewater",8667,"QB","MIN",1,20,5,0,18,0,0,20,30,65,30,0,1,1,4,6,20,13,6,2,4,1,0,10,20,1,5,0,6,2014
"Jay Cutler",2956,"QB","CHI",1,18,11.1,0,6,1,0,5.6,22.2,94.4,0,0,1,2,1,4,18,17,0,2,8,1,1,11.1,44.4,0,5.6,5.6,6,2014
"Geno Smith",7820,"QB","NYJ",1,17,0,0,22,0,0,35.3,35.3,100,0,0,0,0,6,6,17,17,0,3,5,0,1,17.6,29.4,0,0,5.9,6,2014
"Austin Davis",7305,"QB","SL",1,17,41.2,0,26,0,0,5.9,11.8,94.1,0,0,0,7,1,2,17,16,0,2,6,0,1,11.8,35.3,0,0,5.9,6,2014
"Blake Bortles",8638,"QB","JAX",1,16,6.3,0,15,0,0,6.3,37.5,93.8,-25,0,1,1,1,6,16,15,-4,2,4,1,5,12.5,25,1,6.3,31.3,6,2014
"Carson Palmer",1317,"QB","ARZ",1,15,13.3,0,1,0,0,26.7,40,93.3,6.7,0,0,2,4,6,15,14,1,5,4,0,0,33.3,26.7,0,0,0,6,2014
"Kyle Orton",2323,"QB","BUF",1,13,15.4,0,4,0,0,30.8,15.4,100,0,0,0,2,4,2,13,13,0,1,5,0,1,7.7,38.5,0,0,7.7,6,2014
"Andrew Luck",7007,"QB","IND",1,13,7.7,0,14,0,0,7.7,30.8,76.9,7.7,0,1,1,1,4,13,10,1,2,4,1,2,15.4,30.8,1,7.7,15.4,6,2014
"Russell Wilson",7077,"QB","SEA",1,12,0,0,29,2,0,25,16.7,75,8.3,0,3,0,3,2,12,9,1,2,1,3,1,16.7,8.3,1,25,8.3,6,2014
"Matt Ryan",4317,"QB","ATL",1,12,16.7,0,2,0,0,8.3,58.3,91.7,8.3,0,0,2,1,7,12,11,1,1,5,0,0,8.3,41.7,0,0,0,6,2014
"Charlie Whitehurst",3026,"QB","TEN",1,12,25,0,31,0,0,25,8.3,100,0,0,0,3,3,1,12,12,0,3,4,0,0,25,33.3,0,0,0,6,2014
"Ben Roethlisberger",1732,"QB","PIT",1,11,27.3,0,25,0,0,0,18.2,100,-9.1,0,0,3,0,2,11,11,-1,3,4,0,1,27.3,36.4,0,0,9.1,6,2014
"Eli Manning",1722,"QB","NYG",1,11,9.1,0,21,0,0,27.3,18.2,90.9,0,0,1,1,3,2,11,10,0,2,3,1,0,18.2,27.3,1,9.1,0,6,2014
"Nick Foles",7089,"QB","PHI",1,11,18.2,0,24,0,0,18.2,18.2,100,0,0,0,2,2,2,11,11,0,4,2,0,0,36.4,18.2,0,0,0,6,2014
"Cam Newton",6153,"QB","CAR",1,11,18.2,0,5,0,0,9.1,36.4,100,0,0,0,2,1,4,11,11,0,2,2,0,0,18.2,18.2,0,0,0,6,2014
"Peyton Manning",327,"QB","DEN",1,10,10,0,10,0,1,0,40,80,10,0,1,1,0,4,10,8,1,1,2,1,0,10,20,0,10,0,6,2014
"Aaron Rodgers",2241,"QB","GB",1,10,30,0,12,0,0,0,50,100,0,0,0,3,0,5,10,10,0,0,3,0,0,0,30,0,0,0,6,2014
"Philip Rivers",1725,"QB","SD",1,10,10,0,27,0,0,10,60,90,10,0,0,1,1,6,10,9,1,0,3,0,0,0,30,0,0,0,6,2014
"Colin Kaepernick",6188,"QB","SF",1,9,11.1,0,28,1,0,22.2,0,66.7,22.2,0,1,1,2,0,9,6,2,1,4,1,0,11.1,44.4,0,11.1,0,6,2014
"Tom Brady",698,"QB","NE",1,9,0,0,19,0,0,0,44.4,100,0,0,0,0,0,4,9,9,0,3,2,0,0,33.3,22.2,0,0,0,6,2014
"Tony Romo",1693,"QB","DAL",1,9,11.1,0,9,0,0,22.2,11.1,100,0,0,0,1,2,1,9,9,0,1,4,0,1,11.1,44.4,0,0,11.1,6,2014
"Ryan Tannehill",7014,"QB","MIA",1,8,25,0,17,0,0,0,12.5,100,0,0,0,2,0,1,8,8,0,1,4,0,0,12.5,50,0,0,0,6,2014
"Andy Dalton",6187,"QB","CIN",1,8,25,0,7,0,0,12.5,0,87.5,12.5,0,0,2,1,0,8,7,1,3,2,0,0,37.5,25,0,0,0,6,2014
"Ryan Fitzpatrick",2467,"QB","HST",1,8,12.5,0,13,0,0,0,25,87.5,0,0,1,1,0,2,8,7,0,3,1,1,0,37.5,12.5,1,12.5,0,6,2014
"Brian Hoyer",5277,"QB","CLV",1,7,0,0,8,1,0,14.3,0,85.7,0,0,1,0,1,0,7,6,0,3,1,1,1,42.9,14.3,0,14.3,14.3,6,2014
"Matthew Stafford",4924,"QB","DET",1,7,71.4,0,11,0,0,14.3,28.6,100,0,0,0,5,1,2,7,7,0,1,2,0,0,14.3,28.6,0,0,0,6,2014
"Kirk Cousins",7102,"QB","WAS",1,7,0,0,32,0,0,0,0,57.1,42.9,0,0,0,0,0,7,4,3,1,2,0,1,14.3,28.6,0,0,14.3,6,2014
"Joe Flacco",4332,"QB","BLT",1,5,40,0,3,0,0,20,20,100,0,0,0,2,1,1,5,5,0,1,1,0,0,20,20,0,0,0,6,2014
"Derek Carr",8671,"QB","OAK",1,5,40,0,23,0,0,0,20,100,0,0,0,2,0,1,5,5,0,0,2,0,0,0,40,0,0,0,6,2014
"Ryan Nassib",7892,"QB","NYG",1,2,0,0,21,0,0,0,50,50,0,0,1,0,0,1,2,1,0,0,1,1,0,0,50,1,50,0,6,2014
"Ryan Fitzpatrick",2467,"QB","HST",1,19,31.6,0,13,0,0,10.5,5.3,94.7,5.3,0,0,6,2,1,19,18,1,2,9,0,0,10.5,47.4,0,0,0,7,2014
"Matt Ryan",4317,"QB","ATL",1,16,12.5,0,2,0,0,6.3,31.3,81.3,6.3,0,1,2,1,5,16,13,1,1,5,1,2,6.3,31.3,1,6.3,12.5,7,2014
"Drew Brees",802,"QB","NO",1,16,12.5,0,20,0,0,31.3,25,100,0,0,0,2,5,4,16,16,0,3,5,0,0,18.8,31.3,0,0,0,7,2014
"Colin Kaepernick",6188,"QB","SF",1,16,18.8,0,28,0,0,37.5,37.5,93.8,0,0,1,3,6,6,16,15,0,1,4,1,1,6.3,25,1,6.3,6.3,7,2014
"Russell Wilson",7077,"QB","SEA",1,16,18.8,0,29,1,0,18.8,12.5,93.8,0,0,1,3,3,2,16,15,0,0,7,1,1,0,43.8,0,6.3,6.3,7,2014
"Cam Newton",6153,"QB","CAR",1,15,0,0,5,0,0,20,46.7,100,0,0,0,0,3,7,15,15,0,3,4,0,0,20,26.7,0,0,0,7,2014
"Kyle Orton",2323,"QB","BUF",1,15,6.7,0,4,0,0,26.7,33.3,86.7,13.3,0,0,1,4,5,15,13,2,3,3,0,0,20,20,0,0,0,7,2014
"Andrew Luck",7007,"QB","IND",1,14,21.4,0,14,0,2,14.3,14.3,85.7,0,0,2,3,2,2,14,12,0,3,5,2,1,21.4,35.7,0,14.3,7.1,7,2014
"Geno Smith",7820,"QB","NYJ",1,13,15.4,0,22,0,0,30.8,0,84.6,7.7,0,1,2,4,0,13,11,1,2,4,1,0,15.4,30.8,1,7.7,0,7,2014
"Tom Brady",698,"QB","NE",1,12,16.7,0,19,0,0,33.3,16.7,91.7,0,0,1,2,4,2,12,11,0,3,1,1,0,25,8.3,1,8.3,0,7,2014
"Philip Rivers",1725,"QB","SD",1,12,0,0,27,0,0,16.7,25,91.7,8.3,0,0,0,2,3,12,11,1,1,5,0,1,8.3,41.7,0,0,8.3,7,2014
"Ben Roethlisberger",1732,"QB","PIT",1,11,0,0,25,0,1,18.2,27.3,90.9,0,0,1,0,2,3,11,10,0,2,2,1,3,18.2,18.2,0,9.1,27.3,7,2014
"Brian Hoyer",5277,"QB","CLV",1,10,20,0,8,0,0,10,10,90,10,0,0,2,1,1,10,9,1,3,5,0,0,30,50,0,0,0,7,2014
"Matthew Stafford",4924,"QB","DET",1,10,0,0,11,0,0,20,0,90,10,0,0,0,2,0,10,9,1,4,4,0,0,40,40,0,0,0,7,2014
"Andy Dalton",6187,"QB","CIN",1,9,0,0,7,0,0,44.4,0,100,0,0,0,0,4,0,9,9,0,2,4,0,0,22.2,44.4,0,0,0,7,2014
"Charlie Whitehurst",3026,"QB","TEN",1,9,11.1,0,31,0,0,11.1,22.2,88.9,11.1,0,0,1,1,2,9,8,1,1,2,0,1,11.1,22.2,0,0,11.1,7,2014
"Jay Cutler",2956,"QB","CHI",1,8,12.5,0,6,0,0,25,62.5,100,0,0,0,1,2,5,8,8,0,0,3,0,0,0,37.5,0,0,0,7,2014
"Teddy Bridgewater",8667,"QB","MIN",1,8,0,0,18,0,0,50,25,100,0,0,0,0,4,2,8,8,0,2,3,0,0,25,37.5,0,0,0,7,2014
"Alex Smith",2218,"QB","KC",1,8,0,0,16,1,1,25,37.5,75,0,0,2,0,2,3,8,6,0,0,1,2,0,0,12.5,0,25,0,7,2014
"Derek Carr",8671,"QB","OAK",1,7,0,0,23,0,0,14.3,28.6,71.4,28.6,0,0,0,1,2,7,5,2,2,0,0,0,28.6,0,0,0,0,7,2014
"Blake Bortles",8638,"QB","JAX",1,7,14.3,0,15,1,0,14.3,0,71.4,0,0,2,1,1,0,7,5,0,0,0,2,3,0,0,1,28.6,42.9,7,2014
"Austin Davis",7305,"QB","SL",1,6,0,0,26,0,0,0,33.3,83.3,16.7,0,0,0,0,2,6,5,1,1,2,0,0,16.7,33.3,0,0,0,7,2014
"Ryan Tannehill",7014,"QB","MIA",1,6,0,0,17,0,0,16.7,16.7,83.3,16.7,0,1,0,1,1,6,5,1,1,2,1,1,16.7,33.3,1,16.7,16.7,7,2014
"Tony Romo",1693,"QB","DAL",1,6,16.7,0,9,0,0,33.3,33.3,83.3,0,0,1,1,2,2,6,5,0,0,2,1,0,0,33.3,1,16.7,0,7,2014
"Eli Manning",1722,"QB","NYG",1,6,16.7,0,21,0,0,33.3,66.7,100,0,0,0,1,2,4,6,6,0,0,0,0,0,0,0,0,0,0,7,2014
"Joe Flacco",4332,"QB","BLT",1,6,0,0,3,0,0,0,50,100,0,0,0,0,0,3,6,6,0,1,1,0,1,16.7,16.7,0,0,16.7,7,2014
"Carson Palmer",1317,"QB","ARZ",1,5,20,0,1,0,0,20,20,100,0,0,0,1,1,1,5,5,0,2,1,0,0,40,20,0,0,0,7,2014
"Peyton Manning",327,"QB","DEN",1,5,0,0,10,1,0,0,0,80,0,0,1,0,0,0,5,4,0,0,4,1,0,0,80,0,20,0,7,2014
"Aaron Rodgers",2241,"QB","GB",1,4,0,0,12,0,0,0,0,75,25,0,0,0,0,0,4,3,1,0,1,0,2,0,25,0,0,50,7,2014
"Colt McCoy",5609,"QB","WAS",1,3,0,0,32,0,0,33.3,0,66.7,33.3,0,1,0,1,0,3,2,1,0,1,1,0,0,33.3,1,33.3,0,7,2014
"Kirk Cousins",7102,"QB","WAS",1,3,0,0,32,0,0,33.3,0,100,0,0,0,0,1,0,3,3,0,1,1,0,0,33.3,33.3,0,0,0,7,2014
"Derek Anderson",2430,"QB","CAR",1,2,0,0,5,0,0,0,50,100,0,0,0,0,0,1,2,2,0,1,0,0,0,50,0,0,0,0,7,2014
"Mohamed Sanu",7084,"WR","CIN",1,1,0,0,7,0,0,0,0,0,100,0,1,0,0,0,1,0,1,0,0,0,0,0,0,1,0,0,7,2014
"Brock Osweiler",7059,"QB","DEN",1,1,100,0,10,0,0,0,0,100,0,0,0,1,0,0,1,1,0,0,0,0,0,0,0,0,0,0,7,2014
"Blaine Gabbert",6162,"QB","SF",1,1,0,0,28,0,0,100,0,100,0,0,0,0,1,0,1,1,0,0,0,0,0,0,0,0,0,0,7,2014
"Antonio Brown",5718,"WR","PIT",1,1,0,0,25,0,0,0,0,100,0,0,0,0,0,0,1,1,0,0,1,0,0,0,100,0,0,0,7,2014
"Andrew Luck",7007,"QB","IND",1,18,22.2,0,14,0,2,0,22.2,72.2,16.7,0,2,4,0,4,18,13,3,3,2,2,1,16.7,11.1,0,11.1,5.6,8,2014
"Teddy Bridgewater",8667,"QB","MIN",1,18,5.6,0,18,1,0,22.2,27.8,83.3,11.1,0,1,1,4,5,18,15,2,4,3,1,0,22.2,16.7,0,5.6,0,8,2014
"Michael Vick",773,"QB","NYJ",1,17,0,0,22,0,1,29.4,23.5,94.1,0,0,1,0,5,4,17,16,0,4,5,1,0,23.5,29.4,0,5.9,0,8,2014
"Austin Davis",7305,"QB","SL",1,16,0,0,26,0,0,12.5,25,87.5,6.3,0,2,0,2,4,16,14,1,5,7,2,0,31.3,43.8,2,12.5,0,8,2014
"Ryan Fitzpatrick",2467,"QB","HST",1,13,7.7,0,13,0,0,23.1,0,76.9,7.7,0,2,1,3,0,13,10,1,3,3,2,3,23.1,23.1,2,15.4,23.1,8,2014
"Derek Carr",8671,"QB","OAK",1,13,0,0,23,0,0,23.1,7.7,76.9,15.4,0,1,0,3,1,13,10,2,3,4,1,0,23.1,30.8,1,7.7,0,8,2014
"Aaron Rodgers",2241,"QB","GB",1,13,7.7,0,12,0,0,30.8,15.4,100,0,0,0,1,4,2,13,13,0,1,7,0,0,7.7,53.8,0,0,0,8,2014
"Philip Rivers",1725,"QB","SD",1,12,25,0,27,0,1,33.3,8.3,75,8.3,0,2,3,4,1,12,9,1,2,2,2,0,16.7,16.7,1,16.7,0,8,2014
"Cam Newton",6153,"QB","CAR",1,12,0,0,5,0,0,0,50,75,25,0,0,0,0,6,12,9,3,4,2,0,0,33.3,16.7,0,0,0,8,2014
"Mike Glennon",7854,"QB","TB",1,12,8.3,0,30,0,0,8.3,33.3,66.7,16.7,0,2,1,1,4,12,8,2,2,0,2,0,16.7,0,2,16.7,0,8,2014
"Zach Mettenberger",8813,"QB","TEN",1,12,16.7,0,31,0,0,0,8.3,91.7,8.3,0,0,2,0,1,12,11,1,3,6,0,0,25,50,0,0,0,8,2014
"Matt Ryan",4317,"QB","ATL",1,11,9.1,0,2,0,0,27.3,27.3,100,0,0,0,1,3,3,11,11,0,2,1,0,1,18.2,9.1,0,0,9.1,8,2014
"Joe Flacco",4332,"QB","BLT",1,11,27.3,0,3,0,1,9.1,9.1,81.8,0,0,2,3,1,1,11,9,0,2,4,2,0,18.2,36.4,1,18.2,0,8,2014
"Russell Wilson",7077,"QB","SEA",1,10,0,0,29,0,0,30,30,100,0,0,0,0,3,3,10,10,0,2,5,0,0,20,50,0,0,0,8,2014
"Blake Bortles",8638,"QB","JAX",1,10,20,0,15,0,0,20,30,80,20,0,0,2,2,3,10,8,2,0,4,0,0,0,40,0,0,0,8,2014
"Matthew Stafford",4924,"QB","DET",1,10,0,0,11,0,0,10,50,100,0,0,0,0,1,5,10,10,0,2,3,0,0,20,30,0,0,0,8,2014
"Ryan Tannehill",7014,"QB","MIA",1,9,0,0,17,0,0,33.3,0,100,0,0,0,0,3,0,9,9,0,4,2,0,0,44.4,22.2,0,0,0,8,2014
"Drew Brees",802,"QB","NO",1,9,11.1,0,20,0,0,11.1,11.1,77.8,22.2,0,0,1,1,1,9,7,2,2,4,0,0,22.2,44.4,0,0,0,8,2014
"Carson Palmer",1317,"QB","ARZ",1,9,11.1,0,1,0,1,22.2,11.1,88.9,0,0,1,1,2,1,9,8,0,3,4,1,0,33.3,44.4,0,11.1,0,8,2014
"Ben Roethlisberger",1732,"QB","PIT",1,9,11.1,0,25,0,0,44.4,0,100,0,0,0,1,4,0,9,9,0,3,2,0,1,33.3,22.2,0,0,11.1,8,2014
"Alex Smith",2218,"QB","KC",1,9,0,0,16,0,0,22.2,44.4,100,0,0,0,0,2,4,9,9,0,3,2,0,0,33.3,22.2,0,0,0,8,2014
"Jay Cutler",2956,"QB","CHI",1,9,11.1,0,6,0,0,11.1,33.3,77.8,22.2,0,0,1,1,3,9,7,2,1,2,0,1,11.1,22.2,0,0,11.1,8,2014
"Colt McCoy",5609,"QB","WAS",1,9,0,0,32,0,0,11.1,44.4,88.9,11.1,0,1,0,1,4,9,8,1,2,1,1,1,22.2,11.1,1,11.1,11.1,8,2014
"Nick Foles",7089,"QB","PHI",1,9,22.2,0,24,0,0,33.3,22.2,100,-22.2,0,0,2,3,2,9,9,-2,3,1,0,2,33.3,11.1,0,0,22.2,8,2014
"Brian Hoyer",5277,"QB","CLV",1,8,12.5,0,8,0,0,25,12.5,100,0,0,0,1,2,1,8,8,0,2,4,0,0,25,50,0,0,0,8,2014
"Tony Romo",1693,"QB","DAL",1,8,12.5,0,9,0,0,12.5,25,50,37.5,0,0,1,1,2,8,4,3,1,1,0,1,12.5,12.5,0,0,12.5,8,2014
"Andy Dalton",6187,"QB","CIN",1,6,66.7,0,7,0,0,50,0,83.3,16.7,0,0,4,3,0,6,5,1,1,1,0,0,16.7,16.7,0,0,0,8,2014
"Kyle Orton",2323,"QB","BUF",1,5,20,0,4,0,0,20,20,100,0,0,0,1,1,1,5,5,0,2,1,0,0,40,20,0,0,0,8,2014
"Peyton Manning",327,"QB","DEN",1,4,0,0,10,0,0,50,25,100,0,0,0,0,2,1,4,4,0,0,1,0,0,0,25,0,0,0,8,2014
"Tom Brady",698,"QB","NE",1,4,0,0,19,0,0,25,0,75,25,0,0,0,1,0,4,3,1,1,1,0,0,25,25,0,0,0,8,2014
"Geno Smith",7820,"QB","NYJ",1,4,0,0,22,0,0,50,0,75,25,0,0,0,2,0,4,3,1,0,0,0,1,0,0,0,0,25,8,2014
"Matt Flynn",4523,"QB","GB",1,1,0,0,12,0,0,0,100,100,0,0,0,0,0,1,1,1,0,0,0,0,0,0,0,0,0,0,8,2014
"Jimmy Clausen",5573,"QB","CHI",1,1,100,0,6,0,0,0,0,100,0,0,0,1,0,0,1,1,0,0,0,0,0,0,0,0,0,0,8,2014
"Brandon Weeden",7028,"QB","DAL",1,1,100,0,9,0,0,0,0,100,0,0,0,1,0,0,1,1,0,0,0,0,0,0,0,0,0,0,8,2014
"Andrew Luck",7007,"QB","IND",1,21,23.8,0,14,0,0,19,9.5,85.7,14.3,0,0,5,4,2,21,18,3,7,2,0,0,33.3,9.5,0,0,0,9,2014
"Ryan Fitzpatrick",2467,"QB","HST",1,17,17.6,0,13,0,1,11.8,17.6,64.7,17.6,0,2,3,2,3,17,11,3,2,4,2,2,11.8,23.5,1,11.8,11.8,9,2014
"Cam Newton",6153,"QB","CAR",1,17,0,0,5,0,0,23.5,47.1,100,0,0,0,0,4,8,17,17,0,3,3,0,0,17.6,17.6,0,0,0,9,2014
"Robert Griffin III",7008,"QB","WAS",1,16,12.5,0,32,0,0,12.5,31.3,81.3,12.5,0,2,2,2,5,16,13,2,2,4,2,0,12.5,25,2,12.5,0,9,2014
"Teddy Bridgewater",8667,"QB","MIN",1,15,13.3,0,18,0,0,40,13.3,80,20,0,0,2,6,2,15,12,3,2,3,0,0,13.3,20,0,0,0,9,2014
"Eli Manning",1722,"QB","NYG",1,15,13.3,0,21,0,0,13.3,33.3,86.7,13.3,0,0,2,2,5,15,13,2,5,1,0,0,33.3,6.7,0,0,0,9,2014
"Joe Flacco",4332,"QB","BLT",1,15,53.3,0,3,2,0,6.7,26.7,86.7,0,0,3,8,1,4,15,13,0,0,0,3,0,0,0,1,20,0,9,2014
"Russell Wilson",7077,"QB","SEA",1,14,14.3,0,29,0,0,21.4,21.4,92.9,0,0,1,2,3,3,14,13,0,1,5,1,0,7.1,35.7,1,7.1,0,9,2014
"Peyton Manning",327,"QB","DEN",1,13,7.7,0,10,0,0,0,15.4,69.2,30.8,0,0,1,0,2,13,9,4,3,2,0,1,23.1,15.4,0,0,7.7,9,2014
"Derek Carr",8671,"QB","OAK",1,12,16.7,0,23,0,0,16.7,8.3,100,0,0,0,2,2,1,12,12,0,5,4,0,0,41.7,33.3,0,0,0,9,2014
"Ben Roethlisberger",1732,"QB","PIT",1,12,8.3,0,25,0,0,33.3,8.3,100,0,0,0,1,4,1,12,12,0,3,5,0,1,25,41.7,0,0,8.3,9,2014
"Brian Hoyer",5277,"QB","CLV",1,12,25,0,8,1,1,0,0,75,16.7,0,2,3,0,0,12,9,2,3,4,2,0,25,33.3,0,16.7,0,9,2014
"Philip Rivers",1725,"QB","SD",1,12,25,0,27,0,0,16.7,41.7,100,0,0,0,3,2,5,12,12,0,0,3,0,0,0,25,0,0,0,9,2014
"Drew Brees",802,"QB","NO",1,12,8.3,0,20,0,0,25,16.7,83.3,16.7,0,0,1,3,2,12,10,2,3,1,0,1,25,8.3,0,0,8.3,9,2014
"Mike Glennon",7854,"QB","TB",1,12,0,0,30,0,0,0,25,75,16.7,0,1,0,0,3,12,9,2,2,3,1,1,16.7,25,1,8.3,8.3,9,2014
"Tom Brady",698,"QB","NE",1,12,25,0,19,0,0,33.3,16.7,100,0,0,0,3,4,2,12,12,0,1,5,0,0,8.3,41.7,0,0,0,9,2014
"Ryan Tannehill",7014,"QB","MIA",1,11,0,0,17,0,0,45.5,18.2,90.9,9.1,0,0,0,5,2,11,10,1,3,2,0,0,27.3,18.2,0,0,0,9,2014
"Austin Davis",7305,"QB","SL",1,10,10,0,26,0,0,10,10,90,0,0,1,1,1,1,10,9,0,2,4,1,0,20,40,1,10,0,9,2014
"Carson Palmer",1317,"QB","ARZ",1,10,20,0,1,0,0,30,0,100,0,0,0,2,3,0,10,10,0,4,5,0,0,40,50,0,0,0,9,2014
"Colin Kaepernick",6188,"QB","SF",1,8,25,0,28,0,0,12.5,25,87.5,0,0,1,2,1,2,8,7,0,3,3,1,0,37.5,37.5,1,12.5,0,9,2014
"Blake Bortles",8638,"QB","JAX",1,8,0,0,15,0,0,25,12.5,100,0,0,0,0,2,1,8,8,0,1,4,0,0,12.5,50,0,0,0,9,2014
"Nick Foles",7089,"QB","PHI",1,8,0,0,24,0,0,0,25,100,0,0,0,0,0,2,8,8,0,2,3,0,1,25,37.5,0,0,12.5,9,2014
"Brandon Weeden",7028,"QB","DAL",1,8,50,0,9,0,0,0,37.5,100,0,0,0,4,0,3,8,8,0,0,3,0,0,0,37.5,0,0,0,9,2014
"Michael Vick",773,"QB","NYJ",1,6,16.7,0,22,0,0,33.3,16.7,83.3,0,0,1,1,2,1,6,5,0,0,1,1,0,0,16.7,1,16.7,0,9,2014
"Mark Sanchez",4928,"QB","PHI",1,5,0,0,24,0,0,20,0,80,20,0,0,0,1,0,5,4,1,3,0,0,0,60,0,0,0,0,9,2014
"Alex Smith",2218,"QB","KC",1,3,33.3,0,16,0,0,33.3,0,100,0,0,0,1,1,0,3,3,0,2,0,0,0,66.7,0,0,0,0,9,2014
"Andy Dalton",6187,"QB","CIN",1,2,0,0,7,0,0,0,0,50,0,0,1,0,0,0,2,1,0,0,1,1,0,0,50,1,50,0,9,2014
"Kellen Clemens",2994,"QB","SD",1,2,0,0,27,0,0,0,50,100,0,0,0,0,0,1,2,2,0,1,1,0,0,50,50,0,0,0,9,2014
"Cam Newton",6153,"QB","CAR",1,19,31.6,0,5,0,0,26.3,42.1,89.5,5.3,0,1,6,5,8,19,17,1,1,5,1,0,5.3,26.3,1,5.3,0,10,2014
"Josh McCown",1085,"QB","TB",1,19,5.3,0,30,0,0,15.8,47.4,89.5,5.3,0,1,1,3,9,19,17,1,2,5,1,1,10.5,26.3,1,5.3,5.3,10,2014
"Matthew Stafford",4924,"QB","DET",1,18,16.7,0,11,0,0,16.7,22.2,94.4,5.6,0,0,3,3,4,18,17,1,4,5,0,0,22.2,27.8,0,0,0,10,2014
"Carson Palmer",1317,"QB","ARZ",1,17,5.9,0,1,0,0,29.4,11.8,94.1,5.9,0,0,1,5,2,17,16,1,5,3,0,1,29.4,17.6,0,0,5.9,10,2014
"Derek Carr",8671,"QB","OAK",1,16,25,0,23,0,0,6.3,25,93.8,6.3,0,0,4,1,4,16,15,1,3,7,0,0,18.8,43.8,0,0,0,10,2014
"Ryan Tannehill",7014,"QB","MIA",1,16,25,0,17,1,0,12.5,18.8,93.8,-6.3,0,1,4,2,3,16,15,-1,6,4,1,2,37.5,25,0,6.3,12.5,10,2014
"Drew Brees",802,"QB","NO",1,16,18.8,0,20,1,1,25,12.5,87.5,0,0,2,3,4,2,16,14,0,4,2,2,0,25,12.5,0,12.5,0,10,2014
"Alex Smith",2218,"QB","KC",1,15,13.3,0,16,0,0,20,13.3,100,0,0,0,2,3,2,15,15,0,4,8,0,0,26.7,53.3,0,0,0,10,2014
"Eli Manning",1722,"QB","NYG",1,14,21.4,0,21,0,0,7.1,0,92.9,0,0,2,3,1,0,14,13,0,3,6,2,1,21.4,42.9,2,14.3,7.1,10,2014
"Zach Mettenberger",8813,"QB","TEN",1,12,16.7,0,31,0,0,0,16.7,83.3,8.3,0,1,2,0,2,12,10,1,5,3,1,0,41.7,25,1,8.3,0,10,2014
"Andy Dalton",6187,"QB","CIN",1,12,16.7,0,7,0,0,8.3,25,100,0,0,0,2,1,3,12,12,0,0,5,0,1,0,41.7,0,0,8.3,10,2014
"Matt Ryan",4317,"QB","ATL",1,11,9.1,0,2,0,0,18.2,18.2,100,0,0,0,1,2,2,11,11,0,4,3,0,1,36.4,27.3,0,0,9.1,10,2014
"Jay Cutler",2956,"QB","CHI",1,11,18.2,0,6,0,0,27.3,27.3,100,0,0,0,2,3,3,11,11,0,2,3,0,0,18.2,27.3,0,0,0,10,2014
"Mark Sanchez",4928,"QB","PHI",1,10,20,0,24,0,0,10,0,80,20,0,0,2,1,0,10,8,2,3,2,0,0,30,20,0,0,0,10,2014
"Austin Davis",7305,"QB","SL",1,10,0,0,26,0,0,20,30,100,0,0,0,0,2,3,10,10,0,1,4,0,1,10,40,0,0,10,10,2014
"Peyton Manning",327,"QB","DEN",1,9,0,0,10,0,0,22.2,44.4,88.9,11.1,0,0,0,2,4,9,8,1,2,2,0,0,22.2,22.2,0,0,0,10,2014
"Michael Vick",773,"QB","NYJ",1,9,0,0,22,0,1,11.1,33.3,55.6,22.2,0,3,0,1,3,9,5,2,1,0,3,0,11.1,0,2,33.3,0,10,2014
"Kyle Orton",2323,"QB","BUF",1,9,22.2,0,4,0,0,11.1,0,100,0,0,0,2,1,0,9,9,0,2,5,0,0,22.2,55.6,0,0,0,10,2014
"Colin Kaepernick",6188,"QB","SF",1,9,33.3,0,28,0,0,33.3,11.1,77.8,11.1,0,1,3,3,1,9,7,1,0,4,1,0,0,44.4,1,11.1,0,10,2014
"Blake Bortles",8638,"QB","JAX",1,9,44.4,0,15,0,0,33.3,44.4,100,0,0,0,4,3,4,9,9,0,1,1,0,0,11.1,11.1,0,0,0,10,2014
"Ben Roethlisberger",1732,"QB","PIT",1,7,14.3,0,25,0,0,0,14.3,100,0,0,0,1,0,1,7,7,0,3,1,0,1,42.9,14.3,0,0,14.3,10,2014
"Russell Wilson",7077,"QB","SEA",1,6,0,0,29,0,1,0,0,66.7,0,0,2,0,0,0,6,4,0,3,1,2,0,50,16.7,1,33.3,0,10,2014
"Aaron Rodgers",2241,"QB","GB",1,6,0,0,12,0,0,0,33.3,83.3,16.7,0,0,0,0,2,6,5,1,1,2,0,0,16.7,33.3,0,0,0,10,2014
"Joe Flacco",4332,"QB","BLT",1,5,0,0,3,0,0,0,0,60,40,0,0,0,0,0,5,3,2,0,2,0,1,0,40,0,0,20,10,2014
"Tony Romo",1693,"QB","DAL",1,5,0,0,9,0,0,40,40,100,0,0,0,0,2,2,5,5,0,0,1,0,0,0,20,0,0,0,10,2014
"Brian Hoyer",5277,"QB","CLV",1,3,0,0,8,0,0,0,0,66.7,33.3,0,0,0,0,0,3,2,1,2,0,0,0,66.7,0,0,0,0,10,2014
"Matt Flynn",4523,"QB","GB",1,3,0,0,12,0,0,0,66.7,100,0,0,0,0,0,2,3,3,0,1,0,0,0,33.3,0,0,0,0,10,2014
"Drew Stanton",3659,"QB","ARZ",1,2,0,0,1,0,0,50,0,100,0,0,0,0,1,0,2,2,0,0,1,0,0,0,50,0,0,0,10,2014
"Brock Osweiler",7059,"QB","DEN",1,2,0,0,10,0,0,100,0,100,0,0,0,0,2,0,2,2,0,0,0,0,0,0,0,0,0,0,10,2014
"Jason Campbell",2242,"QB","CIN",1,1,0,0,7,0,0,100,0,100,0,0,0,0,1,0,1,1,0,0,0,0,0,0,0,0,0,0,10,2014
"Matt Barkley",7880,"QB","PHI",1,1,0,0,24,0,0,0,100,100,0,0,0,0,0,1,1,1,0,0,0,0,0,0,0,0,0,0,10,2014
"Jimmy Clausen",5573,"QB","CHI",1,1,0,0,6,0,0,0,0,100,0,0,0,0,0,0,1,1,0,1,0,0,0,100,0,0,0,0,10,2014
"Robert Griffin III",7008,"QB","WAS",1,17,5.9,0,32,0,0,35.3,11.8,94.1,0,0,1,1,6,2,17,16,0,4,7,1,0,23.5,41.2,1,5.9,0,11,2014
"Eli Manning",1722,"QB","NYG",1,17,0,0,21,0,0,17.6,23.5,100,0,0,0,0,3,4,17,17,0,7,9,0,0,41.2,52.9,0,0,0,11,2014
"Ben Roethlisberger",1732,"QB","PIT",1,16,25,0,25,0,1,25,0,93.8,-6.3,0,3,4,4,0,16,15,-1,3,6,3,3,18.8,37.5,2,18.8,18.8,11,2014
"Ryan Tannehill",7014,"QB","MIA",1,16,12.5,0,17,0,0,0,31.3,93.8,-6.3,0,0,2,0,5,16,15,-1,4,7,0,2,25,43.8,0,0,12.5,11,2014
"Matt Ryan",4317,"QB","ATL",1,15,20,0,2,0,0,6.7,40,100,0,0,0,3,1,6,15,15,0,3,3,0,1,20,20,0,0,6.7,11,2014
"Andrew Luck",7007,"QB","IND",1,15,20,0,14,1,1,13.3,26.7,80,13.3,0,3,3,2,4,15,12,2,2,2,3,0,13.3,13.3,1,20,0,11,2014
"Brian Hoyer",5277,"QB","CLV",1,14,7.1,0,8,0,1,0,14.3,64.3,28.6,0,1,1,0,2,14,9,4,3,3,1,0,21.4,21.4,0,7.1,0,11,2014
"Teddy Bridgewater",8667,"QB","MIN",1,14,7.1,0,18,0,0,28.6,35.7,100,0,0,0,1,4,5,14,14,0,1,3,0,1,7.1,21.4,0,0,7.1,11,2014
"Kyle Orton",2323,"QB","BUF",1,13,15.4,0,4,0,0,15.4,30.8,76.9,23.1,0,0,2,2,4,13,10,3,3,2,0,0,23.1,15.4,0,0,0,11,2014
"Matthew Stafford",4924,"QB","DET",1,13,7.7,0,11,0,0,23.1,15.4,76.9,15.4,0,1,1,3,2,13,10,2,2,3,1,1,15.4,23.1,1,7.7,7.7,11,2014
"Jay Cutler",2956,"QB","CHI",1,12,8.3,0,6,0,0,16.7,41.7,91.7,8.3,0,0,1,2,5,12,11,1,0,4,0,1,0,33.3,0,0,8.3,11,2014
"Philip Rivers",1725,"QB","SD",1,11,0,0,27,0,0,54.5,27.3,100,0,0,0,0,6,3,11,11,0,4,2,0,0,36.4,18.2,0,0,0,11,2014
"Colin Kaepernick",6188,"QB","SF",1,11,0,0,28,0,1,45.5,0,90.9,0,0,1,0,5,0,11,10,0,1,5,1,0,9.1,45.5,0,9.1,0,11,2014
"Drew Brees",802,"QB","NO",1,10,30,0,20,0,0,10,10,100,0,0,0,3,1,1,10,10,0,1,4,0,0,10,40,0,0,0,11,2014
"Peyton Manning",327,"QB","DEN",1,10,20,0,10,0,0,10,50,100,0,0,0,2,1,5,10,10,0,1,3,0,0,10,30,0,0,0,11,2014
"Russell Wilson",7077,"QB","SEA",1,10,10,0,29,0,0,20,30,100,0,0,0,1,2,3,10,10,0,2,5,0,0,20,50,0,0,0,11,2014
"Mark Sanchez",4928,"QB","PHI",1,9,11.1,0,24,0,0,11.1,22.2,100,0,0,0,1,1,2,9,9,0,4,1,0,0,44.4,11.1,0,0,0,11,2014
"Tom Brady",698,"QB","NE",1,8,12.5,0,19,0,0,12.5,12.5,100,-12.5,0,0,1,1,1,8,8,-1,3,1,0,2,37.5,12.5,0,0,25,11,2014
"Cam Newton",6153,"QB","CAR",1,8,0,0,5,0,0,37.5,25,87.5,12.5,0,1,0,3,2,8,7,1,0,2,1,0,0,25,1,12.5,0,11,2014
"Aaron Rodgers",2241,"QB","GB",1,7,0,0,12,0,0,0,14.3,71.4,28.6,0,0,0,0,1,7,5,2,2,1,0,1,28.6,14.3,0,0,14.3,11,2014
"Derek Carr",8671,"QB","OAK",1,7,0,0,23,0,0,0,14.3,85.7,14.3,0,1,0,0,1,7,6,1,1,4,1,0,14.3,57.1,1,14.3,0,11,2014
"Zach Mettenberger",8813,"QB","TEN",1,6,33.3,0,31,0,0,66.7,16.7,100,0,0,0,2,4,1,6,6,0,0,3,0,0,0,50,0,0,0,11,2014
"Josh McCown",1085,"QB","TB",1,6,16.7,0,30,0,0,0,33.3,100,0,0,0,1,0,2,6,6,0,3,1,0,0,50,16.7,0,0,0,11,2014
"Andy Dalton",6187,"QB","CIN",1,5,0,0,7,0,0,0,20,80,20,0,0,0,0,1,5,4,1,0,3,0,0,0,60,0,0,0,11,2014
"Shaun Hill",1255,"QB","SL",1,5,20,0,26,0,0,0,40,100,0,0,0,1,0,2,5,5,0,0,2,0,0,0,40,0,0,0,11,2014
"Drew Stanton",3659,"QB","ARZ",1,4,25,0,1,0,0,75,25,100,0,0,0,1,3,1,4,4,0,0,0,0,0,0,0,0,0,0,11,2014
"Alex Smith",2218,"QB","KC",1,3,0,0,16,0,0,33.3,33.3,100,0,0,0,0,1,1,3,3,0,1,0,0,0,33.3,0,0,0,0,11,2014
"Ryan Mallett",6226,"QB","HST",1,2,0,0,13,0,0,0,50,100,0,0,0,0,0,1,2,2,0,0,1,0,0,0,50,0,0,0,11,2014
"Matt Flynn",4523,"QB","GB",1,1,0,0,12,0,0,100,0,100,0,0,0,0,1,0,1,1,0,0,0,0,0,0,0,0,0,0,11,2014
"Josh McCown",1085,"QB","TB",1,24,25,0,30,1,0,12.5,25,91.7,4.2,0,1,6,3,6,24,22,1,6,2,1,1,25,8.3,0,4.2,4.2,12,2014
"Drew Brees",802,"QB","NO",1,19,21.1,0,20,0,0,0,36.8,100,0,0,0,4,0,7,19,19,0,7,5,0,1,36.8,26.3,0,0,5.3,12,2014
"Zach Mettenberger",8813,"QB","TEN",1,17,11.8,0,31,0,0,35.3,23.5,94.1,5.9,0,0,2,6,4,17,16,1,3,4,0,0,17.6,23.5,0,0,0,12,2014
"Matthew Stafford",4924,"QB","DET",1,13,0,0,11,0,0,7.7,30.8,84.6,7.7,0,0,0,1,4,13,11,1,5,4,0,1,38.5,30.8,0,0,7.7,12,2014
"Matt Ryan",4317,"QB","ATL",1,12,16.7,0,2,1,0,8.3,33.3,91.7,0,0,2,2,1,4,12,11,0,2,2,2,1,16.7,16.7,1,16.7,8.3,12,2014
"Teddy Bridgewater",8667,"QB","MIN",1,12,16.7,0,18,0,0,25,25,100,0,0,0,2,3,3,12,12,0,2,3,0,0,16.7,25,0,0,0,12,2014
"Ryan Tannehill",7014,"QB","MIA",1,11,9.1,0,17,0,0,18.2,18.2,100,0,0,0,1,2,2,11,11,0,2,5,0,0,18.2,45.5,0,0,0,12,2014
"Eli Manning",1722,"QB","NYG",1,11,9.1,0,21,0,1,18.2,27.3,90.9,0,0,1,1,2,3,11,10,0,1,6,1,0,9.1,54.5,0,9.1,0,12,2014
"Russell Wilson",7077,"QB","SEA",1,10,0,0,29,0,0,30,0,80,10,0,2,0,3,0,10,8,1,2,2,2,2,20,20,2,20,20,12,2014
"Colin Kaepernick",6188,"QB","SF",1,10,30,0,28,0,0,10,10,70,30,0,0,3,1,1,10,7,3,0,3,0,0,0,30,0,0,0,12,2014
"Ryan Mallett",6226,"QB","HST",1,10,0,0,13,0,0,10,10,100,0,0,0,0,1,1,10,10,0,2,6,0,0,20,60,0,0,0,12,2014
"Andrew Luck",7007,"QB","IND",1,10,10,0,14,0,0,20,20,90,0,0,1,1,2,2,10,9,0,4,1,1,1,40,10,1,10,10,12,2014
"Kyle Orton",2323,"QB","BUF",1,9,22.2,0,4,1,0,22.2,22.2,88.9,0,0,2,2,2,2,9,8,0,1,2,2,0,11.1,22.2,1,22.2,0,12,2014
"Drew Stanton",3659,"QB","ARZ",1,9,22.2,0,1,0,0,11.1,11.1,100,0,0,0,2,1,1,9,9,0,2,3,0,0,22.2,33.3,0,0,0,12,2014
"Shaun Hill",1255,"QB","SL",1,9,0,0,26,1,0,11.1,66.7,77.8,11.1,0,1,0,1,6,9,7,1,0,1,1,0,0,11.1,0,11.1,0,12,2014
"Brian Hoyer",5277,"QB","CLV",1,9,22.2,0,8,0,0,0,22.2,88.9,11.1,0,0,2,0,2,9,8,1,2,3,0,0,22.2,33.3,0,0,0,12,2014
"Robert Griffin III",7008,"QB","WAS",1,9,22.2,0,32,0,0,0,22.2,100,0,0,0,2,0,2,9,9,0,1,2,0,3,11.1,22.2,0,0,33.3,12,2014
"Alex Smith",2218,"QB","KC",1,9,0,0,16,0,1,44.4,11.1,88.9,0,0,1,0,4,1,9,8,0,1,2,1,0,11.1,22.2,0,11.1,0,12,2014
"Michael Vick",773,"QB","NYJ",1,9,0,0,22,1,0,22.2,22.2,77.8,0,0,3,0,2,2,9,7,0,1,2,3,2,11.1,22.2,2,33.3,22.2,12,2014
"Derek Carr",8671,"QB","OAK",1,8,0,0,23,0,0,12.5,12.5,100,0,0,0,0,1,1,8,8,0,1,6,0,1,12.5,75,0,0,12.5,12,2014
"Philip Rivers",1725,"QB","SD",1,8,0,0,27,0,1,25,25,75,0,0,2,0,2,2,8,6,0,2,2,2,0,25,25,1,25,0,12,2014
"Tony Romo",1693,"QB","DAL",1,8,0,0,9,0,2,25,25,75,0,0,3,0,2,2,8,6,0,1,2,3,0,12.5,25,1,37.5,0,12,2014
"Blake Bortles",8638,"QB","JAX",1,8,12.5,0,15,0,0,12.5,12.5,62.5,12.5,0,1,1,1,1,8,5,1,2,1,1,1,25,12.5,1,12.5,12.5,12,2014
"Tom Brady",698,"QB","NE",1,8,0,0,19,0,0,50,0,100,0,0,0,0,4,0,8,8,0,2,2,0,0,25,25,0,0,0,12,2014
"Mark Sanchez",4928,"QB","PHI",1,7,28.6,0,24,0,0,28.6,14.3,100,0,0,0,2,2,1,7,7,0,3,1,0,0,42.9,14.3,0,0,0,12,2014
"Joe Flacco",4332,"QB","BLT",1,5,20,0,3,1,0,20,40,80,0,0,1,1,1,2,5,4,0,0,0,1,0,0,0,0,20,0,12,2014
"Aaron Rodgers",2241,"QB","GB",1,5,20,0,12,0,0,0,20,60,20,0,1,1,0,1,5,3,1,0,1,1,0,0,20,1,20,0,12,2014
"Jay Cutler",2956,"QB","CHI",1,5,0,0,6,0,0,20,20,80,20,0,0,0,1,1,5,4,1,1,1,0,0,20,20,0,0,0,12,2014
"Andy Dalton",6187,"QB","CIN",1,4,25,0,7,0,0,0,25,100,0,0,0,1,0,1,4,4,0,0,2,0,0,0,50,0,0,0,12,2014
"Geno Smith",7820,"QB","NYJ",1,3,0,0,22,0,0,33.3,0,66.7,0,0,1,0,1,0,3,2,0,0,1,1,0,0,33.3,1,33.3,0,12,2014
"Peyton Manning",327,"QB","DEN",1,1,0,0,10,0,0,0,0,0,100,0,0,0,0,0,1,0,1,0,0,0,0,0,0,0,0,0,12,2014
"Jay Cutler",2956,"QB","CHI",1,16,6.3,0,6,0,0,31.3,43.8,93.8,6.3,0,0,1,5,7,16,15,1,0,4,0,0,0,25,0,0,0,13,2014
"Alex Smith",2218,"QB","KC",1,15,6.7,0,16,0,0,13.3,26.7,93.3,0,0,1,1,2,4,15,14,0,2,8,1,0,13.3,53.3,1,6.7,0,13,2014
"Ben Roethlisberger",1732,"QB","PIT",1,15,0,0,25,0,0,13.3,20,93.3,6.7,0,0,0,2,3,15,14,1,3,8,0,0,20,53.3,0,0,0,13,2014
"Colt McCoy",5609,"QB","WAS",1,15,13.3,0,32,0,0,20,6.7,80,13.3,0,1,2,3,1,15,12,2,3,5,1,1,20,33.3,1,6.7,6.7,13,2014
"Eli Manning",1722,"QB","NYG",1,13,30.8,0,21,0,0,15.4,23.1,100,-7.7,0,1,4,2,3,13,13,-1,3,6,1,1,23.1,46.2,1,7.7,7.7,13,2014
"Russell Wilson",7077,"QB","SEA",1,13,7.7,0,29,0,1,0,7.7,69.2,15.4,0,3,1,0,1,13,9,2,2,4,3,1,15.4,30.8,2,23.1,7.7,13,2014
"Andy Dalton",6187,"QB","CIN",1,12,16.7,0,7,0,0,25,0,75,16.7,0,1,2,3,0,12,9,2,3,3,1,0,25,25,1,8.3,0,13,2014
"Tom Brady",698,"QB","NE",1,11,18.2,0,19,0,0,63.6,18.2,100,0,0,0,2,7,2,11,11,0,2,2,0,1,18.2,18.2,0,0,9.1,13,2014
"Ryan Tannehill",7014,"QB","MIA",1,11,27.3,0,17,0,2,27.3,0,81.8,0,0,2,3,3,0,11,9,0,2,4,2,0,18.2,36.4,0,18.2,0,13,2014
"Tony Romo",1693,"QB","DAL",1,10,20,0,9,0,0,50,10,90,10,0,1,2,5,1,10,9,1,0,2,1,0,0,20,1,10,0,13,2014
"Cam Newton",6153,"QB","CAR",1,10,50,0,5,0,0,10,40,100,0,0,1,5,1,4,10,10,0,3,1,1,0,30,10,1,10,0,13,2014
"Philip Rivers",1725,"QB","SD",1,10,10,0,27,0,0,20,20,100,0,0,0,1,2,2,10,10,0,2,5,0,0,20,50,0,0,0,13,2014
"Colin Kaepernick",6188,"QB","SF",1,10,20,0,28,0,0,30,20,90,10,0,1,2,3,2,10,9,1,1,3,1,0,10,30,1,10,0,13,2014
"Blake Bortles",8638,"QB","JAX",1,10,20,0,15,0,0,20,10,70,30,0,0,2,2,1,10,7,3,0,2,0,0,0,20,0,0,0,13,2014
"Geno Smith",7820,"QB","NYJ",1,9,0,0,22,0,0,11.1,0,55.6,44.4,0,0,0,1,0,9,5,4,0,3,0,1,0,33.3,0,0,11.1,13,2014
"Andrew Luck",7007,"QB","IND",1,9,22.2,0,14,1,0,11.1,0,88.9,0,0,1,2,1,0,9,8,0,0,5,1,0,0,55.6,0,11.1,0,13,2014
"Derek Carr",8671,"QB","OAK",1,9,0,0,23,0,0,22.2,33.3,88.9,11.1,0,0,0,2,3,9,8,1,3,1,0,1,33.3,11.1,0,0,11.1,13,2014
"Drew Stanton",3659,"QB","ARZ",1,8,75,0,1,0,0,12.5,12.5,100,0,0,0,6,1,1,8,8,0,1,1,0,0,12.5,12.5,0,0,0,13,2014
"Zach Mettenberger",8813,"QB","TEN",1,7,0,0,31,0,0,14.3,71.4,85.7,14.3,0,0,0,1,5,7,6,1,0,0,0,0,0,0,0,0,0,13,2014
"Josh McCown",1085,"QB","TB",1,7,42.9,0,30,0,0,14.3,0,100,0,0,0,3,1,0,7,7,0,3,1,0,0,42.9,14.3,0,0,0,13,2014
"Aaron Rodgers",2241,"QB","GB",1,7,14.3,0,12,0,0,0,42.9,71.4,14.3,0,2,1,0,3,7,5,1,1,1,2,0,14.3,14.3,2,28.6,0,13,2014
"Matt Ryan",4317,"QB","ATL",1,7,42.9,0,2,0,0,28.6,14.3,100,0,0,0,3,2,1,7,7,0,0,2,0,0,0,28.6,0,0,0,13,2014
"Joe Flacco",4332,"QB","BLT",1,7,14.3,0,3,0,0,0,57.1,85.7,0,0,0,1,0,4,7,6,0,2,1,0,1,28.6,14.3,0,0,14.3,13,2014
"Matthew Stafford",4924,"QB","DET",1,7,14.3,0,11,0,0,28.6,0,71.4,0,0,1,1,2,0,7,5,0,2,0,1,2,28.6,0,1,14.3,28.6,13,2014
"Brian Hoyer",5277,"QB","CLV",1,7,57.1,0,8,0,0,0,28.6,100,0,0,0,4,0,2,7,7,0,0,3,0,0,0,42.9,0,0,0,13,2014
"Jake Locker",6160,"QB","TEN",1,7,0,0,31,0,0,14.3,42.9,100,0,0,0,0,1,3,7,7,0,0,3,0,0,0,42.9,0,0,0,13,2014
"Peyton Manning",327,"QB","DEN",1,7,14.3,0,10,0,0,0,28.6,100,-14.3,0,0,1,0,2,7,7,-1,1,3,0,1,14.3,42.9,0,0,14.3,13,2014
"Teddy Bridgewater",8667,"QB","MIN",1,6,0,0,18,0,1,0,0,66.7,0,0,2,0,0,0,6,4,0,1,3,2,1,16.7,50,1,33.3,16.7,13,2014
"Mark Sanchez",4928,"QB","PHI",1,5,40,0,24,0,0,20,20,100,0,0,0,2,1,1,5,5,0,1,1,0,1,20,20,0,0,20,13,2014
"Ryan Fitzpatrick",2467,"QB","HST",1,4,50,0,13,0,1,0,0,75,0,0,1,2,0,0,4,3,0,0,1,1,0,0,25,0,25,0,13,2014
"Matt Schaub",1811,"QB","OAK",1,4,0,0,23,0,1,25,25,75,0,0,1,0,1,1,4,3,0,1,1,1,0,25,25,0,25,0,13,2014
"Drew Brees",802,"QB","NO",1,4,25,0,20,0,0,50,0,75,25,0,0,1,2,0,4,3,1,0,0,0,0,0,0,0,0,0,13,2014
"Shaun Hill",1255,"QB","SL",1,3,33.3,0,26,0,0,0,0,100,0,0,0,1,0,0,3,3,0,1,1,0,0,33.3,33.3,0,0,0,13,2014
"Kyle Orton",2323,"QB","BUF",1,3,33.3,0,4,0,0,0,66.7,100,0,0,0,1,0,2,3,3,0,0,0,0,0,0,0,0,0,0,13,2014
"Johnny Manziel",8657,"QB","CLV",1,1,0,0,8,1,0,0,0,0,0,0,1,0,0,0,1,0,0,0,0,1,0,0,0,0,100,0,13,2014
"Drew Brees",802,"QB","NO",1,18,0,0,20,0,0,11.1,44.4,88.9,11.1,0,0,0,2,8,18,16,2,2,5,0,0,11.1,27.8,0,0,0,14,2014
"Ryan Tannehill",7014,"QB","MIA",1,17,17.6,0,17,0,0,17.6,23.5,94.1,0,0,1,3,3,4,17,16,0,6,6,1,0,35.3,35.3,1,5.9,0,14,2014
"Alex Smith",2218,"QB","KC",1,16,12.5,0,16,0,1,37.5,6.3,87.5,0,0,2,2,6,1,16,14,0,4,4,2,0,25,25,1,12.5,0,14,2014
"Andrew Luck",7007,"QB","IND",1,16,25,0,14,0,0,31.3,12.5,87.5,6.3,0,0,4,5,2,16,14,1,4,3,0,1,25,18.8,0,0,6.3,14,2014
"Russell Wilson",7077,"QB","SEA",1,15,6.7,0,29,1,2,6.7,26.7,80,0,0,4,1,1,4,15,12,0,3,5,4,1,20,33.3,1,26.7,6.7,14,2014
"Philip Rivers",1725,"QB","SD",1,14,21.4,0,27,0,2,14.3,28.6,85.7,0,0,2,3,2,4,14,12,0,1,2,2,0,7.1,14.3,0,14.3,0,14,2014
"Josh McCown",1085,"QB","TB",1,14,7.1,0,30,0,1,0,35.7,71.4,14.3,0,2,1,0,5,14,10,2,3,2,2,1,21.4,14.3,1,14.3,7.1,14,2014
"Kyle Orton",2323,"QB","BUF",1,13,15.4,0,4,0,0,23.1,15.4,69.2,15.4,0,1,2,3,2,13,9,2,1,2,1,1,7.7,15.4,1,7.7,7.7,14,2014
"Teddy Bridgewater",8667,"QB","MIN",1,12,16.7,0,18,0,0,25,25,91.7,8.3,0,0,2,3,3,12,11,1,1,2,0,0,8.3,16.7,0,0,0,14,2014
"Colt McCoy",5609,"QB","WAS",1,12,8.3,0,32,0,0,16.7,16.7,75,25,0,0,1,2,2,12,9,3,1,5,0,0,8.3,41.7,0,0,0,14,2014
"Colin Kaepernick",6188,"QB","SF",1,10,40,0,28,0,0,30,10,90,10,0,0,4,3,1,10,9,1,0,1,0,0,0,10,0,0,0,14,2014
"Aaron Rodgers",2241,"QB","GB",1,9,11.1,0,12,0,0,22.2,44.4,100,0,0,0,1,2,4,9,9,0,2,1,0,0,22.2,11.1,0,0,0,14,2014
"Matt Ryan",4317,"QB","ATL",1,9,33.3,0,2,0,1,11.1,0,77.8,0,0,2,3,1,0,9,7,0,3,1,2,0,33.3,11.1,1,22.2,0,14,2014
"Ben Roethlisberger",1732,"QB","PIT",1,9,22.2,0,25,0,0,22.2,11.1,100,0,0,0,2,2,1,9,9,0,1,4,0,1,11.1,44.4,0,0,11.1,14,2014
"Shaun Hill",1255,"QB","SL",1,8,25,0,26,0,0,0,12.5,75,12.5,0,1,2,0,1,8,6,1,0,3,1,0,0,37.5,1,12.5,0,14,2014
"Eli Manning",1722,"QB","NYG",1,8,0,0,21,0,0,25,0,100,0,0,0,0,2,0,8,8,0,3,3,0,1,37.5,37.5,0,0,12.5,14,2014
"Mark Sanchez",4928,"QB","PHI",1,8,12.5,0,24,0,0,0,0,87.5,12.5,0,0,1,0,0,8,7,1,3,4,0,0,37.5,50,0,0,0,14,2014
"Tom Brady",698,"QB","NE",1,8,25,0,19,0,0,25,37.5,100,0,0,0,2,2,3,8,8,0,2,1,0,0,25,12.5,0,0,0,14,2014
"Andy Dalton",6187,"QB","CIN",1,7,28.6,0,7,0,0,0,14.3,100,0,0,0,2,0,1,7,7,0,1,3,0,1,14.3,42.9,0,0,14.3,14,2014
"Drew Stanton",3659,"QB","ARZ",1,7,28.6,0,1,0,0,0,14.3,100,0,0,0,2,0,1,7,7,0,1,3,0,0,14.3,42.9,0,0,0,14,2014
"Derek Carr",8671,"QB","OAK",1,7,14.3,0,23,0,0,0,28.6,85.7,0,0,1,1,0,2,7,6,0,1,1,1,1,14.3,14.3,1,14.3,14.3,14,2014
"Geno Smith",7820,"QB","NYJ",1,7,14.3,0,22,0,0,14.3,42.9,100,0,0,0,1,1,3,7,7,0,1,0,0,2,14.3,0,0,0,28.6,14,2014
"Cam Newton",6153,"QB","CAR",1,7,28.6,0,5,0,0,14.3,57.1,85.7,14.3,0,0,2,1,4,7,6,1,0,0,0,1,0,0,0,0,14.3,14,2014
"Blake Bortles",8638,"QB","JAX",1,7,0,0,15,0,1,0,28.6,57.1,0,0,3,0,0,2,7,4,0,0,2,3,0,0,28.6,2,42.9,0,14,2014
"Zach Mettenberger",8813,"QB","TEN",1,7,14.3,0,31,0,0,28.6,42.9,100,0,0,0,1,2,3,7,7,0,0,2,0,0,0,28.6,0,0,0,14,2014
"Matthew Stafford",4924,"QB","DET",1,6,0,0,11,0,0,0,0,83.3,16.7,0,0,0,0,0,6,5,1,1,2,0,2,16.7,33.3,0,0,33.3,14,2014
"Tony Romo",1693,"QB","DAL",1,6,0,0,9,1,1,16.7,0,50,16.7,0,2,0,1,0,6,3,1,1,2,2,0,16.7,33.3,0,33.3,0,14,2014
"Ryan Fitzpatrick",2467,"QB","HST",1,6,16.7,0,13,0,0,33.3,0,100,0,0,0,1,2,0,6,6,0,1,2,0,0,16.7,33.3,0,0,0,14,2014
"Jay Cutler",2956,"QB","CHI",1,6,16.7,0,6,0,0,16.7,33.3,100,0,0,0,1,1,2,6,6,0,2,1,0,0,33.3,16.7,0,0,0,14,2014
"Joe Flacco",4332,"QB","BLT",1,6,16.7,0,3,0,0,0,16.7,83.3,16.7,0,0,1,0,1,6,5,1,2,1,0,1,33.3,16.7,0,0,16.7,14,2014
"Jake Locker",6160,"QB","TEN",1,5,0,0,31,0,0,0,60,100,0,0,0,0,0,3,5,5,0,0,3,0,0,0,60,0,0,0,14,2014
"Brian Hoyer",5277,"QB","CLV",1,4,25,0,8,0,0,25,25,100,0,0,0,1,1,1,4,4,0,0,1,0,1,0,25,0,0,25,14,2014
"Peyton Manning",327,"QB","DEN",1,2,0,0,10,0,0,0,0,100,0,0,0,0,0,0,2,2,0,1,1,0,0,50,50,0,0,0,14,2014
"Robert Griffin III",7008,"QB","WAS",1,1,0,0,32,0,0,0,0,100,0,0,0,0,0,0,1,1,0,1,0,0,0,100,0,0,0,0,14,2014
"Denard Robinson",7917,"HB","JAX",1,1,0,0,15,0,0,0,0,100,0,0,0,0,0,0,1,1,0,0,1,0,0,0,100,0,0,0,14,2014
"Jason Campbell",2242,"QB","CIN",1,1,0,0,7,0,0,0,100,100,0,0,0,0,0,1,1,1,0,0,0,0,0,0,0,0,0,0,14,2014
"Derek Carr",8671,"QB","OAK",1,20,5,0,23,0,0,10,45,95,0,0,1,1,2,9,20,19,0,3,6,1,0,15,30,1,5,0,15,2014
"Andrew Luck",7007,"QB","IND",1,19,15.8,0,14,0,0,31.6,5.3,94.7,5.3,0,0,3,6,1,19,18,1,5,6,0,0,26.3,31.6,0,0,0,15,2014
"Ryan Tannehill",7014,"QB","MIA",1,17,23.5,0,17,0,0,0,52.9,100,0,0,0,4,0,9,17,17,0,1,5,0,0,5.9,29.4,0,0,0,15,2014
"Jay Cutler",2956,"QB","CHI",1,16,12.5,0,6,0,1,12.5,18.8,87.5,12.5,0,2,2,2,3,16,14,2,2,4,2,2,12.5,25,1,12.5,12.5,15,2014
"Blake Bortles",8638,"QB","JAX",1,16,31.3,0,15,0,1,6.3,31.3,81.3,-6.3,0,2,5,1,5,16,13,-1,1,4,2,2,6.3,25,1,12.5,12.5,15,2014
"Josh McCown",1085,"QB","TB",1,15,0,0,30,0,0,0,6.7,73.3,20,0,0,0,0,1,15,11,3,1,11,0,1,6.7,73.3,0,0,6.7,15,2014
"Russell Wilson",7077,"QB","SEA",1,13,7.7,0,29,1,0,15.4,15.4,92.3,0,0,1,1,2,2,13,12,0,3,4,1,1,23.1,30.8,0,7.7,7.7,15,2014
"Shaun Hill",1255,"QB","SL",1,12,33.3,0,26,1,0,0,16.7,91.7,0,0,1,4,0,2,12,11,0,4,4,1,0,33.3,33.3,0,8.3,0,15,2014
"Matt Ryan",4317,"QB","ATL",1,12,33.3,0,2,0,0,0,33.3,91.7,8.3,0,0,4,0,4,12,11,1,2,1,0,1,16.7,8.3,0,0,8.3,15,2014
"Robert Griffin III",7008,"QB","WAS",1,11,0,0,32,0,0,18.2,54.5,81.8,9.1,0,1,0,2,6,11,9,1,0,1,1,1,0,9.1,1,9.1,9.1,15,2014
"Geno Smith",7820,"QB","NYJ",1,11,9.1,0,22,0,0,27.3,27.3,90.9,9.1,0,2,1,3,3,11,10,1,1,3,2,0,9.1,27.3,2,18.2,0,15,2014
"Charlie Whitehurst",3026,"QB","TEN",1,11,27.3,0,31,0,0,0,63.6,90.9,9.1,0,0,3,0,7,11,10,1,0,0,0,0,0,0,0,0,0,15,2014
"Tony Romo",1693,"QB","DAL",1,10,0,0,9,0,0,30,30,80,10,0,1,0,3,3,10,8,1,1,1,1,1,10,10,1,10,10,15,2014
"Colin Kaepernick",6188,"QB","SF",1,10,20,0,28,0,0,20,10,80,10,0,1,2,2,1,10,8,1,2,2,1,0,20,20,1,10,0,15,2014
"Tom Brady",698,"QB","NE",1,10,0,0,19,0,0,50,20,100,0,0,0,0,5,2,10,10,0,3,3,0,0,30,30,0,0,0,15,2014
"Derek Anderson",2430,"QB","CAR",1,9,11.1,0,5,0,0,33.3,0,55.6,33.3,0,1,1,3,0,9,5,3,1,0,1,0,11.1,0,1,11.1,0,15,2014
"Teddy Bridgewater",8667,"QB","MIN",1,9,11.1,0,18,0,0,22.2,33.3,100,0,0,0,1,2,3,9,9,0,1,3,0,1,11.1,33.3,0,0,11.1,15,2014
"Alex Smith",2218,"QB","KC",1,8,12.5,0,16,0,1,37.5,37.5,87.5,0,0,1,1,3,3,8,7,0,0,0,1,0,0,0,0,12.5,0,15,2014
"Aaron Rodgers",2241,"QB","GB",1,8,12.5,0,12,0,0,12.5,25,100,0,0,0,1,1,2,8,8,0,3,2,0,0,37.5,25,0,0,0,15,2014
"Kyle Orton",2323,"QB","BUF",1,8,12.5,0,4,0,0,12.5,25,75,12.5,0,1,1,1,2,8,6,1,2,1,1,0,25,12.5,1,12.5,0,15,2014
"Tom Savage",8770,"QB","HST",1,8,12.5,0,13,0,0,50,0,75,12.5,0,1,1,4,0,8,6,1,1,2,1,0,12.5,25,1,12.5,0,15,2014
"Johnny Manziel",8657,"QB","CLV",1,8,12.5,0,8,1,1,12.5,0,62.5,0,0,3,1,1,0,8,5,0,2,2,3,0,25,25,1,37.5,0,15,2014
"Andy Dalton",6187,"QB","CIN",1,7,0,0,7,0,0,0,0,71.4,28.6,0,0,0,0,0,7,5,2,0,5,0,0,0,71.4,0,0,0,15,2014
"Mark Sanchez",4928,"QB","PHI",1,7,14.3,0,24,0,0,14.3,28.6,71.4,14.3,0,1,1,1,2,7,5,1,1,0,1,1,14.3,0,1,14.3,14.3,15,2014
"Drew Brees",802,"QB","NO",1,7,0,0,20,0,0,28.6,28.6,85.7,14.3,0,0,0,2,2,7,6,1,2,0,0,0,28.6,0,0,0,0,15,2014
"Philip Rivers",1725,"QB","SD",1,7,0,0,27,0,0,42.9,14.3,85.7,14.3,0,0,0,3,1,7,6,1,2,1,0,0,28.6,14.3,0,0,0,15,2014
"Ben Roethlisberger",1732,"QB","PIT",1,7,42.9,0,25,0,0,28.6,14.3,100,0,0,0,3,2,1,7,7,0,1,1,0,1,14.3,14.3,0,0,14.3,15,2014
"Matthew Stafford",4924,"QB","DET",1,5,40,0,11,0,0,0,60,100,0,0,0,2,0,3,5,5,0,1,1,0,0,20,20,0,0,0,15,2014
"Joe Flacco",4332,"QB","BLT",1,4,50,0,3,0,0,25,0,100,0,0,0,2,1,0,4,4,0,0,2,0,0,0,50,0,0,0,15,2014
"Drew Stanton",3659,"QB","ARZ",1,4,50,0,1,0,0,25,25,100,0,0,0,2,1,1,4,4,0,1,0,0,0,25,0,0,0,0,15,2014
"Jake Locker",6160,"QB","TEN",1,4,0,0,31,0,0,0,0,75,25,0,0,0,0,0,4,3,1,0,3,0,0,0,75,0,0,0,15,2014
"Eli Manning",1722,"QB","NYG",1,3,33.3,0,21,0,0,33.3,0,100,0,0,0,1,1,0,3,3,0,0,1,0,0,0,33.3,0,0,0,15,2014
"Peyton Manning",327,"QB","DEN",1,2,0,0,10,0,0,0,100,100,0,0,0,0,0,2,2,2,0,0,0,0,0,0,0,0,0,0,15,2014
"Ryan Lindley",7174,"QB","ARZ",1,2,50,0,1,0,0,0,0,100,0,0,0,1,0,0,2,2,0,0,1,0,0,0,50,0,0,0,15,2014
"Colt McCoy",5609,"QB","WAS",1,2,0,0,32,0,0,0,0,50,50,0,0,0,0,0,2,1,1,0,1,0,0,0,50,0,0,0,15,2014
"Brock Osweiler",7059,"QB","DEN",1,1,100,0,10,0,0,0,100,100,0,0,0,1,0,1,1,1,0,0,0,0,0,0,0,0,0,0,15,2014
"Ryan Lindley",7174,"QB","ARZ",1,18,11.1,0,1,0,0,33.3,11.1,100,0,0,0,2,6,2,18,18,0,7,4,0,0,38.9,22.2,0,0,0,16,2014
"Joe Flacco",4332,"QB","BLT",1,18,5.6,0,3,0,0,16.7,22.2,83.3,16.7,0,0,1,3,4,18,15,3,0,9,0,0,0,50,0,0,0,16,2014
"Drew Brees",802,"QB","NO",1,17,0,0,20,0,0,11.8,47.1,94.1,5.9,0,0,0,2,8,17,16,1,4,5,0,0,23.5,29.4,0,0,0,16,2014
"Alex Smith",2218,"QB","KC",1,16,0,0,16,0,0,31.3,37.5,93.8,0,0,2,0,5,6,16,15,0,2,4,2,1,12.5,25,2,12.5,6.3,16,2014
"Teddy Bridgewater",8667,"QB","MIN",1,16,0,0,18,0,0,25,31.3,93.8,0,0,0,0,4,5,16,15,0,2,5,0,1,12.5,31.3,0,0,6.3,16,2014
"Philip Rivers",1725,"QB","SD",1,15,20,0,27,0,0,20,6.7,73.3,13.3,0,2,3,3,1,15,11,2,1,3,2,0,6.7,20,2,13.3,0,16,2014
"Jimmy Clausen",5573,"QB","CHI",1,15,6.7,0,6,0,1,6.7,13.3,80,13.3,0,2,1,1,2,15,12,2,3,5,2,1,20,33.3,1,13.3,6.7,16,2014
"Matthew Stafford",4924,"QB","DET",1,14,35.7,0,11,0,1,14.3,21.4,92.9,-7.1,0,1,5,2,3,14,13,-1,2,4,1,1,14.3,28.6,0,7.1,7.1,16,2014
"Robert Griffin III",7008,"QB","WAS",1,13,15.4,0,32,1,0,7.7,38.5,92.3,7.7,0,1,2,1,5,13,12,1,2,2,1,1,15.4,15.4,0,7.7,7.7,16,2014
"Kyle Orton",2323,"QB","BUF",1,13,15.4,0,4,1,0,15.4,0,92.3,0,0,1,2,2,0,13,12,0,3,7,1,0,23.1,53.8,0,7.7,0,16,2014
"Josh McCown",1085,"QB","TB",1,12,8.3,0,30,0,0,8.3,25,91.7,0,0,0,1,1,3,12,11,0,4,3,0,1,33.3,25,0,0,8.3,16,2014
"Tom Brady",698,"QB","NE",1,12,16.7,0,19,0,0,25,16.7,83.3,16.7,0,0,2,3,2,12,10,2,3,2,0,0,25,16.7,0,0,0,16,2014
"Charlie Whitehurst",3026,"QB","TEN",1,12,16.7,0,31,0,1,16.7,33.3,91.7,0,0,1,2,2,4,12,11,0,2,3,1,0,16.7,25,0,8.3,0,16,2014
"Ryan Tannehill",7014,"QB","MIA",1,12,33.3,0,17,0,0,8.3,50,100,0,0,0,4,1,6,12,12,0,2,3,0,0,16.7,25,0,0,0,16,2014
"Peyton Manning",327,"QB","DEN",1,11,0,0,10,0,0,18.2,36.4,100,0,0,0,0,2,4,11,11,0,1,5,0,0,9.1,45.5,0,0,0,16,2014
"Mark Sanchez",4928,"QB","PHI",1,11,18.2,0,24,0,0,0,18.2,100,0,0,0,2,0,2,11,11,0,1,6,0,0,9.1,54.5,0,0,0,16,2014
"Derek Carr",8671,"QB","OAK",1,9,11.1,0,23,0,0,22.2,11.1,77.8,22.2,0,0,1,2,1,9,7,2,4,2,0,0,44.4,22.2,0,0,0,16,2014
"Geno Smith",7820,"QB","NYJ",1,9,33.3,0,22,0,0,11.1,22.2,88.9,11.1,0,0,3,1,2,9,8,1,1,1,0,0,11.1,11.1,0,0,0,16,2014
"Case Keenum",7323,"QB","HST",1,9,22.2,0,13,1,0,0,22.2,77.8,11.1,0,1,2,0,2,9,7,1,1,4,1,0,11.1,44.4,0,11.1,0,16,2014
"Blake Bortles",8638,"QB","JAX",1,9,0,0,15,0,0,11.1,33.3,100,0,0,0,0,1,3,9,9,0,2,3,0,0,22.2,33.3,0,0,0,16,2014
"Cam Newton",6153,"QB","CAR",1,9,11.1,0,5,0,0,0,22.2,77.8,22.2,0,0,1,0,2,9,7,2,0,2,0,2,0,22.2,0,0,22.2,16,2014
"Shaun Hill",1255,"QB","SL",1,8,12.5,0,26,0,0,0,37.5,100,0,0,0,1,0,3,8,8,0,4,4,0,0,50,50,0,0,0,16,2014
"Andrew Luck",7007,"QB","IND",1,8,25,0,14,0,0,25,12.5,100,0,0,0,2,2,1,8,8,0,1,5,0,0,12.5,62.5,0,0,0,16,2014
"Russell Wilson",7077,"QB","SEA",1,8,50,0,29,0,0,12.5,12.5,100,0,0,0,4,1,1,8,8,0,2,1,0,0,25,12.5,0,0,0,16,2014
"Matt Ryan",4317,"QB","ATL",1,7,14.3,0,2,0,0,28.6,14.3,100,0,0,0,1,2,1,7,7,0,5,0,0,0,71.4,0,0,0,0,16,2014
"Eli Manning",1722,"QB","NYG",1,6,0,0,21,0,0,16.7,33.3,66.7,33.3,0,0,0,1,2,6,4,2,0,1,0,0,0,16.7,0,0,0,16,2014
"Ben Roethlisberger",1732,"QB","PIT",1,6,0,0,25,0,0,50,0,100,0,0,0,0,3,0,6,6,0,2,2,0,0,33.3,33.3,0,0,0,16,2014
"Colin Kaepernick",6188,"QB","SF",1,6,33.3,0,28,0,0,16.7,16.7,83.3,16.7,0,0,2,1,1,6,5,1,0,1,0,0,0,16.7,0,0,0,16,2014
"Aaron Rodgers",2241,"QB","GB",1,5,0,0,12,0,0,20,20,80,20,0,0,0,1,1,5,4,1,0,2,0,0,0,40,0,0,0,16,2014
"Brian Hoyer",5277,"QB","CLV",1,5,40,0,8,0,0,40,0,100,0,0,0,2,2,0,5,5,0,0,2,0,0,0,40,0,0,0,16,2014
"Tony Romo",1693,"QB","DAL",1,4,25,0,9,0,0,50,0,75,25,0,0,1,2,0,4,3,1,1,0,0,0,25,0,0,0,0,16,2014
"Matt Hasselbeck",408,"QB","IND",1,4,25,0,14,0,0,0,25,100,0,0,0,1,0,1,4,4,0,1,2,0,0,25,50,0,0,0,16,2014
"Johnny Manziel",8657,"QB","CLV",1,3,0,0,8,0,0,33.3,0,66.7,33.3,0,0,0,1,0,3,2,1,1,1,0,0,33.3,33.3,0,0,0,16,2014
"Andy Dalton",6187,"QB","CIN",1,3,33.3,0,7,0,0,0,33.3,100,0,0,0,1,0,1,3,3,0,1,0,0,0,33.3,0,0,0,0,16,2014
"Logan Thomas",8755,"QB","ARZ",1,1,0,0,1,0,0,0,0,100,0,0,0,0,0,0,1,1,0,1,1,0,0,100,100,0,0,0,16,2014
"Ryan Tannehill",7014,"QB","MIA",1,22,13.6,0,17,0,0,18.2,40.9,95.5,4.5,0,0,3,4,9,22,21,1,1,4,0,2,4.5,18.2,0,0,9.1,17,2014
"Matt Ryan",4317,"QB","ATL",1,20,5,0,2,0,0,40,35,95,5,0,0,1,8,7,20,19,1,4,5,0,0,20,25,0,0,0,17,2014
"Philip Rivers",1725,"QB","SD",1,14,14.3,0,27,0,0,0,7.1,85.7,7.1,0,1,2,0,1,14,12,1,2,8,1,0,14.3,57.1,1,7.1,0,17,2014
"Andy Dalton",6187,"QB","CIN",1,14,14.3,0,7,0,0,21.4,0,85.7,14.3,0,0,2,3,0,14,12,2,2,6,0,0,14.3,42.9,0,0,0,17,2014
"Charlie Whitehurst",3026,"QB","TEN",1,14,7.1,0,31,0,0,7.1,35.7,78.6,14.3,0,1,1,1,5,14,11,2,0,7,1,0,0,50,1,7.1,0,17,2014
"Shaun Hill",1255,"QB","SL",1,14,7.1,0,26,0,0,14.3,35.7,92.9,7.1,0,0,1,2,5,14,13,1,2,5,0,0,14.3,35.7,0,0,0,17,2014
"Connor Shaw",9036,"QB","CLV",1,13,38.5,0,8,0,0,7.7,38.5,100,0,0,0,5,1,5,13,13,0,3,1,0,0,23.1,7.7,0,0,0,17,2014
"Jay Cutler",2956,"QB","CHI",1,13,7.7,0,6,0,0,23.1,30.8,84.6,7.7,0,1,1,3,4,13,11,1,0,5,1,0,0,38.5,1,7.7,0,17,2014
"Matthew Stafford",4924,"QB","DET",1,13,15.4,0,11,0,0,15.4,7.7,100,0,0,1,2,2,1,13,13,0,3,6,1,0,23.1,46.2,1,7.7,0,17,2014
"Blake Bortles",8638,"QB","JAX",1,12,8.3,0,15,0,0,0,41.7,91.7,-8.3,0,1,1,0,5,12,11,-1,3,4,1,1,25,33.3,1,8.3,8.3,17,2014
"Mark Sanchez",4928,"QB","PHI",1,12,8.3,0,24,0,0,16.7,41.7,91.7,0,0,1,1,2,5,12,11,0,2,2,1,0,16.7,16.7,1,8.3,0,17,2014
"Eli Manning",1722,"QB","NYG",1,11,18.2,0,21,0,0,36.4,18.2,72.7,27.3,0,0,2,4,2,11,8,3,1,2,0,0,9.1,18.2,0,0,0,17,2014
"Joe Flacco",4332,"QB","BLT",1,10,30,0,3,0,0,10,0,70,30,0,0,3,1,0,10,7,3,2,2,0,0,20,20,0,0,0,17,2014
"Teddy Bridgewater",8667,"QB","MIN",1,10,40,0,18,0,0,10,20,100,0,0,0,4,1,2,10,10,0,3,2,0,0,30,20,0,0,0,17,2014
"Case Keenum",7323,"QB","HST",1,9,11.1,0,13,0,1,0,11.1,55.6,0,0,3,1,0,1,9,5,0,3,1,3,1,33.3,11.1,2,33.3,11.1,17,2014
"Jimmy Garoppolo",8697,"QB","NE",1,9,0,0,19,0,0,11.1,44.4,88.9,0,0,1,0,1,4,9,8,0,1,2,1,0,11.1,22.2,1,11.1,0,17,2014
"Derek Carr",8671,"QB","OAK",1,9,11.1,0,23,0,0,11.1,11.1,77.8,22.2,0,0,1,1,1,9,7,2,0,4,0,0,0,44.4,0,0,0,17,2014
"Robert Griffin III",7008,"QB","WAS",1,9,11.1,0,32,0,1,0,11.1,66.7,22.2,0,1,1,0,1,9,6,2,2,2,1,0,22.2,22.2,0,11.1,0,17,2014
"Chase Daniel",5214,"QB","KC",1,8,0,0,16,0,0,37.5,37.5,87.5,0,0,1,0,3,3,8,7,0,0,0,1,1,0,0,1,12.5,12.5,17,2014
"Kyle Orton",2323,"QB","BUF",1,8,25,0,4,0,0,25,0,75,25,0,1,2,2,0,8,6,2,2,2,1,0,25,25,1,12.5,0,17,2014
"Cam Newton",6153,"QB","CAR",1,8,12.5,0,5,0,0,12.5,12.5,62.5,37.5,0,0,1,1,1,8,5,3,1,2,0,0,12.5,25,0,0,0,17,2014
"Geno Smith",7820,"QB","NYJ",1,8,12.5,0,22,0,0,0,12.5,87.5,12.5,0,0,1,0,1,8,7,1,1,4,0,0,12.5,50,0,0,0,17,2014
"Tony Romo",1693,"QB","DAL",1,7,0,0,9,0,1,0,0,57.1,14.3,0,2,0,0,0,7,4,1,0,4,2,0,0,57.1,1,28.6,0,17,2014
"Josh McCown",1085,"QB","TB",1,7,0,0,30,0,0,14.3,42.9,85.7,14.3,0,1,0,1,3,7,6,1,0,3,1,0,0,42.9,1,14.3,0,17,2014
"Russell Wilson",7077,"QB","SEA",1,7,28.6,0,29,1,0,42.9,14.3,100,0,0,1,2,3,1,7,7,0,2,1,1,0,28.6,14.3,0,14.3,0,17,2014
"Andrew Luck",7007,"QB","IND",1,7,28.6,0,14,0,0,14.3,0,100,0,0,0,2,1,0,7,7,0,1,2,0,1,14.3,28.6,0,0,14.3,17,2014
"Peyton Manning",327,"QB","DEN",1,7,0,0,10,0,0,14.3,28.6,100,0,0,0,0,1,2,7,7,0,3,2,0,0,42.9,28.6,0,0,0,17,2014
"Drew Brees",802,"QB","NO",1,6,16.7,0,20,0,0,16.7,33.3,100,0,0,0,1,1,2,6,6,0,2,1,0,0,33.3,16.7,0,0,0,17,2014
"Aaron Rodgers",2241,"QB","GB",1,6,16.7,0,12,0,0,16.7,33.3,100,0,0,0,1,1,2,6,6,0,1,2,0,0,16.7,33.3,0,0,0,17,2014
"Tom Brady",698,"QB","NE",1,5,0,0,19,0,0,40,0,80,20,0,0,0,2,0,5,4,1,2,0,0,0,40,0,0,0,0,17,2014
"Ryan Lindley",7174,"QB","ARZ",1,5,20,0,1,0,0,20,20,100,0,0,0,1,1,1,5,5,0,0,3,0,0,0,60,0,0,0,17,2014
"Colin Kaepernick",6188,"QB","SF",1,4,0,0,28,0,0,0,25,50,50,0,0,0,0,1,4,2,2,1,0,0,0,25,0,0,0,0,17,2014
"Ben Roethlisberger",1732,"QB","PIT",1,3,0,0,25,0,0,0,0,100,0,0,0,0,0,0,3,3,0,1,2,0,0,33.3,66.7,0,0,0,17,2014
"Matt Hasselbeck",408,"QB","IND",1,1,0,0,14,0,0,0,0,100,0,0,0,0,0,0,1,1,0,0,1,0,0,0,100,0,0,0,17,2014
"Matt Flynn",4523,"QB","GB",1,1,0,0,12,0,0,0,0,100,0,0,0,0,0,0,1,1,0,0,1,0,0,0,100,0,0,0,17,2014
"Jordan Palmer",3821,"QB","TEN",1,1,0,0,31,0,0,0,0,100,0,0,0,0,0,0,1,1,0,0,0,0,1,0,0,0,0,100,17,2014
